projection_id,source_projection_id,player,team,stat,stat_raw,stat_is_canonical,line,direction,tier,more_allowed,less_allowed,main_line,alt_line,is_main,odds_type,start_time,updated_at
10106193|Jordan Walsh|PTS|STANDARD|5.5|OVER,10106193,Jordan Walsh,BOS,PTS,POINTS,1,5.5,OVER,STANDARD,1,0,5.5,0,0,standard,2026-02-24T21:10:00.000-05:00,2026-02-25T01:48:11.904000+00:00
10106193|Jordan Walsh|PTS|STANDARD|5.5|UNDER,10106193,Jordan Walsh,BOS,PTS,POINTS,1,5.5,UNDER,STANDARD,0,1,5.5,0,0,standard,2026-02-24T21:10:00.000-05:00,2026-02-25T01:48:11.904000+00:00
10077484|Jalen Suggs|FG3M|DEMON|4.5|OVER,10077484,Jalen Suggs,ORL,FG3M,3-PT MADE,1,4.5,OVER,DEMON,1,0,4.5,0,0,demon,2026-02-24T22:40:00.000-05:00,2026-02-25T01:48:08.181000+00:00
10088971|Tristan Silva|PR|STANDARD|11.5|OVER,10088971,Tristan Silva,ORL,PR,PTS+REBS,1,11.5,OVER,STANDARD,1,0,11.5,0,0,standard,2026-02-24T22:40:00.000-05:00,2026-02-25T01:48:03.886000+00:00
10088971|Tristan Silva|PR|STANDARD|11.5|UNDER,10088971,Tristan Silva,ORL,PR,PTS+REBS,1,11.5,UNDER,STANDARD,0,1,11.5,0,0,standard,2026-02-24T22:40:00.000-05:00,2026-02-25T01:48:03.886000+00:00
10099610|Neemias Queta|PR|GOBLIN|15.5|OVER,10099610,Neemias Queta,BOS,PR,PTS+REBS,1,15.5,OVER,GOBLIN,1,0,15.5,0,0,goblin,2026-02-24T21:10:00.000-05:00,2026-02-25T01:47:59.951000+00:00
10096333|Payton Pritchard|PR|GOBLIN|21.5|OVER,10096333,Payton Pritchard,BOS,PR,PTS+REBS,1,21.5,OVER,GOBLIN,1,0,21.5,0,0,goblin,2026-02-24T21:10:00.000-05:00,2026-02-25T01:47:59.926000+00:00
10100675|Neemias Queta|PR|DEMON|21.5|OVER,10100675,Neemias Queta,BOS,PR,PTS+REBS,1,21.5,OVER,DEMON,1,0,21.5,0,0,demon,2026-02-24T21:10:00.000-05:00,2026-02-25T01:47:59.900000+00:00
10090123|Payton Pritchard|PR|GOBLIN|20.5|OVER,10090123,Payton Pritchard,BOS,PR,PTS+REBS,1,20.5,OVER,GOBLIN,1,0,20.5,0,0,goblin,2026-02-24T21:10:00.000-05:00,2026-02-25T01:47:59.872000+00:00
10100674|Neemias Queta|PR|GOBLIN|13.5|OVER,10100674,Neemias Queta,BOS,PR,PTS+REBS,1,13.5,OVER,GOBLIN,1,0,13.5,0,0,goblin,2026-02-24T21:10:00.000-05:00,2026-02-25T01:47:59.846000+00:00
10089846|Payton Pritchard|PRA|GOBLIN|26.5|OVER,10089846,Payton Pritchard,BOS,PRA,PTS+REBS+ASTS,1,26.5,OVER,GOBLIN,1,0,26.5,0,0,goblin,2026-02-24T21:10:00.000-05:00,2026-02-25T01:47:59.500000+00:00
10069111|Payton Pritchard|PRA|GOBLIN|24.5|OVER,10069111,Payton Pritchard,BOS,PRA,PTS+REBS+ASTS,1,24.5,OVER,GOBLIN,1,0,24.5,0,0,goblin,2026-02-24T21:10:00.000-05:00,2026-02-25T01:47:59.465000+00:00
10069338|Collin Gillespie|REB|GOBLIN|2.5|OVER,10069338,Collin Gillespie,PHX,REB,REBOUNDS,1,2.5,OVER,GOBLIN,1,0,2.5,0,0,goblin,2026-02-24T21:10:00.000-05:00,2026-02-25T01:47:08.944000+00:00
10106016|Jevon Carter|FG3M|DEMON|2.5|OVER,10106016,Jevon Carter,ORL,FG3M,3-PT MADE,1,2.5,OVER,DEMON,1,0,2.5,0,0,demon,2026-02-24T22:40:00.000-05:00,2026-02-25T01:47:08.061000+00:00
10105062|Jalen Green|RA|STANDARD|7.5|OVER,10105062,Jalen Green,PHX,RA,REBS+ASTS,1,7.5,OVER,STANDARD,1,0,7.5,0,0,standard,2026-02-24T21:10:00.000-05:00,2026-02-25T01:47:07.914000+00:00
10105062|Jalen Green|RA|STANDARD|7.5|UNDER,10105062,Jalen Green,PHX,RA,REBS+ASTS,1,7.5,UNDER,STANDARD,0,1,7.5,0,0,standard,2026-02-24T21:10:00.000-05:00,2026-02-25T01:47:07.914000+00:00
10106015|Jevon Carter|FG3M|GOBLIN|0.5|OVER,10106015,Jevon Carter,ORL,FG3M,3-PT MADE,1,0.5,OVER,GOBLIN,1,0,0.5,0,0,goblin,2026-02-24T22:40:00.000-05:00,2026-02-25T01:47:04.598000+00:00
10071824|Derrick White|PRA|GOBLIN|25.5|OVER,10071824,Derrick White,BOS,PRA,PTS+REBS+ASTS,1,25.5,OVER,GOBLIN,1,0,25.5,0,0,goblin,2026-02-24T21:10:00.000-05:00,2026-02-25T01:46:44.873000+00:00
10090110|Derrick White|PR|GOBLIN|20.5|OVER,10090110,Derrick White,BOS,PR,PTS+REBS,1,20.5,OVER,GOBLIN,1,0,20.5,0,0,goblin,2026-02-24T21:10:00.000-05:00,2026-02-25T01:46:44.689000+00:00
10093177|Oso Ighodaro|REB|GOBLIN|4.5|OVER,10093177,Oso Ighodaro,PHX,REB,REBOUNDS,1,4.5,OVER,GOBLIN,1,0,4.5,0,0,goblin,2026-02-24T21:10:00.000-05:00,2026-02-25T01:46:40.186000+00:00
10105124|Oso Ighodaro|RA|STANDARD|6.5|OVER,10105124,Oso Ighodaro,PHX,RA,REBS+ASTS,1,6.5,OVER,STANDARD,1,0,6.5,0,0,standard,2026-02-24T21:10:00.000-05:00,2026-02-25T01:46:30.453000+00:00
10105124|Oso Ighodaro|RA|STANDARD|6.5|UNDER,10105124,Oso Ighodaro,PHX,RA,REBS+ASTS,1,6.5,UNDER,STANDARD,0,1,6.5,0,0,standard,2026-02-24T21:10:00.000-05:00,2026-02-25T01:46:30.453000+00:00
10105068|Ryan Dunn|AST|GOBLIN|0.5|OVER,10105068,Ryan Dunn,PHX,AST,ASSISTS,1,0.5,OVER,GOBLIN,1,0,0.5,0,0,goblin,2026-02-24T21:10:00.000-05:00,2026-02-25T01:46:26.310000+00:00
10089170|Jerami Grant|PA|GOBLIN|19.5|OVER,10089170,Jerami Grant,POR,PA,PTS+ASTS,1,19.5,OVER,GOBLIN,1,0,19.5,0,0,goblin,2026-02-24T22:10:00.000-05:00,2026-02-25T01:46:25.847000+00:00
10071588|Baylor Scheierman|TWO POINTERS MADE|GOBLIN|0.5|OVER,10071588,Baylor Scheierman,BOS,TWO POINTERS MADE,TWO POINTERS MADE,0,0.5,OVER,GOBLIN,1,0,0.5,0,0,goblin,2026-02-24T21:10:00.000-05:00,2026-02-25T01:46:25.820000+00:00
10089168|Jerami Grant|PA|DEMON|29.5|OVER,10089168,Jerami Grant,POR,PA,PTS+ASTS,1,29.5,OVER,DEMON,1,0,29.5,0,0,demon,2026-02-24T22:10:00.000-05:00,2026-02-25T01:46:25.804000+00:00
10091158|Jerami Grant|PA|DEMON|24.5|OVER,10091158,Jerami Grant,POR,PA,PTS+ASTS,1,24.5,OVER,DEMON,1,0,24.5,0,0,demon,2026-02-24T22:10:00.000-05:00,2026-02-25T01:46:25.711000+00:00
10089159|Donovan Clingan|PA|DEMON|19.5|OVER,10089159,Donovan Clingan,POR,PA,PTS+ASTS,1,19.5,OVER,DEMON,1,0,19.5,0,0,demon,2026-02-24T22:10:00.000-05:00,2026-02-25T01:46:25.705000+00:00
10089169|Jerami Grant|PA|DEMON|34.5|OVER,10089169,Jerami Grant,POR,PA,PTS+ASTS,1,34.5,OVER,DEMON,1,0,34.5,0,0,demon,2026-02-24T22:10:00.000-05:00,2026-02-25T01:46:25.700000+00:00
10089160|Donovan Clingan|PA|DEMON|24.5|OVER,10089160,Donovan Clingan,POR,PA,PTS+ASTS,1,24.5,OVER,DEMON,1,0,24.5,0,0,demon,2026-02-24T22:10:00.000-05:00,2026-02-25T01:46:25.685000+00:00
10089180|Scoot Henderson|PR|DEMON|24.5|OVER,10089180,Scoot Henderson,POR,PR,PTS+REBS,1,24.5,OVER,DEMON,1,0,24.5,0,0,demon,2026-02-24T22:10:00.000-05:00,2026-02-25T01:46:25.412000+00:00
10069275|Jalen Green|PR|DEMON|34.5|OVER,10069275,Jalen Green,PHX,PR,PTS+REBS,1,34.5,OVER,DEMON,1,0,34.5,0,0,demon,2026-02-24T21:10:00.000-05:00,2026-02-25T01:46:16.281000+00:00
10089011|Ryan Dunn|PR|STANDARD|11|OVER,10089011,Ryan Dunn,PHX,PR,PTS+REBS,1,11.0,OVER,STANDARD,1,0,11.0,0,0,standard,2026-02-24T21:10:00.000-05:00,2026-02-25T01:46:11.906000+00:00
10089011|Ryan Dunn|PR|STANDARD|11|UNDER,10089011,Ryan Dunn,PHX,PR,PTS+REBS,1,11.0,UNDER,STANDARD,0,1,11.0,0,0,standard,2026-02-24T21:10:00.000-05:00,2026-02-25T01:46:11.906000+00:00
10089448|Baylor Scheierman|PR|GOBLIN|11.5|OVER,10089448,Baylor Scheierman,BOS,PR,PTS+REBS,1,11.5,OVER,GOBLIN,1,0,11.5,0,0,goblin,2026-02-24T21:10:00.000-05:00,2026-02-25T01:46:08.626000+00:00
10071623|Grayson Allen|PTS|STANDARD|15|OVER,10071623,Grayson Allen,PHX,PTS,POINTS,1,15.0,OVER,STANDARD,1,0,15.0,0,0,standard,2026-02-24T21:10:00.000-05:00,2026-02-25T01:45:45.819000+00:00
10071623|Grayson Allen|PTS|STANDARD|15|UNDER,10071623,Grayson Allen,PHX,PTS,POINTS,1,15.0,UNDER,STANDARD,0,1,15.0,0,0,standard,2026-02-24T21:10:00.000-05:00,2026-02-25T01:45:45.819000+00:00
10065889|Payton Pritchard|AST|STANDARD|6|OVER,10065889,Payton Pritchard,BOS,AST,ASSISTS,1,6.0,OVER,STANDARD,1,0,6.0,0,0,standard,2026-02-24T21:10:00.000-05:00,2026-02-25T01:45:37.117000+00:00
10065889|Payton Pritchard|AST|STANDARD|6|UNDER,10065889,Payton Pritchard,BOS,AST,ASSISTS,1,6.0,UNDER,STANDARD,0,1,6.0,0,0,standard,2026-02-24T21:10:00.000-05:00,2026-02-25T01:45:37.117000+00:00
10087064|Vít Krejčí|STL|DEMON|1.5|OVER,10087064,Vít Krejčí,POR,STL,STEALS,1,1.5,OVER,DEMON,1,0,1.5,0,0,demon,2026-02-24T22:10:00.000-05:00,2026-02-25T01:45:32.087000+00:00
10071979|Sam Hauser|STL|DEMON|1.5|OVER,10071979,Sam Hauser,BOS,STL,STEALS,1,1.5,OVER,DEMON,1,0,1.5,0,0,demon,2026-02-24T21:10:00.000-05:00,2026-02-25T01:45:32.073000+00:00
10071955|Royce O'Neale|RA|STANDARD|7.5|OVER,10071955,Royce O'Neale,PHX,RA,REBS+ASTS,1,7.5,OVER,STANDARD,1,0,7.5,0,0,standard,2026-02-24T21:10:00.000-05:00,2026-02-25T01:45:27.041000+00:00
10071955|Royce O'Neale|RA|STANDARD|7.5|UNDER,10071955,Royce O'Neale,PHX,RA,REBS+ASTS,1,7.5,UNDER,STANDARD,0,1,7.5,0,0,standard,2026-02-24T21:10:00.000-05:00,2026-02-25T01:45:27.041000+00:00
10106208|Sidy Cissoko|PR|DEMON|14.5|OVER,10106208,Sidy Cissoko,POR,PR,PTS+REBS,1,14.5,OVER,DEMON,1,0,14.5,0,0,demon,2026-02-24T22:10:00.000-05:00,2026-02-25T01:45:09.531000+00:00
10106207|Sidy Cissoko|PR|DEMON|11.5|OVER,10106207,Sidy Cissoko,POR,PR,PTS+REBS,1,11.5,OVER,DEMON,1,0,11.5,0,0,demon,2026-02-24T22:10:00.000-05:00,2026-02-25T01:45:09.425000+00:00
10106206|Sidy Cissoko|PR|DEMON|9.5|OVER,10106206,Sidy Cissoko,POR,PR,PTS+REBS,1,9.5,OVER,DEMON,1,0,9.5,0,0,demon,2026-02-24T22:10:00.000-05:00,2026-02-25T01:45:09.312000+00:00
10100872|Malik Monk|BS|GOBLIN|0.5|OVER,10100872,Malik Monk,SAC,BS,BLKS+STLS,1,0.5,OVER,GOBLIN,1,0,0.5,0,0,goblin,2026-02-25T20:10:00.000-05:00,2026-02-25T01:45:07.193000+00:00
10106205|Kris Murray|PR|DEMON|13.5|OVER,10106205,Kris Murray,POR,PR,PTS+REBS,1,13.5,OVER,DEMON,1,0,13.5,0,0,demon,2026-02-24T22:10:00.000-05:00,2026-02-25T01:45:07.034000+00:00
10106204|Kris Murray|PR|DEMON|12.5|OVER,10106204,Kris Murray,POR,PR,PTS+REBS,1,12.5,OVER,DEMON,1,0,12.5,0,0,demon,2026-02-24T22:10:00.000-05:00,2026-02-25T01:45:06.912000+00:00
10106203|Kris Murray|PR|GOBLIN|8.5|OVER,10106203,Kris Murray,POR,PR,PTS+REBS,1,8.5,OVER,GOBLIN,1,0,8.5,0,0,goblin,2026-02-24T22:10:00.000-05:00,2026-02-25T01:45:06.819000+00:00
10106202|Kris Murray|PR|GOBLIN|6.5|OVER,10106202,Kris Murray,POR,PR,PTS+REBS,1,6.5,OVER,GOBLIN,1,0,6.5,0,0,goblin,2026-02-24T22:10:00.000-05:00,2026-02-25T01:45:06.710000+00:00
10106201|Kris Murray|PR|GOBLIN|7.5|OVER,10106201,Kris Murray,POR,PR,PTS+REBS,1,7.5,OVER,GOBLIN,1,0,7.5,0,0,goblin,2026-02-24T22:10:00.000-05:00,2026-02-25T01:45:06.603000+00:00
10093567|Royce O'Neale|PRA|DEMON|21.5|OVER,10093567,Royce O'Neale,PHX,PRA,PTS+REBS+ASTS,1,21.5,OVER,DEMON,1,0,21.5,0,0,demon,2026-02-24T21:10:00.000-05:00,2026-02-25T01:45:02.425000+00:00
10071901|Neemias Queta|RA|STANDARD|8.5|OVER,10071901,Neemias Queta,BOS,RA,REBS+ASTS,1,8.5,OVER,STANDARD,1,0,8.5,0,0,standard,2026-02-24T21:10:00.000-05:00,2026-02-25T01:44:57.419000+00:00
10071901|Neemias Queta|RA|STANDARD|8.5|UNDER,10071901,Neemias Queta,BOS,RA,REBS+ASTS,1,8.5,UNDER,STANDARD,0,1,8.5,0,0,standard,2026-02-24T21:10:00.000-05:00,2026-02-25T01:44:57.419000+00:00
10106196|Ryan Dunn|PA|STANDARD|8.5|OVER,10106196,Ryan Dunn,PHX,PA,PTS+ASTS,1,8.5,OVER,STANDARD,1,0,8.5,0,0,standard,2026-02-24T21:10:00.000-05:00,2026-02-25T01:44:52.820000+00:00
10106196|Ryan Dunn|PA|STANDARD|8.5|UNDER,10106196,Ryan Dunn,PHX,PA,PTS+ASTS,1,8.5,UNDER,STANDARD,0,1,8.5,0,0,standard,2026-02-24T21:10:00.000-05:00,2026-02-25T01:44:52.820000+00:00
10106195|Ryan Dunn|BS|DEMON|1.5|OVER,10106195,Ryan Dunn,PHX,BS,BLKS+STLS,1,1.5,OVER,DEMON,1,0,1.5,0,0,demon,2026-02-24T21:10:00.000-05:00,2026-02-25T01:44:52.460000+00:00
10106194|Ryan Dunn|FG3M|DEMON|2.5|OVER,10106194,Ryan Dunn,PHX,FG3M,3-PT MADE,1,2.5,OVER,DEMON,1,0,2.5,0,0,demon,2026-02-24T21:10:00.000-05:00,2026-02-25T01:44:52.205000+00:00
10083361|Derrick White|RA|GOBLIN|7.5|OVER,10083361,Derrick White,BOS,RA,REBS+ASTS,1,7.5,OVER,GOBLIN,1,0,7.5,0,0,goblin,2026-02-24T21:10:00.000-05:00,2026-02-25T01:44:49.958000+00:00
10095827|Payton Pritchard|PA|GOBLIN|23.5|OVER,10095827,Payton Pritchard,BOS,PA,PTS+ASTS,1,23.5,OVER,GOBLIN,1,0,23.5,0,0,goblin,2026-02-24T21:10:00.000-05:00,2026-02-25T01:44:45.477000+00:00
10090122|Payton Pritchard|PA|GOBLIN|22.5|OVER,10090122,Payton Pritchard,BOS,PA,PTS+ASTS,1,22.5,OVER,GOBLIN,1,0,22.5,0,0,goblin,2026-02-24T21:10:00.000-05:00,2026-02-25T01:44:45.430000+00:00
10071624|Grayson Allen|PA|STANDARD|19|OVER,10071624,Grayson Allen,PHX,PA,PTS+ASTS,1,19.0,OVER,STANDARD,1,0,19.0,0,0,standard,2026-02-24T21:10:00.000-05:00,2026-02-25T01:44:34.812000+00:00
10071624|Grayson Allen|PA|STANDARD|19|UNDER,10071624,Grayson Allen,PHX,PA,PTS+ASTS,1,19.0,UNDER,STANDARD,0,1,19.0,0,0,standard,2026-02-24T21:10:00.000-05:00,2026-02-25T01:44:34.812000+00:00
10086444|Anthony Edwards|PTS|STANDARD|28.5|OVER,10086444,Anthony Edwards,MIN,PTS,POINTS,1,28.5,OVER,STANDARD,1,0,28.5,0,0,standard,2026-02-24T22:10:00.000-05:00,2026-02-25T01:44:30.420000+00:00
10086444|Anthony Edwards|PTS|STANDARD|28.5|UNDER,10086444,Anthony Edwards,MIN,PTS,POINTS,1,28.5,UNDER,STANDARD,0,1,28.5,0,0,standard,2026-02-24T22:10:00.000-05:00,2026-02-25T01:44:30.420000+00:00
10071626|Grayson Allen|PRA|STANDARD|21.5|OVER,10071626,Grayson Allen,PHX,PRA,PTS+REBS+ASTS,1,21.5,OVER,STANDARD,1,0,21.5,0,0,standard,2026-02-24T21:10:00.000-05:00,2026-02-25T01:44:29.018000+00:00
10071626|Grayson Allen|PRA|STANDARD|21.5|UNDER,10071626,Grayson Allen,PHX,PRA,PTS+REBS+ASTS,1,21.5,UNDER,STANDARD,0,1,21.5,0,0,standard,2026-02-24T21:10:00.000-05:00,2026-02-25T01:44:29.018000+00:00
10090804|Oso Ighodaro|PA|DEMON|11.5|OVER,10090804,Oso Ighodaro,PHX,PA,PTS+ASTS,1,11.5,OVER,DEMON,1,0,11.5,0,0,demon,2026-02-24T21:10:00.000-05:00,2026-02-25T01:44:18.688000+00:00
10089456|Oso Ighodaro|PR|GOBLIN|7.5|OVER,10089456,Oso Ighodaro,PHX,PR,PTS+REBS,1,7.5,OVER,GOBLIN,1,0,7.5,0,0,goblin,2026-02-24T21:10:00.000-05:00,2026-02-25T01:44:18.672000+00:00
10089460|Oso Ighodaro|RA|GOBLIN|4.5|OVER,10089460,Oso Ighodaro,PHX,RA,REBS+ASTS,1,4.5,OVER,GOBLIN,1,0,4.5,0,0,goblin,2026-02-24T21:10:00.000-05:00,2026-02-25T01:44:18.430000+00:00
10071614|Grayson Allen|AST|STANDARD|3|OVER,10071614,Grayson Allen,PHX,AST,ASSISTS,1,3.0,OVER,STANDARD,1,0,3.0,0,0,standard,2026-02-24T21:10:00.000-05:00,2026-02-25T01:44:17.879000+00:00
10071614|Grayson Allen|AST|STANDARD|3|UNDER,10071614,Grayson Allen,PHX,AST,ASSISTS,1,3.0,UNDER,STANDARD,0,1,3.0,0,0,standard,2026-02-24T21:10:00.000-05:00,2026-02-25T01:44:17.879000+00:00
10100673|Grayson Allen|RA|GOBLIN|4.5|OVER,10100673,Grayson Allen,PHX,RA,REBS+ASTS,1,4.5,OVER,GOBLIN,1,0,4.5,0,0,goblin,2026-02-24T21:10:00.000-05:00,2026-02-25T01:44:03.424000+00:00
10102710|Keegan Murray|PRA|DEMON|23.5|OVER,10102710,Keegan Murray,SAC,PRA,PTS+REBS+ASTS,1,23.5,OVER,DEMON,1,0,23.5,0,0,demon,2026-02-25T20:10:00.000-05:00,2026-02-25T01:43:58.904000+00:00
10102787|Nique Clifford|PTS|DEMON|11.5|OVER,10102787,Nique Clifford,SAC,PTS,POINTS,1,11.5,OVER,DEMON,1,0,11.5,0,0,demon,2026-02-25T20:10:00.000-05:00,2026-02-25T01:43:33.070000+00:00
10089400|Royce O'Neale|PR|GOBLIN|11.5|OVER,10089400,Royce O'Neale,PHX,PR,PTS+REBS,1,11.5,OVER,GOBLIN,1,0,11.5,0,0,goblin,2026-02-24T21:10:00.000-05:00,2026-02-25T01:43:32.935000+00:00
10106125|Grayson Allen|REB|GOBLIN|1.5|OVER,10106125,Grayson Allen,PHX,REB,REBOUNDS,1,1.5,OVER,GOBLIN,1,0,1.5,0,0,goblin,2026-02-24T21:10:00.000-05:00,2026-02-25T01:43:17.958000+00:00
10086924|Scoot Henderson|AST|GOBLIN|3.5|OVER,10086924,Scoot Henderson,POR,AST,ASSISTS,1,3.5,OVER,GOBLIN,1,0,3.5,0,0,goblin,2026-02-24T22:10:00.000-05:00,2026-02-25T01:43:02.643000+00:00
10096864|Anthony Edwards|PA|GOBLIN|28.5|OVER,10096864,Anthony Edwards,MIN,PA,PTS+ASTS,1,28.5,OVER,GOBLIN,1,0,28.5,0,0,goblin,2026-02-24T22:10:00.000-05:00,2026-02-25T01:43:01.358000+00:00
10096874|Jaden McDaniels|PA|GOBLIN|13.5|OVER,10096874,Jaden McDaniels,MIN,PA,PTS+ASTS,1,13.5,OVER,GOBLIN,1,0,13.5,0,0,goblin,2026-02-24T22:10:00.000-05:00,2026-02-25T01:43:01.284000+00:00
10086984|Sidy Cissoko|REB|DEMON|3.5|OVER,10086984,Sidy Cissoko,POR,REB,REBOUNDS,1,3.5,OVER,DEMON,1,0,3.5,0,0,demon,2026-02-24T22:10:00.000-05:00,2026-02-25T01:43:01.127000+00:00
10102091|Jordan Walsh|PTS|GOBLIN|4.5|OVER,10102091,Jordan Walsh,BOS,PTS,POINTS,1,4.5,OVER,GOBLIN,1,0,4.5,0,0,goblin,2026-02-24T21:10:00.000-05:00,2026-02-25T01:43:01.101000+00:00
10086662|Jerami Grant|PRA|DEMON|33.5|OVER,10086662,Jerami Grant,POR,PRA,PTS+REBS+ASTS,1,33.5,OVER,DEMON,1,0,33.5,0,0,demon,2026-02-24T22:10:00.000-05:00,2026-02-25T01:43:00.959000+00:00
10087021|Toumani Camara|PRA|DEMON|27.5|OVER,10087021,Toumani Camara,POR,PRA,PTS+REBS+ASTS,1,27.5,OVER,DEMON,1,0,27.5,0,0,demon,2026-02-24T22:10:00.000-05:00,2026-02-25T01:43:00.725000+00:00
10086454|Anthony Edwards|PRA|DEMON|45.5|OVER,10086454,Anthony Edwards,MIN,PRA,PTS+REBS+ASTS,1,45.5,OVER,DEMON,1,0,45.5,0,0,demon,2026-02-24T22:10:00.000-05:00,2026-02-25T01:43:00.653000+00:00
10086453|Anthony Edwards|PRA|DEMON|43.5|OVER,10086453,Anthony Edwards,MIN,PRA,PTS+REBS+ASTS,1,43.5,OVER,DEMON,1,0,43.5,0,0,demon,2026-02-24T22:10:00.000-05:00,2026-02-25T01:43:00.394000+00:00
10086903|Rudy Gobert|PRA|DEMON|31.5|OVER,10086903,Rudy Gobert,MIN,PRA,PTS+REBS+ASTS,1,31.5,OVER,DEMON,1,0,31.5,0,0,demon,2026-02-24T22:10:00.000-05:00,2026-02-25T01:43:00.189000+00:00
10096885|Rudy Gobert|PR|DEMON|26.5|OVER,10096885,Rudy Gobert,MIN,PR,PTS+REBS,1,26.5,OVER,DEMON,1,0,26.5,0,0,demon,2026-02-24T22:10:00.000-05:00,2026-02-25T01:42:59.852000+00:00
10092656|Jerami Grant|PR|GOBLIN|22.5|OVER,10092656,Jerami Grant,POR,PR,PTS+REBS,1,22.5,OVER,GOBLIN,1,0,22.5,0,0,goblin,2026-02-24T22:10:00.000-05:00,2026-02-25T01:42:59.780000+00:00
10096878|Jerami Grant|PR|DEMON|28.5|OVER,10096878,Jerami Grant,POR,PR,PTS+REBS,1,28.5,OVER,DEMON,1,0,28.5,0,0,demon,2026-02-24T22:10:00.000-05:00,2026-02-25T01:42:59.732000+00:00
10096865|Anthony Edwards|PR|GOBLIN|30.5|OVER,10096865,Anthony Edwards,MIN,PR,PTS+REBS,1,30.5,OVER,GOBLIN,1,0,30.5,0,0,goblin,2026-02-24T22:10:00.000-05:00,2026-02-25T01:42:59.725000+00:00
10084634|Collin Gillespie|RA|GOBLIN|7.5|OVER,10084634,Collin Gillespie,PHX,RA,REBS+ASTS,1,7.5,OVER,GOBLIN,1,0,7.5,0,0,goblin,2026-02-24T21:10:00.000-05:00,2026-02-25T01:42:47.914000+00:00
10067102|Anthony Black|REB|DEMON|6.5|OVER,10067102,Anthony Black,ORL,REB,REBOUNDS,1,6.5,OVER,DEMON,1,0,6.5,0,0,demon,2026-02-24T22:40:00.000-05:00,2026-02-25T01:42:40.588000+00:00
10101927|Ryan Dunn|PR|GOBLIN|7.5|OVER,10101927,Ryan Dunn,PHX,PR,PTS+REBS,1,7.5,OVER,GOBLIN,1,0,7.5,0,0,goblin,2026-02-24T21:10:00.000-05:00,2026-02-25T01:42:33.572000+00:00
10071643|Jalen Green|TWO POINTERS MADE|GOBLIN|3.5|OVER,10071643,Jalen Green,PHX,TWO POINTERS MADE,TWO POINTERS MADE,0,3.5,OVER,GOBLIN,1,0,3.5,0,0,goblin,2026-02-24T21:10:00.000-05:00,2026-02-25T01:41:55.660000+00:00
10103629|Jordan Walsh|REB|DEMON|7.5|OVER,10103629,Jordan Walsh,BOS,REB,REBOUNDS,1,7.5,OVER,DEMON,1,0,7.5,0,0,demon,2026-02-24T21:10:00.000-05:00,2026-02-25T01:41:31.427000+00:00
10106129|Scoot Henderson|AST|STANDARD|5.5|OVER,10106129,Scoot Henderson,POR,AST,ASSISTS,1,5.5,OVER,STANDARD,1,0,5.5,0,0,standard,2026-02-24T22:10:00.000-05:00,2026-02-25T01:41:30.171000+00:00
10106129|Scoot Henderson|AST|STANDARD|5.5|UNDER,10106129,Scoot Henderson,POR,AST,ASSISTS,1,5.5,UNDER,STANDARD,0,1,5.5,0,0,standard,2026-02-24T22:10:00.000-05:00,2026-02-25T01:41:30.171000+00:00
10090155|Naz Reid|PA|GOBLIN|13.5|OVER,10090155,Naz Reid,MIN,PA,PTS+ASTS,1,13.5,OVER,GOBLIN,1,0,13.5,0,0,goblin,2026-02-24T22:10:00.000-05:00,2026-02-25T01:41:19.070000+00:00
10106014|Deandre Ayton|PA|DEMON|11.5|OVER,10106014,Deandre Ayton,LAL,PA,PTS+ASTS,1,11.5,OVER,DEMON,1,0,11.5,0,0,demon,2026-02-24T22:40:00.000-05:00,2026-02-25T01:41:18.317000+00:00
10105426|Maxime Raynaud|REB|GOBLIN|7.5|OVER,10105426,Maxime Raynaud,SAC,REB,REBOUNDS,1,7.5,OVER,GOBLIN,1,0,7.5,0,0,goblin,2026-02-25T20:10:00.000-05:00,2026-02-25T01:41:18.055000+00:00
10089251|Jrue Holiday|PA|STANDARD|25|OVER,10089251,Jrue Holiday,POR,PA,PTS+ASTS,1,25.0,OVER,STANDARD,1,0,25.0,0,0,standard,2026-02-24T22:10:00.000-05:00,2026-02-25T01:41:07.248000+00:00
10089251|Jrue Holiday|PA|STANDARD|25|UNDER,10089251,Jrue Holiday,POR,PA,PTS+ASTS,1,25.0,UNDER,STANDARD,0,1,25.0,0,0,standard,2026-02-24T22:10:00.000-05:00,2026-02-25T01:41:07.248000+00:00
10095833|Jerami Grant|BS|GOBLIN|0.5|OVER,10095833,Jerami Grant,POR,BS,BLKS+STLS,1,0.5,OVER,GOBLIN,1,0,0.5,0,0,goblin,2026-02-24T22:10:00.000-05:00,2026-02-25T01:41:00.447000+00:00
10071574|Baylor Scheierman|BS|GOBLIN|0.5|OVER,10071574,Baylor Scheierman,BOS,BS,BLKS+STLS,1,0.5,OVER,GOBLIN,1,0,0.5,0,0,goblin,2026-02-24T21:10:00.000-05:00,2026-02-25T01:41:00.435000+00:00
10065713|Desmond Bane|PA|STANDARD|24|OVER,10065713,Desmond Bane,ORL,PA,PTS+ASTS,1,24.0,OVER,STANDARD,1,0,24.0,0,0,standard,2026-02-24T22:40:00.000-05:00,2026-02-25T01:40:55.695000+00:00
10065713|Desmond Bane|PA|STANDARD|24|UNDER,10065713,Desmond Bane,ORL,PA,PTS+ASTS,1,24.0,UNDER,STANDARD,0,1,24.0,0,0,standard,2026-02-24T22:40:00.000-05:00,2026-02-25T01:40:55.695000+00:00
10084744|Baylor Scheierman|BS|DEMON|1.5|OVER,10084744,Baylor Scheierman,BOS,BS,BLKS+STLS,1,1.5,OVER,DEMON,1,0,1.5,0,0,demon,2026-02-24T21:10:00.000-05:00,2026-02-25T01:40:41.354000+00:00
10086942|Scoot Henderson|PRA|STANDARD|26|OVER,10086942,Scoot Henderson,POR,PRA,PTS+REBS+ASTS,1,26.0,OVER,STANDARD,1,0,26.0,0,0,standard,2026-02-24T22:10:00.000-05:00,2026-02-25T01:40:40.978000+00:00
10086942|Scoot Henderson|PRA|STANDARD|26|UNDER,10086942,Scoot Henderson,POR,PRA,PTS+REBS+ASTS,1,26.0,UNDER,STANDARD,0,1,26.0,0,0,standard,2026-02-24T22:10:00.000-05:00,2026-02-25T01:40:40.978000+00:00
10096868|Donovan Clingan|PR|GOBLIN|20.5|OVER,10096868,Donovan Clingan,POR,PR,PTS+REBS,1,20.5,OVER,GOBLIN,1,0,20.5,0,0,goblin,2026-02-24T22:10:00.000-05:00,2026-02-25T01:40:30.599000+00:00
10106134|Jevon Carter|PTS|DEMON|7.5|OVER,10106134,Jevon Carter,ORL,PTS,POINTS,1,7.5,OVER,DEMON,1,0,7.5,0,0,demon,2026-02-24T22:40:00.000-05:00,2026-02-25T01:40:14.238000+00:00
10096192|Ryan Dunn|PERSONAL FOULS|STANDARD|1.5|OVER,10096192,Ryan Dunn,PHX,PERSONAL FOULS,PERSONAL FOULS,0,1.5,OVER,STANDARD,1,0,1.5,0,0,standard,2026-02-24T21:10:00.000-05:00,2026-02-25T01:40:09.119000+00:00
10096192|Ryan Dunn|PERSONAL FOULS|STANDARD|1.5|UNDER,10096192,Ryan Dunn,PHX,PERSONAL FOULS,PERSONAL FOULS,0,1.5,UNDER,STANDARD,0,1,1.5,0,0,standard,2026-02-24T21:10:00.000-05:00,2026-02-25T01:40:09.119000+00:00
10095125|Grayson Allen|FANTASY SCORE|STANDARD|26.5|OVER,10095125,Grayson Allen,PHX,FANTASY SCORE,FANTASY SCORE,0,26.5,OVER,STANDARD,1,0,26.5,0,0,standard,2026-02-24T21:10:00.000-05:00,2026-02-25T01:40:02.478000+00:00
10095125|Grayson Allen|FANTASY SCORE|STANDARD|26.5|UNDER,10095125,Grayson Allen,PHX,FANTASY SCORE,FANTASY SCORE,0,26.5,UNDER,STANDARD,0,1,26.5,0,0,standard,2026-02-24T21:10:00.000-05:00,2026-02-25T01:40:02.478000+00:00
10071625|Grayson Allen|PR|STANDARD|18.5|OVER,10071625,Grayson Allen,PHX,PR,PTS+REBS,1,18.5,OVER,STANDARD,1,0,18.5,0,0,standard,2026-02-24T21:10:00.000-05:00,2026-02-25T01:39:53.782000+00:00
10071625|Grayson Allen|PR|STANDARD|18.5|UNDER,10071625,Grayson Allen,PHX,PR,PTS+REBS,1,18.5,UNDER,STANDARD,0,1,18.5,0,0,standard,2026-02-24T21:10:00.000-05:00,2026-02-25T01:39:53.782000+00:00
10095930|Moritz Wagner|STL|DEMON|1.5|OVER,10095930,Moritz Wagner,ORL,STL,STEALS,1,1.5,OVER,DEMON,1,0,1.5,0,0,demon,2026-02-24T22:40:00.000-05:00,2026-02-25T01:39:50.343000+00:00
10106135|Jevon Carter|PTS|DEMON|11.5|OVER,10106135,Jevon Carter,ORL,PTS,POINTS,1,11.5,OVER,DEMON,1,0,11.5,0,0,demon,2026-02-24T22:40:00.000-05:00,2026-02-25T01:39:41.973000+00:00
10105387|DeMar DeRozan|PRA|GOBLIN|19.5|OVER,10105387,DeMar DeRozan,SAC,PRA,PTS+REBS+ASTS,1,19.5,OVER,GOBLIN,1,0,19.5,0,0,goblin,2026-02-25T20:10:00.000-05:00,2026-02-25T01:39:29.200000+00:00
10065684|Anthony Black|REB|DEMON|5.5|OVER,10065684,Anthony Black,ORL,REB,REBOUNDS,1,5.5,OVER,DEMON,1,0,5.5,0,0,demon,2026-02-24T22:40:00.000-05:00,2026-02-25T01:38:52.227000+00:00
10088850|Moritz Wagner|PTS|GOBLIN|4.5|OVER,10088850,Moritz Wagner,ORL,PTS,POINTS,1,4.5,OVER,GOBLIN,1,0,4.5,0,0,goblin,2026-02-24T22:40:00.000-05:00,2026-02-25T01:38:36.718000+00:00
10091427|Moritz Wagner|PTS|GOBLIN|6.5|OVER,10091427,Moritz Wagner,ORL,PTS,POINTS,1,6.5,OVER,GOBLIN,1,0,6.5,0,0,goblin,2026-02-24T22:40:00.000-05:00,2026-02-25T01:38:36.644000+00:00
10099558|Jalen Suggs|PR|DEMON|20.5|OVER,10099558,Jalen Suggs,ORL,PR,PTS+REBS,1,20.5,OVER,DEMON,1,0,20.5,0,0,demon,2026-02-24T22:40:00.000-05:00,2026-02-25T01:38:36.560000+00:00
10099559|Jalen Suggs|RA|GOBLIN|6.5|OVER,10099559,Jalen Suggs,ORL,RA,REBS+ASTS,1,6.5,OVER,GOBLIN,1,0,6.5,0,0,goblin,2026-02-24T22:40:00.000-05:00,2026-02-25T01:38:36.559000+00:00
10099557|Jalen Suggs|PR|GOBLIN|12.5|OVER,10099557,Jalen Suggs,ORL,PR,PTS+REBS,1,12.5,OVER,GOBLIN,1,0,12.5,0,0,goblin,2026-02-24T22:40:00.000-05:00,2026-02-25T01:38:36.503000+00:00
10099569|Paolo Banchero|PA|DEMON|31.5|OVER,10099569,Paolo Banchero,ORL,PA,PTS+ASTS,1,31.5,OVER,DEMON,1,0,31.5,0,0,demon,2026-02-24T22:40:00.000-05:00,2026-02-25T01:38:36.445000+00:00
10099568|Paolo Banchero|PA|GOBLIN|22.5|OVER,10099568,Paolo Banchero,ORL,PA,PTS+ASTS,1,22.5,OVER,GOBLIN,1,0,22.5,0,0,goblin,2026-02-24T22:40:00.000-05:00,2026-02-25T01:38:36.355000+00:00
10091429|Paolo Banchero|PA|GOBLIN|25.5|OVER,10091429,Paolo Banchero,ORL,PA,PTS+ASTS,1,25.5,OVER,GOBLIN,1,0,25.5,0,0,goblin,2026-02-24T22:40:00.000-05:00,2026-02-25T01:38:36.322000+00:00
10096499|Luka Dončić|PA|GOBLIN|37.5|OVER,10096499,Luka Dončić,LAL,PA,PTS+ASTS,1,37.5,OVER,GOBLIN,1,0,37.5,0,0,goblin,2026-02-24T22:40:00.000-05:00,2026-02-25T01:38:36.288000+00:00
10084640|Jalen Green|TWO POINTERS ATTEMPTED|STANDARD|9.5|OVER,10084640,Jalen Green,PHX,TWO POINTERS ATTEMPTED,TWO POINTERS ATTEMPTED,0,9.5,OVER,STANDARD,1,0,9.5,0,0,standard,2026-02-24T21:10:00.000-05:00,2026-02-25T01:38:13.755000+00:00
10084640|Jalen Green|TWO POINTERS ATTEMPTED|STANDARD|9.5|UNDER,10084640,Jalen Green,PHX,TWO POINTERS ATTEMPTED,TWO POINTERS ATTEMPTED,0,9.5,UNDER,STANDARD,0,1,9.5,0,0,standard,2026-02-24T21:10:00.000-05:00,2026-02-25T01:38:13.755000+00:00
10084638|Jalen Green|FREE THROWS ATTEMPTED|DEMON|4.5|OVER,10084638,Jalen Green,PHX,FREE THROWS ATTEMPTED,FREE THROWS ATTEMPTED,0,4.5,OVER,DEMON,1,0,4.5,0,0,demon,2026-02-24T21:10:00.000-05:00,2026-02-25T01:38:13.627000+00:00
10071638|Jalen Green|PERSONAL FOULS|DEMON|1.5|OVER,10071638,Jalen Green,PHX,PERSONAL FOULS,PERSONAL FOULS,0,1.5,OVER,DEMON,1,0,1.5,0,0,demon,2026-02-24T21:10:00.000-05:00,2026-02-25T01:38:13.586000+00:00
10071589|Collin Gillespie|3-PT ATTEMPTED|STANDARD|8.5|OVER,10071589,Collin Gillespie,PHX,3-PT ATTEMPTED,3-PT ATTEMPTED,0,8.5,OVER,STANDARD,1,0,8.5,0,0,standard,2026-02-24T21:10:00.000-05:00,2026-02-25T01:38:13.528000+00:00
10071589|Collin Gillespie|3-PT ATTEMPTED|STANDARD|8.5|UNDER,10071589,Collin Gillespie,PHX,3-PT ATTEMPTED,3-PT ATTEMPTED,0,8.5,UNDER,STANDARD,0,1,8.5,0,0,standard,2026-02-24T21:10:00.000-05:00,2026-02-25T01:38:13.528000+00:00
10071595|Collin Gillespie|PERSONAL FOULS|STANDARD|1.5|OVER,10071595,Collin Gillespie,PHX,PERSONAL FOULS,PERSONAL FOULS,0,1.5,OVER,STANDARD,1,0,1.5,0,0,standard,2026-02-24T21:10:00.000-05:00,2026-02-25T01:38:13.508000+00:00
10071595|Collin Gillespie|PERSONAL FOULS|STANDARD|1.5|UNDER,10071595,Collin Gillespie,PHX,PERSONAL FOULS,PERSONAL FOULS,0,1.5,UNDER,STANDARD,0,1,1.5,0,0,standard,2026-02-24T21:10:00.000-05:00,2026-02-25T01:38:13.508000+00:00
10071717|Payton Pritchard|FG ATTEMPTED|STANDARD|18.5|OVER,10071717,Payton Pritchard,BOS,FG ATTEMPTED,FG ATTEMPTED,0,18.5,OVER,STANDARD,1,0,18.5,0,0,standard,2026-02-24T21:10:00.000-05:00,2026-02-25T01:38:13.430000+00:00
10071717|Payton Pritchard|FG ATTEMPTED|STANDARD|18.5|UNDER,10071717,Payton Pritchard,BOS,FG ATTEMPTED,FG ATTEMPTED,0,18.5,UNDER,STANDARD,0,1,18.5,0,0,standard,2026-02-24T21:10:00.000-05:00,2026-02-25T01:38:13.430000+00:00
10084155|Derrick White|FG ATTEMPTED|STANDARD|16.5|OVER,10084155,Derrick White,BOS,FG ATTEMPTED,FG ATTEMPTED,0,16.5,OVER,STANDARD,1,0,16.5,0,0,standard,2026-02-24T21:10:00.000-05:00,2026-02-25T01:38:13.321000+00:00
10084155|Derrick White|FG ATTEMPTED|STANDARD|16.5|UNDER,10084155,Derrick White,BOS,FG ATTEMPTED,FG ATTEMPTED,0,16.5,UNDER,STANDARD,0,1,16.5,0,0,standard,2026-02-24T21:10:00.000-05:00,2026-02-25T01:38:13.321000+00:00
10096190|Ryan Dunn|FREE THROWS ATTEMPTED|DEMON|0.5|OVER,10096190,Ryan Dunn,PHX,FREE THROWS ATTEMPTED,FREE THROWS ATTEMPTED,0,0.5,OVER,DEMON,1,0,0.5,0,0,demon,2026-02-24T21:10:00.000-05:00,2026-02-25T01:38:13.245000+00:00
10071692|Nikola Vučević|FG ATTEMPTED|STANDARD|11.5|OVER,10071692,Nikola Vučević,BOS,FG ATTEMPTED,FG ATTEMPTED,0,11.5,OVER,STANDARD,1,0,11.5,0,0,standard,2026-02-24T21:10:00.000-05:00,2026-02-25T01:38:13.160000+00:00
10071692|Nikola Vučević|FG ATTEMPTED|STANDARD|11.5|UNDER,10071692,Nikola Vučević,BOS,FG ATTEMPTED,FG ATTEMPTED,0,11.5,UNDER,STANDARD,0,1,11.5,0,0,standard,2026-02-24T21:10:00.000-05:00,2026-02-25T01:38:13.160000+00:00
10096188|Ryan Dunn|FG ATTEMPTED|STANDARD|6.5|OVER,10096188,Ryan Dunn,PHX,FG ATTEMPTED,FG ATTEMPTED,0,6.5,OVER,STANDARD,1,0,6.5,0,0,standard,2026-02-24T21:10:00.000-05:00,2026-02-25T01:38:13.092000+00:00
10096188|Ryan Dunn|FG ATTEMPTED|STANDARD|6.5|UNDER,10096188,Ryan Dunn,PHX,FG ATTEMPTED,FG ATTEMPTED,0,6.5,UNDER,STANDARD,0,1,6.5,0,0,standard,2026-02-24T21:10:00.000-05:00,2026-02-25T01:38:13.092000+00:00
10071601|Collin Gillespie|TWO POINTERS MADE|GOBLIN|1.5|OVER,10071601,Collin Gillespie,PHX,TWO POINTERS MADE,TWO POINTERS MADE,0,1.5,OVER,GOBLIN,1,0,1.5,0,0,goblin,2026-02-24T21:10:00.000-05:00,2026-02-25T01:38:12.858000+00:00
10071816|Collin Gillespie|PRA|GOBLIN|23.5|OVER,10071816,Collin Gillespie,PHX,PRA,PTS+REBS+ASTS,1,23.5,OVER,GOBLIN,1,0,23.5,0,0,goblin,2026-02-24T21:10:00.000-05:00,2026-02-25T01:38:12.716000+00:00
10071857|Jalen Green|PRA|GOBLIN|25.5|OVER,10071857,Jalen Green,PHX,PRA,PTS+REBS+ASTS,1,25.5,OVER,GOBLIN,1,0,25.5,0,0,goblin,2026-02-24T21:10:00.000-05:00,2026-02-25T01:38:12.639000+00:00
10072038|Grayson Allen|FREE THROWS MADE|GOBLIN|1.5|OVER,10072038,Grayson Allen,PHX,FREE THROWS MADE,FREE THROWS MADE,0,1.5,OVER,GOBLIN,1,0,1.5,0,0,goblin,2026-02-24T21:10:00.000-05:00,2026-02-25T01:38:12.468000+00:00
10096191|Ryan Dunn|FREE THROWS MADE|DEMON|0.5|OVER,10096191,Ryan Dunn,PHX,FREE THROWS MADE,FREE THROWS MADE,0,0.5,OVER,DEMON,1,0,0.5,0,0,demon,2026-02-24T21:10:00.000-05:00,2026-02-25T01:38:12.426000+00:00
10071815|Collin Gillespie|PTS|GOBLIN|13.5|OVER,10071815,Collin Gillespie,PHX,PTS,POINTS,1,13.5,OVER,GOBLIN,1,0,13.5,0,0,goblin,2026-02-24T21:10:00.000-05:00,2026-02-25T01:38:12.366000+00:00
10071856|Jalen Green|PTS|DEMON|23.5|OVER,10071856,Jalen Green,PHX,PTS,POINTS,1,23.5,OVER,DEMON,1,0,23.5,0,0,demon,2026-02-24T21:10:00.000-05:00,2026-02-25T01:38:12.349000+00:00
10096409|Ryan Dunn|STL|DEMON|1.5|OVER,10096409,Ryan Dunn,PHX,STL,STEALS,1,1.5,OVER,DEMON,1,0,1.5,0,0,demon,2026-02-24T21:10:00.000-05:00,2026-02-25T01:38:12.065000+00:00
10071817|Collin Gillespie|RA|DEMON|12.5|OVER,10071817,Collin Gillespie,PHX,RA,REBS+ASTS,1,12.5,OVER,DEMON,1,0,12.5,0,0,demon,2026-02-24T21:10:00.000-05:00,2026-02-25T01:38:11.786000+00:00
10071859|Jalen Green|RA|DEMON|9.5|OVER,10071859,Jalen Green,PHX,RA,REBS+ASTS,1,9.5,OVER,DEMON,1,0,9.5,0,0,demon,2026-02-24T21:10:00.000-05:00,2026-02-25T01:38:11.768000+00:00
10096406|Ryan Dunn|RA|DEMON|8.5|OVER,10096406,Ryan Dunn,PHX,RA,REBS+ASTS,1,8.5,OVER,DEMON,1,0,8.5,0,0,demon,2026-02-24T21:10:00.000-05:00,2026-02-25T01:38:11.631000+00:00
10105071|Ryan Dunn|RA|GOBLIN|4.5|OVER,10105071,Ryan Dunn,PHX,RA,REBS+ASTS,1,4.5,OVER,GOBLIN,1,0,4.5,0,0,goblin,2026-02-24T21:10:00.000-05:00,2026-02-25T01:38:11.625000+00:00
10071851|Grayson Allen|RA|DEMON|10.5|OVER,10071851,Grayson Allen,PHX,RA,REBS+ASTS,1,10.5,OVER,DEMON,1,0,10.5,0,0,demon,2026-02-24T21:10:00.000-05:00,2026-02-25T01:38:11.624000+00:00
10096405|Ryan Dunn|RA|DEMON|7.5|OVER,10096405,Ryan Dunn,PHX,RA,REBS+ASTS,1,7.5,OVER,DEMON,1,0,7.5,0,0,demon,2026-02-24T21:10:00.000-05:00,2026-02-25T01:38:11.609000+00:00
10096180|Ryan Dunn|FG3M|DEMON|1.5|OVER,10096180,Ryan Dunn,PHX,FG3M,3-PT MADE,1,1.5,OVER,DEMON,1,0,1.5,0,0,demon,2026-02-24T21:10:00.000-05:00,2026-02-25T01:38:11.590000+00:00
10096404|Ryan Dunn|BLOCKED SHOTS|DEMON|1.5|OVER,10096404,Ryan Dunn,PHX,BLOCKED SHOTS,BLOCKED SHOTS,0,1.5,OVER,DEMON,1,0,1.5,0,0,demon,2026-02-24T21:10:00.000-05:00,2026-02-25T01:38:11.461000+00:00
10096185|Ryan Dunn|AST|DEMON|3.5|OVER,10096185,Ryan Dunn,PHX,AST,ASSISTS,1,3.5,OVER,DEMON,1,0,3.5,0,0,demon,2026-02-24T21:10:00.000-05:00,2026-02-25T01:38:11.432000+00:00
10096184|Ryan Dunn|AST|DEMON|2.5|OVER,10096184,Ryan Dunn,PHX,AST,ASSISTS,1,2.5,OVER,DEMON,1,0,2.5,0,0,demon,2026-02-24T21:10:00.000-05:00,2026-02-25T01:38:11.319000+00:00
10071642|Jalen Green|TOV|DEMON|2.5|OVER,10071642,Jalen Green,PHX,TOV,TURNOVERS,1,2.5,OVER,DEMON,1,0,2.5,0,0,demon,2026-02-24T21:10:00.000-05:00,2026-02-25T01:38:11.067000+00:00
10071615|Grayson Allen|BS|DEMON|1.5|OVER,10071615,Grayson Allen,PHX,BS,BLKS+STLS,1,1.5,OVER,DEMON,1,0,1.5,0,0,demon,2026-02-24T21:10:00.000-05:00,2026-02-25T01:38:10.726000+00:00
10084637|Jalen Green|FG MADE|DEMON|7.5|OVER,10084637,Jalen Green,PHX,FG MADE,FG MADE,0,7.5,OVER,DEMON,1,0,7.5,0,0,demon,2026-02-24T21:10:00.000-05:00,2026-02-25T01:38:10.641000+00:00
10071616|Grayson Allen|BLOCKED SHOTS|DEMON|0.5|OVER,10071616,Grayson Allen,PHX,BLOCKED SHOTS,BLOCKED SHOTS,0,0.5,OVER,DEMON,1,0,0.5,0,0,demon,2026-02-24T21:10:00.000-05:00,2026-02-25T01:38:05.487000+00:00
10071843|Grayson Allen|PRA|DEMON|27.5|OVER,10071843,Grayson Allen,PHX,PRA,PTS+REBS+ASTS,1,27.5,OVER,DEMON,1,0,27.5,0,0,demon,2026-02-24T21:10:00.000-05:00,2026-02-25T01:37:59.994000+00:00
10071829|Derrick White|STL|DEMON|2.5|OVER,10071829,Derrick White,BOS,STL,STEALS,1,2.5,OVER,DEMON,1,0,2.5,0,0,demon,2026-02-24T21:10:00.000-05:00,2026-02-25T01:37:56.147000+00:00
10096187|Ryan Dunn|BLOCKED SHOTS|DEMON|0.5|OVER,10096187,Ryan Dunn,PHX,BLOCKED SHOTS,BLOCKED SHOTS,0,0.5,OVER,DEMON,1,0,0.5,0,0,demon,2026-02-24T21:10:00.000-05:00,2026-02-25T01:37:40.872000+00:00
10070722|Collin Gillespie|RA|DEMON|11.5|OVER,10070722,Collin Gillespie,PHX,RA,REBS+ASTS,1,11.5,OVER,DEMON,1,0,11.5,0,0,demon,2026-02-24T21:10:00.000-05:00,2026-02-25T01:37:34.219000+00:00
10070723|Collin Gillespie|RA|DEMON|14.5|OVER,10070723,Collin Gillespie,PHX,RA,REBS+ASTS,1,14.5,OVER,DEMON,1,0,14.5,0,0,demon,2026-02-24T21:10:00.000-05:00,2026-02-25T01:37:34.106000+00:00
10096194|Ryan Dunn|PRA|STANDARD|13.5|OVER,10096194,Ryan Dunn,PHX,PRA,PTS+REBS+ASTS,1,13.5,OVER,STANDARD,1,0,13.5,0,0,standard,2026-02-24T21:10:00.000-05:00,2026-02-25T01:37:22.843000+00:00
10096194|Ryan Dunn|PRA|STANDARD|13.5|UNDER,10096194,Ryan Dunn,PHX,PRA,PTS+REBS+ASTS,1,13.5,UNDER,STANDARD,0,1,13.5,0,0,standard,2026-02-24T21:10:00.000-05:00,2026-02-25T01:37:22.843000+00:00
10096181|Ryan Dunn|FG3M|GOBLIN|0.5|OVER,10096181,Ryan Dunn,PHX,FG3M,3-PT MADE,1,0.5,OVER,GOBLIN,1,0,0.5,0,0,goblin,2026-02-24T21:10:00.000-05:00,2026-02-25T01:37:20.982000+00:00
10083973|Payton Pritchard|BS|GOBLIN|0.5|OVER,10083973,Payton Pritchard,BOS,BS,BLKS+STLS,1,0.5,OVER,GOBLIN,1,0,0.5,0,0,goblin,2026-02-24T21:10:00.000-05:00,2026-02-25T01:37:11.086000+00:00
10071591|Collin Gillespie|BS|DEMON|1.5|OVER,10071591,Collin Gillespie,PHX,BS,BLKS+STLS,1,1.5,OVER,DEMON,1,0,1.5,0,0,demon,2026-02-24T21:10:00.000-05:00,2026-02-25T01:37:11.042000+00:00
10071592|Collin Gillespie|BLOCKED SHOTS|DEMON|0.5|OVER,10071592,Collin Gillespie,PHX,BLOCKED SHOTS,BLOCKED SHOTS,0,0.5,OVER,DEMON,1,0,0.5,0,0,demon,2026-02-24T21:10:00.000-05:00,2026-02-25T01:37:05.562000+00:00
10071850|Grayson Allen|RA|DEMON|9.5|OVER,10071850,Grayson Allen,PHX,RA,REBS+ASTS,1,9.5,OVER,DEMON,1,0,9.5,0,0,demon,2026-02-24T21:10:00.000-05:00,2026-02-25T01:36:59.858000+00:00
10086972|Sidy Cissoko|PTS|DEMON|7.5|OVER,10086972,Sidy Cissoko,POR,PTS,POINTS,1,7.5,OVER,DEMON,1,0,7.5,0,0,demon,2026-02-24T22:10:00.000-05:00,2026-02-25T01:36:46.322000+00:00
10071581|Baylor Scheierman|PA|STANDARD|9.5|OVER,10071581,Baylor Scheierman,BOS,PA,PTS+ASTS,1,9.5,OVER,STANDARD,1,0,9.5,0,0,standard,2026-02-24T21:10:00.000-05:00,2026-02-25T01:36:44.917000+00:00
10071581|Baylor Scheierman|PA|STANDARD|9.5|UNDER,10071581,Baylor Scheierman,BOS,PA,PTS+ASTS,1,9.5,UNDER,STANDARD,0,1,9.5,0,0,standard,2026-02-24T21:10:00.000-05:00,2026-02-25T01:36:44.917000+00:00
10083700|Grayson Allen|RA|STANDARD|6.5|OVER,10083700,Grayson Allen,PHX,RA,REBS+ASTS,1,6.5,OVER,STANDARD,1,0,6.5,0,0,standard,2026-02-24T21:10:00.000-05:00,2026-02-25T01:36:41.122000+00:00
10083700|Grayson Allen|RA|STANDARD|6.5|UNDER,10083700,Grayson Allen,PHX,RA,REBS+ASTS,1,6.5,UNDER,STANDARD,0,1,6.5,0,0,standard,2026-02-24T21:10:00.000-05:00,2026-02-25T01:36:41.122000+00:00
10071973|Sam Hauser|REB|DEMON|6.5|OVER,10071973,Sam Hauser,BOS,REB,REBOUNDS,1,6.5,OVER,DEMON,1,0,6.5,0,0,demon,2026-02-24T21:10:00.000-05:00,2026-02-25T01:36:36.447000+00:00
10094723|Grayson Allen|PTS|GOBLIN|13.5|OVER,10094723,Grayson Allen,PHX,PTS,POINTS,1,13.5,OVER,GOBLIN,1,0,13.5,0,0,goblin,2026-02-24T21:10:00.000-05:00,2026-02-25T01:36:31.910000+00:00
10071838|Grayson Allen|PTS|DEMON|21.5|OVER,10071838,Grayson Allen,PHX,PTS,POINTS,1,21.5,OVER,DEMON,1,0,21.5,0,0,demon,2026-02-24T21:10:00.000-05:00,2026-02-25T01:36:31.807000+00:00
10071634|Jalen Green|BS|GOBLIN|0.5|OVER,10071634,Jalen Green,PHX,BS,BLKS+STLS,1,0.5,OVER,GOBLIN,1,0,0.5,0,0,goblin,2026-02-24T21:10:00.000-05:00,2026-02-25T01:36:25.897000+00:00
10071635|Jalen Green|BLOCKED SHOTS|DEMON|0.5|OVER,10071635,Jalen Green,PHX,BLOCKED SHOTS,BLOCKED SHOTS,0,0.5,OVER,DEMON,1,0,0.5,0,0,demon,2026-02-24T21:10:00.000-05:00,2026-02-25T01:36:25.716000+00:00
10071587|Baylor Scheierman|TWO POINTERS ATTEMPTED|GOBLIN|1.5|OVER,10071587,Baylor Scheierman,BOS,TWO POINTERS ATTEMPTED,TWO POINTERS ATTEMPTED,0,1.5,OVER,GOBLIN,1,0,1.5,0,0,goblin,2026-02-24T21:10:00.000-05:00,2026-02-25T01:36:13.237000+00:00
10092458|Mark Williams|TWO POINTERS ATTEMPTED|DEMON|7.5|OVER,10092458,Mark Williams,PHX,TWO POINTERS ATTEMPTED,TWO POINTERS ATTEMPTED,0,7.5,OVER,DEMON,1,0,7.5,0,0,demon,2026-02-24T21:10:00.000-05:00,2026-02-25T01:36:13.056000+00:00
10089461|Royce O'Neale|PA|STANDARD|12.5|OVER,10089461,Royce O'Neale,PHX,PA,PTS+ASTS,1,12.5,OVER,STANDARD,1,0,12.5,0,0,standard,2026-02-24T21:10:00.000-05:00,2026-02-25T01:36:11.150000+00:00
10089461|Royce O'Neale|PA|STANDARD|12.5|UNDER,10089461,Royce O'Neale,PHX,PA,PTS+ASTS,1,12.5,UNDER,STANDARD,0,1,12.5,0,0,standard,2026-02-24T21:10:00.000-05:00,2026-02-25T01:36:11.150000+00:00
10102659|Dorian Finney-Smith|PRA|GOBLIN|8.5|OVER,10102659,Dorian Finney-Smith,HOU,PRA,PTS+REBS+ASTS,1,8.5,OVER,GOBLIN,1,0,8.5,0,0,goblin,2026-02-25T20:10:00.000-05:00,2026-02-25T01:36:09.805000+00:00
10105408|Kevin Durant|PA|GOBLIN|24.5|OVER,10105408,Kevin Durant,HOU,PA,PTS+ASTS,1,24.5,OVER,GOBLIN,1,0,24.5,0,0,goblin,2026-02-25T20:10:00.000-05:00,2026-02-25T01:35:49.471000+00:00
10086971|Sidy Cissoko|PTS|GOBLIN|3.5|OVER,10086971,Sidy Cissoko,POR,PTS,POINTS,1,3.5,OVER,GOBLIN,1,0,3.5,0,0,goblin,2026-02-24T22:10:00.000-05:00,2026-02-25T01:35:49.015000+00:00
10089012|Ryan Dunn|REB|STANDARD|4.5|OVER,10089012,Ryan Dunn,PHX,REB,REBOUNDS,1,4.5,OVER,STANDARD,1,0,4.5,0,0,standard,2026-02-24T21:10:00.000-05:00,2026-02-25T01:35:48.846000+00:00
10089012|Ryan Dunn|REB|STANDARD|4.5|UNDER,10089012,Ryan Dunn,PHX,REB,REBOUNDS,1,4.5,UNDER,STANDARD,0,1,4.5,0,0,standard,2026-02-24T21:10:00.000-05:00,2026-02-25T01:35:48.846000+00:00
10106099|Russell Westbrook|REB|STANDARD|3.5|OVER,10106099,Russell Westbrook,SAC,REB,REBOUNDS,1,3.5,OVER,STANDARD,1,0,3.5,0,0,standard,2026-02-25T20:10:00.000-05:00,2026-02-25T01:35:41.979000+00:00
10106099|Russell Westbrook|REB|STANDARD|3.5|UNDER,10106099,Russell Westbrook,SAC,REB,REBOUNDS,1,3.5,UNDER,STANDARD,0,1,3.5,0,0,standard,2026-02-25T20:10:00.000-05:00,2026-02-25T01:35:41.979000+00:00
10071948|Royce O'Neale|FG MADE|DEMON|3.5|OVER,10071948,Royce O'Neale,PHX,FG MADE,FG MADE,0,3.5,OVER,DEMON,1,0,3.5,0,0,demon,2026-02-24T21:10:00.000-05:00,2026-02-25T01:34:55.428000+00:00
10106170|Malik Monk|AST|DEMON|5.5|OVER,10106170,Malik Monk,SAC,AST,ASSISTS,1,5.5,OVER,DEMON,1,0,5.5,0,0,demon,2026-02-25T20:10:00.000-05:00,2026-02-25T01:34:54.290000+00:00
10089735|Marcus Smart|AST|DEMON|4.5|OVER,10089735,Marcus Smart,LAL,AST,ASSISTS,1,4.5,OVER,DEMON,1,0,4.5,0,0,demon,2026-02-24T22:40:00.000-05:00,2026-02-25T01:34:31.638000+00:00
10083705|Royce O'Neale|FG3M|STANDARD|2.5|OVER,10083705,Royce O'Neale,PHX,FG3M,3-PT MADE,1,2.5,OVER,STANDARD,1,0,2.5,0,0,standard,2026-02-24T21:10:00.000-05:00,2026-02-25T01:34:21.773000+00:00
10083705|Royce O'Neale|FG3M|STANDARD|2.5|UNDER,10083705,Royce O'Neale,PHX,FG3M,3-PT MADE,1,2.5,UNDER,STANDARD,0,1,2.5,0,0,standard,2026-02-24T21:10:00.000-05:00,2026-02-25T01:34:21.773000+00:00
10084643|Royce O'Neale|PRA|STANDARD|17.5|OVER,10084643,Royce O'Neale,PHX,PRA,PTS+REBS+ASTS,1,17.5,OVER,STANDARD,1,0,17.5,0,0,standard,2026-02-24T21:10:00.000-05:00,2026-02-25T01:34:21.540000+00:00
10084643|Royce O'Neale|PRA|STANDARD|17.5|UNDER,10084643,Royce O'Neale,PHX,PRA,PTS+REBS+ASTS,1,17.5,UNDER,STANDARD,0,1,17.5,0,0,standard,2026-02-24T21:10:00.000-05:00,2026-02-25T01:34:21.540000+00:00
10105374|Alperen Sengun|PR|DEMON|34.5|OVER,10105374,Alperen Sengun,HOU,PR,PTS+REBS,1,34.5,OVER,DEMON,1,0,34.5,0,0,demon,2026-02-25T20:10:00.000-05:00,2026-02-25T01:34:14.930000+00:00
10087056|Vít Krejčí|PTS|STANDARD|8.5|OVER,10087056,Vít Krejčí,POR,PTS,POINTS,1,8.5,OVER,STANDARD,1,0,8.5,0,0,standard,2026-02-24T22:10:00.000-05:00,2026-02-25T01:34:05.003000+00:00
10087056|Vít Krejčí|PTS|STANDARD|8.5|UNDER,10087056,Vít Krejčí,POR,PTS,POINTS,1,8.5,UNDER,STANDARD,0,1,8.5,0,0,standard,2026-02-24T22:10:00.000-05:00,2026-02-25T01:34:05.003000+00:00
10086616|Jaden McDaniels|PRA|STANDARD|21.5|OVER,10086616,Jaden McDaniels,MIN,PRA,PTS+REBS+ASTS,1,21.5,OVER,STANDARD,1,0,21.5,0,0,standard,2026-02-24T22:10:00.000-05:00,2026-02-25T01:34:04.849000+00:00
10086616|Jaden McDaniels|PRA|STANDARD|21.5|UNDER,10086616,Jaden McDaniels,MIN,PRA,PTS+REBS+ASTS,1,21.5,UNDER,STANDARD,0,1,21.5,0,0,standard,2026-02-24T22:10:00.000-05:00,2026-02-25T01:34:04.849000+00:00
10087015|Toumani Camara|PA|STANDARD|15|OVER,10087015,Toumani Camara,POR,PA,PTS+ASTS,1,15.0,OVER,STANDARD,1,0,15.0,0,0,standard,2026-02-24T22:10:00.000-05:00,2026-02-25T01:33:55.910000+00:00
10087015|Toumani Camara|PA|STANDARD|15|UNDER,10087015,Toumani Camara,POR,PA,PTS+ASTS,1,15.0,UNDER,STANDARD,0,1,15.0,0,0,standard,2026-02-24T22:10:00.000-05:00,2026-02-25T01:33:55.910000+00:00
10086741|Julius Randle|PTS|DEMON|26.5|OVER,10086741,Julius Randle,MIN,PTS,POINTS,1,26.5,OVER,DEMON,1,0,26.5,0,0,demon,2026-02-24T22:10:00.000-05:00,2026-02-25T01:33:47.643000+00:00
10086976|Sidy Cissoko|PR|STANDARD|6.5|OVER,10086976,Sidy Cissoko,POR,PR,PTS+REBS,1,6.5,OVER,STANDARD,1,0,6.5,0,0,standard,2026-02-24T22:10:00.000-05:00,2026-02-25T01:33:45.922000+00:00
10086976|Sidy Cissoko|PR|STANDARD|6.5|UNDER,10086976,Sidy Cissoko,POR,PR,PTS+REBS,1,6.5,UNDER,STANDARD,0,1,6.5,0,0,standard,2026-02-24T22:10:00.000-05:00,2026-02-25T01:33:45.922000+00:00
10099547|Austin Reaves|PA|DEMON|30.5|OVER,10099547,Austin Reaves,LAL,PA,PTS+ASTS,1,30.5,OVER,DEMON,1,0,30.5,0,0,demon,2026-02-24T22:40:00.000-05:00,2026-02-25T01:33:36.582000+00:00
10099546|Austin Reaves|PA|GOBLIN|21.5|OVER,10099546,Austin Reaves,LAL,PA,PTS+ASTS,1,21.5,OVER,GOBLIN,1,0,21.5,0,0,goblin,2026-02-24T22:40:00.000-05:00,2026-02-25T01:33:36.539000+00:00
10091425|LeBron James|PA|GOBLIN|23.5|OVER,10091425,LeBron James,LAL,PA,PTS+ASTS,1,23.5,OVER,GOBLIN,1,0,23.5,0,0,goblin,2026-02-24T22:40:00.000-05:00,2026-02-25T01:33:36.478000+00:00
10077507|Jalen Suggs|PRA|DEMON|25.5|OVER,10077507,Jalen Suggs,ORL,PRA,PTS+REBS+ASTS,1,25.5,OVER,DEMON,1,0,25.5,0,0,demon,2026-02-24T22:40:00.000-05:00,2026-02-25T01:33:36.322000+00:00
10077506|Jalen Suggs|PRA|DEMON|27.5|OVER,10077506,Jalen Suggs,ORL,PRA,PTS+REBS+ASTS,1,27.5,OVER,DEMON,1,0,27.5,0,0,demon,2026-02-24T22:40:00.000-05:00,2026-02-25T01:33:36.307000+00:00
10089324|Scoot Henderson|PR|DEMON|29.5|OVER,10089324,Scoot Henderson,POR,PR,PTS+REBS,1,29.5,OVER,DEMON,1,0,29.5,0,0,demon,2026-02-24T22:10:00.000-05:00,2026-02-25T01:33:34.047000+00:00
10086898|Rudy Gobert|PR|STANDARD|22.5|OVER,10086898,Rudy Gobert,MIN,PR,PTS+REBS,1,22.5,OVER,STANDARD,1,0,22.5,0,0,standard,2026-02-24T22:10:00.000-05:00,2026-02-25T01:33:27.014000+00:00
10086898|Rudy Gobert|PR|STANDARD|22.5|UNDER,10086898,Rudy Gobert,MIN,PR,PTS+REBS,1,22.5,UNDER,STANDARD,0,1,22.5,0,0,standard,2026-02-24T22:10:00.000-05:00,2026-02-25T01:33:27.014000+00:00
10102842|Reed Sheppard|RA|DEMON|8.5|OVER,10102842,Reed Sheppard,HOU,RA,REBS+ASTS,1,8.5,OVER,DEMON,1,0,8.5,0,0,demon,2026-02-25T20:10:00.000-05:00,2026-02-25T01:33:24.423000+00:00
10086821|Naz Reid|PA|STANDARD|15.5|OVER,10086821,Naz Reid,MIN,PA,PTS+ASTS,1,15.5,OVER,STANDARD,1,0,15.5,0,0,standard,2026-02-24T22:10:00.000-05:00,2026-02-25T01:33:11.714000+00:00
10086821|Naz Reid|PA|STANDARD|15.5|UNDER,10086821,Naz Reid,MIN,PA,PTS+ASTS,1,15.5,UNDER,STANDARD,0,1,15.5,0,0,standard,2026-02-24T22:10:00.000-05:00,2026-02-25T01:33:11.714000+00:00
10086953|Scoot Henderson|RA|STANDARD|9|OVER,10086953,Scoot Henderson,POR,RA,REBS+ASTS,1,9.0,OVER,STANDARD,1,0,9.0,0,0,standard,2026-02-24T22:10:00.000-05:00,2026-02-25T01:33:02.852000+00:00
10086953|Scoot Henderson|RA|STANDARD|9|UNDER,10086953,Scoot Henderson,POR,RA,REBS+ASTS,1,9.0,UNDER,STANDARD,0,1,9.0,0,0,standard,2026-02-24T22:10:00.000-05:00,2026-02-25T01:33:02.852000+00:00
10106020|Jevon Carter|PTS|STANDARD|5.5|OVER,10106020,Jevon Carter,ORL,PTS,POINTS,1,5.5,OVER,STANDARD,1,0,5.5,0,0,standard,2026-02-24T22:40:00.000-05:00,2026-02-25T01:33:00.716000+00:00
10106020|Jevon Carter|PTS|STANDARD|5.5|UNDER,10106020,Jevon Carter,ORL,PTS,POINTS,1,5.5,UNDER,STANDARD,0,1,5.5,0,0,standard,2026-02-24T22:40:00.000-05:00,2026-02-25T01:33:00.716000+00:00
10097197|Scoot Henderson|PA|GOBLIN|18.5|OVER,10097197,Scoot Henderson,POR,PA,PTS+ASTS,1,18.5,OVER,GOBLIN,1,0,18.5,0,0,goblin,2026-02-24T22:10:00.000-05:00,2026-02-25T01:33:00.494000+00:00
10093891|Scoot Henderson|PA|GOBLIN|20.5|OVER,10093891,Scoot Henderson,POR,PA,PTS+ASTS,1,20.5,OVER,GOBLIN,1,0,20.5,0,0,goblin,2026-02-24T22:10:00.000-05:00,2026-02-25T01:33:00.465000+00:00
10089179|Scoot Henderson|PA|DEMON|29.5|OVER,10089179,Scoot Henderson,POR,PA,PTS+ASTS,1,29.5,OVER,DEMON,1,0,29.5,0,0,demon,2026-02-24T22:10:00.000-05:00,2026-02-25T01:33:00.302000+00:00
10092470|Scoot Henderson|PA|GOBLIN|19.5|OVER,10092470,Scoot Henderson,POR,PA,PTS+ASTS,1,19.5,OVER,GOBLIN,1,0,19.5,0,0,goblin,2026-02-24T22:10:00.000-05:00,2026-02-25T01:33:00.294000+00:00
10089182|Scoot Henderson|PRA|GOBLIN|19.5|OVER,10089182,Scoot Henderson,POR,PRA,PTS+REBS+ASTS,1,19.5,OVER,GOBLIN,1,0,19.5,0,0,goblin,2026-02-24T22:10:00.000-05:00,2026-02-25T01:32:59.892000+00:00
10086941|Scoot Henderson|PRA|GOBLIN|20.5|OVER,10086941,Scoot Henderson,POR,PRA,PTS+REBS+ASTS,1,20.5,OVER,GOBLIN,1,0,20.5,0,0,goblin,2026-02-24T22:10:00.000-05:00,2026-02-25T01:32:59.868000+00:00
10086951|Scoot Henderson|RA|GOBLIN|6.5|OVER,10086951,Scoot Henderson,POR,RA,REBS+ASTS,1,6.5,OVER,GOBLIN,1,0,6.5,0,0,goblin,2026-02-24T22:10:00.000-05:00,2026-02-25T01:32:59.600000+00:00
10101935|Scoot Henderson|FG3M|DEMON|4.5|OVER,10101935,Scoot Henderson,POR,FG3M,3-PT MADE,1,4.5,OVER,DEMON,1,0,4.5,0,0,demon,2026-02-24T22:10:00.000-05:00,2026-02-25T01:32:59.583000+00:00
10089164|Donovan Clingan|PR|DEMON|39.5|OVER,10089164,Donovan Clingan,POR,PR,PTS+REBS,1,39.5,OVER,DEMON,1,0,39.5,0,0,demon,2026-02-24T22:10:00.000-05:00,2026-02-25T01:32:49.772000+00:00
10089171|Jerami Grant|PR|DEMON|29.5|OVER,10089171,Jerami Grant,POR,PR,PTS+REBS,1,29.5,OVER,DEMON,1,0,29.5,0,0,demon,2026-02-24T22:10:00.000-05:00,2026-02-25T01:32:49.755000+00:00
10089173|Jerami Grant|PR|DEMON|34.5|OVER,10089173,Jerami Grant,POR,PR,PTS+REBS,1,34.5,OVER,DEMON,1,0,34.5,0,0,demon,2026-02-24T22:10:00.000-05:00,2026-02-25T01:32:49.750000+00:00
10089187|Toumani Camara|PR|DEMON|29.5|OVER,10089187,Toumani Camara,POR,PR,PTS+REBS,1,29.5,OVER,DEMON,1,0,29.5,0,0,demon,2026-02-24T22:10:00.000-05:00,2026-02-25T01:32:49.737000+00:00
10089174|Jerami Grant|PR|GOBLIN|19.5|OVER,10089174,Jerami Grant,POR,PR,PTS+REBS,1,19.5,OVER,GOBLIN,1,0,19.5,0,0,goblin,2026-02-24T22:10:00.000-05:00,2026-02-25T01:32:49.731000+00:00
10086530|Donovan Clingan|PRA|DEMON|34.5|OVER,10086530,Donovan Clingan,POR,PRA,PTS+REBS+ASTS,1,34.5,OVER,DEMON,1,0,34.5,0,0,demon,2026-02-24T22:10:00.000-05:00,2026-02-25T01:32:49.677000+00:00
10089166|Donovan Clingan|PRA|GOBLIN|24.5|OVER,10089166,Donovan Clingan,POR,PRA,PTS+REBS+ASTS,1,24.5,OVER,GOBLIN,1,0,24.5,0,0,goblin,2026-02-24T22:10:00.000-05:00,2026-02-25T01:32:49.669000+00:00
10089252|Jrue Holiday|PA|DEMON|34.5|OVER,10089252,Jrue Holiday,POR,PA,PTS+ASTS,1,34.5,OVER,DEMON,1,0,34.5,0,0,demon,2026-02-24T22:10:00.000-05:00,2026-02-25T01:32:49.428000+00:00
10089183|Toumani Camara|PA|DEMON|19.5|OVER,10089183,Toumani Camara,POR,PA,PTS+ASTS,1,19.5,OVER,DEMON,1,0,19.5,0,0,demon,2026-02-24T22:10:00.000-05:00,2026-02-25T01:32:49.396000+00:00
10089184|Toumani Camara|PA|DEMON|24.5|OVER,10089184,Toumani Camara,POR,PA,PTS+ASTS,1,24.5,OVER,DEMON,1,0,24.5,0,0,demon,2026-02-24T22:10:00.000-05:00,2026-02-25T01:32:49.375000+00:00
10090392|Toumani Camara|PA|GOBLIN|11.5|OVER,10090392,Toumani Camara,POR,PA,PTS+ASTS,1,11.5,OVER,GOBLIN,1,0,11.5,0,0,goblin,2026-02-24T22:10:00.000-05:00,2026-02-25T01:32:49.367000+00:00
10071831|Grayson Allen|FG3M|DEMON|5.5|OVER,10071831,Grayson Allen,PHX,FG3M,3-PT MADE,1,5.5,OVER,DEMON,1,0,5.5,0,0,demon,2026-02-24T21:10:00.000-05:00,2026-02-25T01:32:47.770000+00:00
10100823|Jabari Smith|REB|STANDARD|7|OVER,10100823,Jabari Smith,HOU,REB,REBOUNDS,1,7.0,OVER,STANDARD,1,0,7.0,0,0,standard,2026-02-25T20:10:00.000-05:00,2026-02-25T01:32:44.921000+00:00
10100823|Jabari Smith|REB|STANDARD|7|UNDER,10100823,Jabari Smith,HOU,REB,REBOUNDS,1,7.0,UNDER,STANDARD,0,1,7.0,0,0,standard,2026-02-25T20:10:00.000-05:00,2026-02-25T01:32:44.921000+00:00
10086572|Donte DiVincenzo|PRA|STANDARD|18|OVER,10086572,Donte DiVincenzo,MIN,PRA,PTS+REBS+ASTS,1,18.0,OVER,STANDARD,1,0,18.0,0,0,standard,2026-02-24T22:10:00.000-05:00,2026-02-25T01:32:33.140000+00:00
10086572|Donte DiVincenzo|PRA|STANDARD|18|UNDER,10086572,Donte DiVincenzo,MIN,PRA,PTS+REBS+ASTS,1,18.0,UNDER,STANDARD,0,1,18.0,0,0,standard,2026-02-24T22:10:00.000-05:00,2026-02-25T01:32:33.140000+00:00
10106136|Jevon Carter|PTS|GOBLIN|4.5|OVER,10106136,Jevon Carter,ORL,PTS,POINTS,1,4.5,OVER,GOBLIN,1,0,4.5,0,0,goblin,2026-02-24T22:40:00.000-05:00,2026-02-25T01:32:24.661000+00:00
10106133|Jake LaRavia|PR|DEMON|14.5|OVER,10106133,Jake LaRavia,LAL,PR,PTS+REBS,1,14.5,OVER,DEMON,1,0,14.5,0,0,demon,2026-02-24T22:40:00.000-05:00,2026-02-25T01:32:23.590000+00:00
10106132|Jake LaRavia|PR|DEMON|9.5|OVER,10106132,Jake LaRavia,LAL,PR,PTS+REBS,1,9.5,OVER,DEMON,1,0,9.5,0,0,demon,2026-02-24T22:40:00.000-05:00,2026-02-25T01:32:23.508000+00:00
10106128|Rudy Gobert|AST|DEMON|3.5|OVER,10106128,Rudy Gobert,MIN,AST,ASSISTS,1,3.5,OVER,DEMON,1,0,3.5,0,0,demon,2026-02-24T22:10:00.000-05:00,2026-02-25T01:32:18.008000+00:00
10084648|Jake LaRavia|PTS|DEMON|7.5|OVER,10084648,Jake LaRavia,LAL,PTS,POINTS,1,7.5,OVER,DEMON,1,0,7.5,0,0,demon,2026-02-24T22:40:00.000-05:00,2026-02-25T01:32:16.864000+00:00
10106127|Jerami Grant|STL|DEMON|2.5|OVER,10106127,Jerami Grant,POR,STL,STEALS,1,2.5,OVER,DEMON,1,0,2.5,0,0,demon,2026-02-24T22:10:00.000-05:00,2026-02-25T01:32:15.028000+00:00
10071732|Royce O'Neale|STL|GOBLIN|0.5|OVER,10071732,Royce O'Neale,PHX,STL,STEALS,1,0.5,OVER,GOBLIN,1,0,0.5,0,0,goblin,2026-02-24T21:10:00.000-05:00,2026-02-25T01:31:59.556000+00:00
10086827|Naz Reid|PRA|DEMON|28.5|OVER,10086827,Naz Reid,MIN,PRA,PTS+REBS+ASTS,1,28.5,OVER,DEMON,1,0,28.5,0,0,demon,2026-02-24T22:10:00.000-05:00,2026-02-25T01:31:29.903000+00:00
10090157|Naz Reid|PRA|GOBLIN|18.5|OVER,10090157,Naz Reid,MIN,PRA,PTS+REBS+ASTS,1,18.5,OVER,GOBLIN,1,0,18.5,0,0,goblin,2026-02-24T22:10:00.000-05:00,2026-02-25T01:31:29.585000+00:00
10102618|Alperen Sengun|PRA|GOBLIN|33.5|OVER,10102618,Alperen Sengun,HOU,PRA,PTS+REBS+ASTS,1,33.5,OVER,GOBLIN,1,0,33.5,0,0,goblin,2026-02-25T20:10:00.000-05:00,2026-02-25T01:31:25.908000+00:00
10102860|Russell Westbrook|PRA|GOBLIN|19.5|OVER,10102860,Russell Westbrook,SAC,PRA,PTS+REBS+ASTS,1,19.5,OVER,GOBLIN,1,0,19.5,0,0,goblin,2026-02-25T20:10:00.000-05:00,2026-02-25T01:31:25.894000+00:00
10097097|Toumani Camara|PR|DEMON|22.5|OVER,10097097,Toumani Camara,POR,PR,PTS+REBS,1,22.5,OVER,DEMON,1,0,22.5,0,0,demon,2026-02-24T22:10:00.000-05:00,2026-02-25T01:31:24.469000+00:00
10101482|Sidy Cissoko|PTS|STANDARD|4.5|OVER,10101482,Sidy Cissoko,POR,PTS,POINTS,1,4.5,OVER,STANDARD,1,0,4.5,0,0,standard,2026-02-24T22:10:00.000-05:00,2026-02-25T01:31:15.440000+00:00
10101482|Sidy Cissoko|PTS|STANDARD|4.5|UNDER,10101482,Sidy Cissoko,POR,PTS,POINTS,1,4.5,UNDER,STANDARD,0,1,4.5,0,0,standard,2026-02-24T22:10:00.000-05:00,2026-02-25T01:31:15.440000+00:00
10086961|Sidy Cissoko|AST|GOBLIN|0.5|OVER,10086961,Sidy Cissoko,POR,AST,ASSISTS,1,0.5,OVER,GOBLIN,1,0,0.5,0,0,goblin,2026-02-24T22:10:00.000-05:00,2026-02-25T01:30:14.296000+00:00
10086955|Scoot Henderson|STL|DEMON|1.5|OVER,10086955,Scoot Henderson,POR,STL,STEALS,1,1.5,OVER,DEMON,1,0,1.5,0,0,demon,2026-02-24T22:10:00.000-05:00,2026-02-25T01:30:14.002000+00:00
10086913|Rudy Gobert|RA|DEMON|17.5|OVER,10086913,Rudy Gobert,MIN,RA,REBS+ASTS,1,17.5,OVER,DEMON,1,0,17.5,0,0,demon,2026-02-24T22:10:00.000-05:00,2026-02-25T01:30:13.910000+00:00
10087044|Vít Krejčí|AST|GOBLIN|0.5|OVER,10087044,Vít Krejčí,POR,AST,ASSISTS,1,0.5,OVER,GOBLIN,1,0,0.5,0,0,goblin,2026-02-24T22:10:00.000-05:00,2026-02-25T01:30:13.847000+00:00
10096067|Rudy Gobert|RA|DEMON|14.5|OVER,10096067,Rudy Gobert,MIN,RA,REBS+ASTS,1,14.5,OVER,DEMON,1,0,14.5,0,0,demon,2026-02-24T22:10:00.000-05:00,2026-02-25T01:30:13.730000+00:00
10086882|Rudy Gobert|AST|GOBLIN|0.5|OVER,10086882,Rudy Gobert,MIN,AST,ASSISTS,1,0.5,OVER,GOBLIN,1,0,0.5,0,0,goblin,2026-02-24T22:10:00.000-05:00,2026-02-25T01:30:13.713000+00:00
10086500|Ayo Dosunmu|STL|DEMON|2.5|OVER,10086500,Ayo Dosunmu,MIN,STL,STEALS,1,2.5,OVER,DEMON,1,0,2.5,0,0,demon,2026-02-24T22:10:00.000-05:00,2026-02-25T01:30:13.619000+00:00
10087035|Toumani Camara|STL|DEMON|2.5|OVER,10087035,Toumani Camara,POR,STL,STEALS,1,2.5,OVER,DEMON,1,0,2.5,0,0,demon,2026-02-24T22:10:00.000-05:00,2026-02-25T01:30:13.572000+00:00
10104729|Scoot Henderson|STL|DEMON|2.5|OVER,10104729,Scoot Henderson,POR,STL,STEALS,1,2.5,OVER,DEMON,1,0,2.5,0,0,demon,2026-02-24T22:10:00.000-05:00,2026-02-25T01:30:13.528000+00:00
10086991|Sidy Cissoko|STL|DEMON|1.5|OVER,10086991,Sidy Cissoko,POR,STL,STEALS,1,1.5,OVER,DEMON,1,0,1.5,0,0,demon,2026-02-24T22:10:00.000-05:00,2026-02-25T01:30:13.498000+00:00
10092015|Vít Krejčí|RA|DEMON|5.5|OVER,10092015,Vít Krejčí,POR,RA,REBS+ASTS,1,5.5,OVER,DEMON,1,0,5.5,0,0,demon,2026-02-24T22:10:00.000-05:00,2026-02-25T01:30:13.486000+00:00
10086498|Ayo Dosunmu|STL|GOBLIN|0.5|OVER,10086498,Ayo Dosunmu,MIN,STL,STEALS,1,0.5,OVER,GOBLIN,1,0,0.5,0,0,goblin,2026-02-24T22:10:00.000-05:00,2026-02-25T01:30:13.440000+00:00
10086641|Jerami Grant|AST|GOBLIN|1.5|OVER,10086641,Jerami Grant,POR,AST,ASSISTS,1,1.5,OVER,GOBLIN,1,0,1.5,0,0,goblin,2026-02-24T22:10:00.000-05:00,2026-02-25T01:30:13.368000+00:00
10092017|Vít Krejčí|RA|GOBLIN|2.5|OVER,10092017,Vít Krejčí,POR,RA,REBS+ASTS,1,2.5,OVER,GOBLIN,1,0,2.5,0,0,goblin,2026-02-24T22:10:00.000-05:00,2026-02-25T01:30:13.320000+00:00
10086962|Sidy Cissoko|AST|DEMON|2.5|OVER,10086962,Sidy Cissoko,POR,AST,ASSISTS,1,2.5,OVER,DEMON,1,0,2.5,0,0,demon,2026-02-24T22:10:00.000-05:00,2026-02-25T01:30:13.292000+00:00
10087031|Toumani Camara|RA|DEMON|10.5|OVER,10087031,Toumani Camara,POR,RA,REBS+ASTS,1,10.5,OVER,DEMON,1,0,10.5,0,0,demon,2026-02-24T22:10:00.000-05:00,2026-02-25T01:30:13.273000+00:00
10086670|Jerami Grant|RA|GOBLIN|5.5|OVER,10086670,Jerami Grant,POR,RA,REBS+ASTS,1,5.5,OVER,GOBLIN,1,0,5.5,0,0,goblin,2026-02-24T22:10:00.000-05:00,2026-02-25T01:30:13.265000+00:00
10086954|Scoot Henderson|RA|DEMON|10.5|OVER,10086954,Scoot Henderson,POR,RA,REBS+ASTS,1,10.5,OVER,DEMON,1,0,10.5,0,0,demon,2026-02-24T22:10:00.000-05:00,2026-02-25T01:30:13.151000+00:00
10096068|Rudy Gobert|RA|GOBLIN|10.5|OVER,10096068,Rudy Gobert,MIN,RA,REBS+ASTS,1,10.5,OVER,GOBLIN,1,0,10.5,0,0,goblin,2026-02-24T22:10:00.000-05:00,2026-02-25T01:30:13.131000+00:00
10086674|Jerami Grant|RA|DEMON|9.5|OVER,10086674,Jerami Grant,POR,RA,REBS+ASTS,1,9.5,OVER,DEMON,1,0,9.5,0,0,demon,2026-02-24T22:10:00.000-05:00,2026-02-25T01:30:13.092000+00:00
10086835|Naz Reid|RA|DEMON|12.5|OVER,10086835,Naz Reid,MIN,RA,REBS+ASTS,1,12.5,OVER,DEMON,1,0,12.5,0,0,demon,2026-02-24T22:10:00.000-05:00,2026-02-25T01:30:13.080000+00:00
10093305|Toumani Camara|RA|GOBLIN|7.5|OVER,10093305,Toumani Camara,POR,RA,REBS+ASTS,1,7.5,OVER,GOBLIN,1,0,7.5,0,0,goblin,2026-02-24T22:10:00.000-05:00,2026-02-25T01:30:13.035000+00:00
10086759|Julius Randle|RA|DEMON|16.5|OVER,10086759,Julius Randle,MIN,RA,REBS+ASTS,1,16.5,OVER,DEMON,1,0,16.5,0,0,demon,2026-02-24T22:10:00.000-05:00,2026-02-25T01:30:13.019000+00:00
10086673|Jerami Grant|RA|DEMON|8.5|OVER,10086673,Jerami Grant,POR,RA,REBS+ASTS,1,8.5,OVER,DEMON,1,0,8.5,0,0,demon,2026-02-24T22:10:00.000-05:00,2026-02-25T01:30:12.932000+00:00
10087030|Toumani Camara|RA|DEMON|9.5|OVER,10087030,Toumani Camara,POR,RA,REBS+ASTS,1,9.5,OVER,DEMON,1,0,9.5,0,0,demon,2026-02-24T22:10:00.000-05:00,2026-02-25T01:30:12.926000+00:00
10087028|Toumani Camara|RA|GOBLIN|6.5|OVER,10087028,Toumani Camara,POR,RA,REBS+ASTS,1,6.5,OVER,GOBLIN,1,0,6.5,0,0,goblin,2026-02-24T22:10:00.000-05:00,2026-02-25T01:30:12.922000+00:00
10086539|Donovan Clingan|RA|GOBLIN|13.5|OVER,10086539,Donovan Clingan,POR,RA,REBS+ASTS,1,13.5,OVER,GOBLIN,1,0,13.5,0,0,goblin,2026-02-24T22:10:00.000-05:00,2026-02-25T01:30:12.921000+00:00
10086542|Donovan Clingan|RA|DEMON|19.5|OVER,10086542,Donovan Clingan,POR,RA,REBS+ASTS,1,19.5,OVER,DEMON,1,0,19.5,0,0,demon,2026-02-24T22:10:00.000-05:00,2026-02-25T01:30:12.891000+00:00
10086912|Rudy Gobert|RA|DEMON|15.5|OVER,10086912,Rudy Gobert,MIN,RA,REBS+ASTS,1,15.5,OVER,DEMON,1,0,15.5,0,0,demon,2026-02-24T22:10:00.000-05:00,2026-02-25T01:30:12.864000+00:00
10086672|Jerami Grant|RA|DEMON|7.5|OVER,10086672,Jerami Grant,POR,RA,REBS+ASTS,1,7.5,OVER,DEMON,1,0,7.5,0,0,demon,2026-02-24T22:10:00.000-05:00,2026-02-25T01:30:12.859000+00:00
10086836|Naz Reid|RA|DEMON|10.5|OVER,10086836,Naz Reid,MIN,RA,REBS+ASTS,1,10.5,OVER,DEMON,1,0,10.5,0,0,demon,2026-02-24T22:10:00.000-05:00,2026-02-25T01:30:12.852000+00:00
10086543|Donovan Clingan|RA|DEMON|21.5|OVER,10086543,Donovan Clingan,POR,RA,REBS+ASTS,1,21.5,OVER,DEMON,1,0,21.5,0,0,demon,2026-02-24T22:10:00.000-05:00,2026-02-25T01:30:12.780000+00:00
10086910|Rudy Gobert|RA|GOBLIN|11.5|OVER,10086910,Rudy Gobert,MIN,RA,REBS+ASTS,1,11.5,OVER,GOBLIN,1,0,11.5,0,0,goblin,2026-02-24T22:10:00.000-05:00,2026-02-25T01:30:12.772000+00:00
10086541|Donovan Clingan|RA|DEMON|17.5|OVER,10086541,Donovan Clingan,POR,RA,REBS+ASTS,1,17.5,OVER,DEMON,1,0,17.5,0,0,demon,2026-02-24T22:10:00.000-05:00,2026-02-25T01:30:12.764000+00:00
10088963|Scoot Henderson|RA|GOBLIN|7.5|OVER,10088963,Scoot Henderson,POR,RA,REBS+ASTS,1,7.5,OVER,GOBLIN,1,0,7.5,0,0,goblin,2026-02-24T22:10:00.000-05:00,2026-02-25T01:30:12.759000+00:00
10092014|Vít Krejčí|RA|DEMON|4.5|OVER,10092014,Vít Krejčí,POR,RA,REBS+ASTS,1,4.5,OVER,DEMON,1,0,4.5,0,0,demon,2026-02-24T22:10:00.000-05:00,2026-02-25T01:30:12.748000+00:00
10086819|Naz Reid|PTS|DEMON|16.5|OVER,10086819,Naz Reid,MIN,PTS,POINTS,1,16.5,OVER,DEMON,1,0,16.5,0,0,demon,2026-02-24T22:10:00.000-05:00,2026-02-25T01:30:12.738000+00:00
10092016|Vít Krejčí|RA|DEMON|6.5|OVER,10092016,Vít Krejčí,POR,RA,REBS+ASTS,1,6.5,OVER,DEMON,1,0,6.5,0,0,demon,2026-02-24T22:10:00.000-05:00,2026-02-25T01:30:12.727000+00:00
10086524|Donovan Clingan|PTS|DEMON|18.5|OVER,10086524,Donovan Clingan,POR,PTS,POINTS,1,18.5,OVER,DEMON,1,0,18.5,0,0,demon,2026-02-24T22:10:00.000-05:00,2026-02-25T01:30:12.705000+00:00
10101485|Vít Krejčí|PRA|GOBLIN|11.5|OVER,10101485,Vít Krejčí,POR,PRA,PTS+REBS+ASTS,1,11.5,OVER,GOBLIN,1,0,11.5,0,0,goblin,2026-02-24T22:10:00.000-05:00,2026-02-25T01:30:12.158000+00:00
10092013|Vít Krejčí|REB|GOBLIN|1.5|OVER,10092013,Vít Krejčí,POR,REB,REBOUNDS,1,1.5,OVER,GOBLIN,1,0,1.5,0,0,goblin,2026-02-24T22:10:00.000-05:00,2026-02-25T01:30:12.044000+00:00
10086945|Scoot Henderson|PRA|DEMON|28.5|OVER,10086945,Scoot Henderson,POR,PRA,PTS+REBS+ASTS,1,28.5,OVER,DEMON,1,0,28.5,0,0,demon,2026-02-24T22:10:00.000-05:00,2026-02-25T01:30:11.968000+00:00
10101484|Vít Krejčí|PRA|GOBLIN|10.5|OVER,10101484,Vít Krejčí,POR,PRA,PTS+REBS+ASTS,1,10.5,OVER,GOBLIN,1,0,10.5,0,0,goblin,2026-02-24T22:10:00.000-05:00,2026-02-25T01:30:11.938000+00:00
10086660|Jerami Grant|PRA|STANDARD|26.5|OVER,10086660,Jerami Grant,POR,PRA,PTS+REBS+ASTS,1,26.5,OVER,STANDARD,1,0,26.5,0,0,standard,2026-02-24T22:10:00.000-05:00,2026-02-25T01:30:11.932000+00:00
10086660|Jerami Grant|PRA|STANDARD|26.5|UNDER,10086660,Jerami Grant,POR,PRA,PTS+REBS+ASTS,1,26.5,UNDER,STANDARD,0,1,26.5,0,0,standard,2026-02-24T22:10:00.000-05:00,2026-02-25T01:30:11.932000+00:00
10092011|Vít Krejčí|PRA|GOBLIN|9.5|OVER,10092011,Vít Krejčí,POR,PRA,PTS+REBS+ASTS,1,9.5,OVER,GOBLIN,1,0,9.5,0,0,goblin,2026-02-24T22:10:00.000-05:00,2026-02-25T01:30:11.885000+00:00
10086661|Jerami Grant|PRA|DEMON|31.5|OVER,10086661,Jerami Grant,POR,PRA,PTS+REBS+ASTS,1,31.5,OVER,DEMON,1,0,31.5,0,0,demon,2026-02-24T22:10:00.000-05:00,2026-02-25T01:30:11.832000+00:00
10092009|Vít Krejčí|PRA|DEMON|15.5|OVER,10092009,Vít Krejčí,POR,PRA,PTS+REBS+ASTS,1,15.5,OVER,DEMON,1,0,15.5,0,0,demon,2026-02-24T22:10:00.000-05:00,2026-02-25T01:30:11.794000+00:00
10092008|Vít Krejčí|PRA|DEMON|13.5|OVER,10092008,Vít Krejčí,POR,PRA,PTS+REBS+ASTS,1,13.5,OVER,DEMON,1,0,13.5,0,0,demon,2026-02-24T22:10:00.000-05:00,2026-02-25T01:30:11.738000+00:00
10086531|Donovan Clingan|PRA|DEMON|32.5|OVER,10086531,Donovan Clingan,POR,PRA,PTS+REBS+ASTS,1,32.5,OVER,DEMON,1,0,32.5,0,0,demon,2026-02-24T22:10:00.000-05:00,2026-02-25T01:30:11.717000+00:00
10092010|Vít Krejčí|PRA|DEMON|17.5|OVER,10092010,Vít Krejčí,POR,PRA,PTS+REBS+ASTS,1,17.5,OVER,DEMON,1,0,17.5,0,0,demon,2026-02-24T22:10:00.000-05:00,2026-02-25T01:30:11.710000+00:00
10086902|Rudy Gobert|PRA|DEMON|27.5|OVER,10086902,Rudy Gobert,MIN,PRA,PTS+REBS+ASTS,1,27.5,OVER,DEMON,1,0,27.5,0,0,demon,2026-02-24T22:10:00.000-05:00,2026-02-25T01:30:11.619000+00:00
10086960|Sidy Cissoko|FG3M|DEMON|1.5|OVER,10086960,Sidy Cissoko,POR,FG3M,3-PT MADE,1,1.5,OVER,DEMON,1,0,1.5,0,0,demon,2026-02-24T22:10:00.000-05:00,2026-02-25T01:30:11.274000+00:00
10086825|Naz Reid|PRA|DEMON|26.5|OVER,10086825,Naz Reid,MIN,PRA,PTS+REBS+ASTS,1,26.5,OVER,DEMON,1,0,26.5,0,0,demon,2026-02-24T22:10:00.000-05:00,2026-02-25T01:29:46.965000+00:00
10090150|Jrue Holiday|PRA|GOBLIN|26.5|OVER,10090150,Jrue Holiday,POR,PRA,PTS+REBS+ASTS,1,26.5,OVER,GOBLIN,1,0,26.5,0,0,goblin,2026-02-24T22:10:00.000-05:00,2026-02-25T01:29:46.885000+00:00
10086703|Jrue Holiday|PRA|GOBLIN|25.5|OVER,10086703,Jrue Holiday,POR,PRA,PTS+REBS+ASTS,1,25.5,OVER,GOBLIN,1,0,25.5,0,0,goblin,2026-02-24T22:10:00.000-05:00,2026-02-25T01:29:46.590000+00:00
10086707|Jrue Holiday|PRA|DEMON|33.5|OVER,10086707,Jrue Holiday,POR,PRA,PTS+REBS+ASTS,1,33.5,OVER,DEMON,1,0,33.5,0,0,demon,2026-02-24T22:10:00.000-05:00,2026-02-25T01:29:46.481000+00:00
10077731|Wendell Carter|TWO POINTERS MADE|STANDARD|2.5|OVER,10077731,Wendell Carter,ORL,TWO POINTERS MADE,TWO POINTERS MADE,0,2.5,OVER,STANDARD,1,0,2.5,0,0,standard,2026-02-24T22:40:00.000-05:00,2026-02-25T01:29:33.715000+00:00
10077731|Wendell Carter|TWO POINTERS MADE|STANDARD|2.5|UNDER,10077731,Wendell Carter,ORL,TWO POINTERS MADE,TWO POINTERS MADE,0,2.5,UNDER,STANDARD,0,1,2.5,0,0,standard,2026-02-24T22:40:00.000-05:00,2026-02-25T01:29:33.715000+00:00
10086719|Jrue Holiday|STL|DEMON|2.5|OVER,10086719,Jrue Holiday,POR,STL,STEALS,1,2.5,OVER,DEMON,1,0,2.5,0,0,demon,2026-02-24T22:10:00.000-05:00,2026-02-25T01:29:29.727000+00:00
10086647|Jerami Grant|BLOCKED SHOTS|DEMON|1.5|OVER,10086647,Jerami Grant,POR,BLOCKED SHOTS,BLOCKED SHOTS,0,1.5,OVER,DEMON,1,0,1.5,0,0,demon,2026-02-24T22:10:00.000-05:00,2026-02-25T01:29:29.397000+00:00
10078587|Austin Reaves|TWO POINTERS MADE|STANDARD|4.5|OVER,10078587,Austin Reaves,LAL,TWO POINTERS MADE,TWO POINTERS MADE,0,4.5,OVER,STANDARD,1,0,4.5,0,0,standard,2026-02-24T22:40:00.000-05:00,2026-02-25T01:29:27.467000+00:00
10078587|Austin Reaves|TWO POINTERS MADE|STANDARD|4.5|UNDER,10078587,Austin Reaves,LAL,TWO POINTERS MADE,TWO POINTERS MADE,0,4.5,UNDER,STANDARD,0,1,4.5,0,0,standard,2026-02-24T22:40:00.000-05:00,2026-02-25T01:29:27.467000+00:00
10083380|Wendell Carter|FREE THROWS MADE|STANDARD|1.5|OVER,10083380,Wendell Carter,ORL,FREE THROWS MADE,FREE THROWS MADE,0,1.5,OVER,STANDARD,1,0,1.5,0,0,standard,2026-02-24T22:40:00.000-05:00,2026-02-25T01:29:26.398000+00:00
10083380|Wendell Carter|FREE THROWS MADE|STANDARD|1.5|UNDER,10083380,Wendell Carter,ORL,FREE THROWS MADE,FREE THROWS MADE,0,1.5,UNDER,STANDARD,0,1,1.5,0,0,standard,2026-02-24T22:40:00.000-05:00,2026-02-25T01:29:26.398000+00:00
10087726|LeBron James|AST|STANDARD|6.5|OVER,10087726,LeBron James,LAL,AST,ASSISTS,1,6.5,OVER,STANDARD,1,0,6.5,0,0,standard,2026-02-24T22:40:00.000-05:00,2026-02-25T01:29:24.705000+00:00
10087726|LeBron James|AST|STANDARD|6.5|UNDER,10087726,LeBron James,LAL,AST,ASSISTS,1,6.5,UNDER,STANDARD,0,1,6.5,0,0,standard,2026-02-24T22:40:00.000-05:00,2026-02-25T01:29:24.705000+00:00
10083710|Royce O'Neale|PTS|STANDARD|9.5|OVER,10083710,Royce O'Neale,PHX,PTS,POINTS,1,9.5,OVER,STANDARD,1,0,9.5,0,0,standard,2026-02-24T21:10:00.000-05:00,2026-02-25T01:29:24.208000+00:00
10083710|Royce O'Neale|PTS|STANDARD|9.5|UNDER,10083710,Royce O'Neale,PHX,PTS,POINTS,1,9.5,UNDER,STANDARD,0,1,9.5,0,0,standard,2026-02-24T21:10:00.000-05:00,2026-02-25T01:29:24.208000+00:00
10077721|Wendell Carter|RA|STANDARD|9.5|OVER,10077721,Wendell Carter,ORL,RA,REBS+ASTS,1,9.5,OVER,STANDARD,1,0,9.5,0,0,standard,2026-02-24T22:40:00.000-05:00,2026-02-25T01:29:22.858000+00:00
10077721|Wendell Carter|RA|STANDARD|9.5|UNDER,10077721,Wendell Carter,ORL,RA,REBS+ASTS,1,9.5,UNDER,STANDARD,0,1,9.5,0,0,standard,2026-02-24T22:40:00.000-05:00,2026-02-25T01:29:22.858000+00:00
10065748|Luka Dončić|PA|STANDARD|40.5|OVER,10065748,Luka Dončić,LAL,PA,PTS+ASTS,1,40.5,OVER,STANDARD,1,0,40.5,0,0,standard,2026-02-24T22:40:00.000-05:00,2026-02-25T01:29:21.412000+00:00
10065748|Luka Dončić|PA|STANDARD|40.5|UNDER,10065748,Luka Dončić,LAL,PA,PTS+ASTS,1,40.5,UNDER,STANDARD,0,1,40.5,0,0,standard,2026-02-24T22:40:00.000-05:00,2026-02-25T01:29:21.412000+00:00
10106021|Marcus Smart|PA|DEMON|10.5|OVER,10106021,Marcus Smart,LAL,PA,PTS+ASTS,1,10.5,OVER,DEMON,1,0,10.5,0,0,demon,2026-02-24T22:40:00.000-05:00,2026-02-25T01:29:21.177000+00:00
10102097|Anthony Black|PA|DEMON|21.5|OVER,10102097,Anthony Black,ORL,PA,PTS+ASTS,1,21.5,OVER,DEMON,1,0,21.5,0,0,demon,2026-02-24T22:40:00.000-05:00,2026-02-25T01:29:21.163000+00:00
10101965|Marcus Smart|PA|GOBLIN|8.5|OVER,10101965,Marcus Smart,LAL,PA,PTS+ASTS,1,8.5,OVER,GOBLIN,1,0,8.5,0,0,goblin,2026-02-24T22:40:00.000-05:00,2026-02-25T01:29:21.048000+00:00
10105380|DeMar DeRozan|PTS|GOBLIN|13.5|OVER,10105380,DeMar DeRozan,SAC,PTS,POINTS,1,13.5,OVER,GOBLIN,1,0,13.5,0,0,goblin,2026-02-25T20:10:00.000-05:00,2026-02-25T01:29:20.621000+00:00
10096947|Anthony Black|PR|GOBLIN|18.5|OVER,10096947,Anthony Black,ORL,PR,PTS+REBS,1,18.5,OVER,GOBLIN,1,0,18.5,0,0,goblin,2026-02-24T22:40:00.000-05:00,2026-02-25T01:29:20.320000+00:00
10102658|Dorian Finney-Smith|PTS|DEMON|6.5|OVER,10102658,Dorian Finney-Smith,HOU,PTS,POINTS,1,6.5,OVER,DEMON,1,0,6.5,0,0,demon,2026-02-25T20:10:00.000-05:00,2026-02-25T01:29:19.842000+00:00
10086757|Julius Randle|RA|GOBLIN|10.5|OVER,10086757,Julius Randle,MIN,RA,REBS+ASTS,1,10.5,OVER,GOBLIN,1,0,10.5,0,0,goblin,2026-02-24T22:10:00.000-05:00,2026-02-25T01:29:19.571000+00:00
10086737|Julius Randle|PTS|GOBLIN|18.5|OVER,10086737,Julius Randle,MIN,PTS,POINTS,1,18.5,OVER,GOBLIN,1,0,18.5,0,0,goblin,2026-02-24T22:10:00.000-05:00,2026-02-25T01:29:19.041000+00:00
10086742|Julius Randle|PTS|DEMON|22.5|OVER,10086742,Julius Randle,MIN,PTS,POINTS,1,22.5,OVER,DEMON,1,0,22.5,0,0,demon,2026-02-24T22:10:00.000-05:00,2026-02-25T01:29:19.015000+00:00
10086538|Donovan Clingan|REB|DEMON|17.5|OVER,10086538,Donovan Clingan,POR,REB,REBOUNDS,1,17.5,OVER,DEMON,1,0,17.5,0,0,demon,2026-02-24T22:10:00.000-05:00,2026-02-25T01:29:17.795000+00:00
10089163|Donovan Clingan|PR|DEMON|34.5|OVER,10089163,Donovan Clingan,POR,PR,PTS+REBS,1,34.5,OVER,DEMON,1,0,34.5,0,0,demon,2026-02-24T22:10:00.000-05:00,2026-02-25T01:29:17.532000+00:00
10094726|Donovan Clingan|PR|GOBLIN|19.5|OVER,10094726,Donovan Clingan,POR,PR,PTS+REBS,1,19.5,OVER,GOBLIN,1,0,19.5,0,0,goblin,2026-02-24T22:10:00.000-05:00,2026-02-25T01:29:17.509000+00:00
10089162|Donovan Clingan|PR|DEMON|29.5|OVER,10089162,Donovan Clingan,POR,PR,PTS+REBS,1,29.5,OVER,DEMON,1,0,29.5,0,0,demon,2026-02-24T22:10:00.000-05:00,2026-02-25T01:29:17.462000+00:00
10086663|Jerami Grant|PRA|DEMON|29.5|OVER,10086663,Jerami Grant,POR,PRA,PTS+REBS+ASTS,1,29.5,OVER,DEMON,1,0,29.5,0,0,demon,2026-02-24T22:10:00.000-05:00,2026-02-25T01:29:17.383000+00:00
10089175|Jerami Grant|PRA|GOBLIN|24.5|OVER,10089175,Jerami Grant,POR,PRA,PTS+REBS+ASTS,1,24.5,OVER,GOBLIN,1,0,24.5,0,0,goblin,2026-02-24T22:10:00.000-05:00,2026-02-25T01:29:17.313000+00:00
10089257|Jrue Holiday|PRA|GOBLIN|24.5|OVER,10089257,Jrue Holiday,POR,PRA,PTS+REBS+ASTS,1,24.5,OVER,GOBLIN,1,0,24.5,0,0,goblin,2026-02-24T22:10:00.000-05:00,2026-02-25T01:29:17.235000+00:00
10086545|Donovan Clingan|STL|DEMON|1.5|OVER,10086545,Donovan Clingan,POR,STL,STEALS,1,1.5,OVER,DEMON,1,0,1.5,0,0,demon,2026-02-24T22:10:00.000-05:00,2026-02-25T01:29:16.646000+00:00
10086509|Donovan Clingan|AST|GOBLIN|1.5|OVER,10086509,Donovan Clingan,POR,AST,ASSISTS,1,1.5,OVER,GOBLIN,1,0,1.5,0,0,goblin,2026-02-24T22:10:00.000-05:00,2026-02-25T01:29:14.067000+00:00
10086939|Scoot Henderson|PA|STANDARD|22.5|OVER,10086939,Scoot Henderson,POR,PA,PTS+ASTS,1,22.5,OVER,STANDARD,1,0,22.5,0,0,standard,2026-02-24T22:10:00.000-05:00,2026-02-25T01:29:00.341000+00:00
10086939|Scoot Henderson|PA|STANDARD|22.5|UNDER,10086939,Scoot Henderson,POR,PA,PTS+ASTS,1,22.5,UNDER,STANDARD,0,1,22.5,0,0,standard,2026-02-24T22:10:00.000-05:00,2026-02-25T01:29:00.341000+00:00
10105433|Reed Sheppard|PTS|GOBLIN|9.5|OVER,10105433,Reed Sheppard,HOU,PTS,POINTS,1,9.5,OVER,GOBLIN,1,0,9.5,0,0,goblin,2026-02-25T20:10:00.000-05:00,2026-02-25T01:28:47.498000+00:00
10086569|Donte DiVincenzo|PA|STANDARD|13.5|OVER,10086569,Donte DiVincenzo,MIN,PA,PTS+ASTS,1,13.5,OVER,STANDARD,1,0,13.5,0,0,standard,2026-02-24T22:10:00.000-05:00,2026-02-25T01:28:16.990000+00:00
10086569|Donte DiVincenzo|PA|STANDARD|13.5|UNDER,10086569,Donte DiVincenzo,MIN,PA,PTS+ASTS,1,13.5,UNDER,STANDARD,0,1,13.5,0,0,standard,2026-02-24T22:10:00.000-05:00,2026-02-25T01:28:16.990000+00:00
10105868|Jake LaRavia|PTS|GOBLIN|4.5|OVER,10105868,Jake LaRavia,LAL,PTS,POINTS,1,4.5,OVER,GOBLIN,1,0,4.5,0,0,goblin,2026-02-24T22:40:00.000-05:00,2026-02-25T01:27:51.669000+00:00
10106018|Jevon Carter|FG3M|STANDARD|1.5|OVER,10106018,Jevon Carter,ORL,FG3M,3-PT MADE,1,1.5,OVER,STANDARD,1,0,1.5,0,0,standard,2026-02-24T22:40:00.000-05:00,2026-02-25T01:27:09.396000+00:00
10106018|Jevon Carter|FG3M|STANDARD|1.5|UNDER,10106018,Jevon Carter,ORL,FG3M,3-PT MADE,1,1.5,UNDER,STANDARD,0,1,1.5,0,0,standard,2026-02-24T22:40:00.000-05:00,2026-02-25T01:27:09.396000+00:00
10105412|Kevin Durant|PR|GOBLIN|24.5|OVER,10105412,Kevin Durant,HOU,PR,PTS+REBS,1,24.5,OVER,GOBLIN,1,0,24.5,0,0,goblin,2026-02-25T20:10:00.000-05:00,2026-02-25T01:26:39.961000+00:00
10105443|Russell Westbrook|PTS|GOBLIN|9.5|OVER,10105443,Russell Westbrook,SAC,PTS,POINTS,1,9.5,OVER,GOBLIN,1,0,9.5,0,0,goblin,2026-02-25T20:10:00.000-05:00,2026-02-25T01:26:07.926000+00:00
10103944|Devin Vassell|REB|GOBLIN|2.5|OVER,10103944,Devin Vassell,SAS,REB,REBOUNDS,1,2.5,OVER,GOBLIN,1,0,2.5,0,0,goblin,2026-02-25T19:40:00.000-05:00,2026-02-25T01:25:46.403000+00:00
10089398|Royce O'Neale|PR|DEMON|19.5|OVER,10089398,Royce O'Neale,PHX,PR,PTS+REBS,1,19.5,OVER,DEMON,1,0,19.5,0,0,demon,2026-02-24T21:10:00.000-05:00,2026-02-25T01:25:37.657000+00:00
10106069|Naz Reid|BLOCKED SHOTS|DEMON|2.5|OVER,10106069,Naz Reid,MIN,BLOCKED SHOTS,BLOCKED SHOTS,0,2.5,OVER,DEMON,1,0,2.5,0,0,demon,2026-02-24T22:10:00.000-05:00,2026-02-25T01:25:32.365000+00:00
10077513|Jalen Suggs|REB|DEMON|5.5|OVER,10077513,Jalen Suggs,ORL,REB,REBOUNDS,1,5.5,OVER,DEMON,1,0,5.5,0,0,demon,2026-02-24T22:40:00.000-05:00,2026-02-25T01:25:19.394000+00:00
10105390|Jabari Smith|PA|GOBLIN|14.5|OVER,10105390,Jabari Smith,HOU,PA,PTS+ASTS,1,14.5,OVER,GOBLIN,1,0,14.5,0,0,goblin,2026-02-25T20:10:00.000-05:00,2026-02-25T01:25:05.254000+00:00
10096876|Jaden McDaniels|PR|DEMON|23.5|OVER,10096876,Jaden McDaniels,MIN,PR,PTS+REBS,1,23.5,OVER,DEMON,1,0,23.5,0,0,demon,2026-02-24T22:10:00.000-05:00,2026-02-25T01:24:27.318000+00:00
10099548|Austin Reaves|PR|DEMON|31.5|OVER,10099548,Austin Reaves,LAL,PR,PTS+REBS,1,31.5,OVER,DEMON,1,0,31.5,0,0,demon,2026-02-24T22:40:00.000-05:00,2026-02-25T01:23:36.410000+00:00
10099570|Paolo Banchero|PR|GOBLIN|25.5|OVER,10099570,Paolo Banchero,ORL,PR,PTS+REBS,1,25.5,OVER,GOBLIN,1,0,25.5,0,0,goblin,2026-02-24T22:40:00.000-05:00,2026-02-25T01:23:36.363000+00:00
10099571|Paolo Banchero|PR|DEMON|35.5|OVER,10099571,Paolo Banchero,ORL,PR,PTS+REBS,1,35.5,OVER,DEMON,1,0,35.5,0,0,demon,2026-02-24T22:40:00.000-05:00,2026-02-25T01:23:36.348000+00:00
10099549|Austin Reaves|RA|GOBLIN|6.5|OVER,10099549,Austin Reaves,LAL,RA,REBS+ASTS,1,6.5,OVER,GOBLIN,1,0,6.5,0,0,goblin,2026-02-24T22:40:00.000-05:00,2026-02-25T01:23:36.283000+00:00
10065890|Payton Pritchard|AST|GOBLIN|3.5|OVER,10065890,Payton Pritchard,BOS,AST,ASSISTS,1,3.5,OVER,GOBLIN,1,0,3.5,0,0,goblin,2026-02-24T21:10:00.000-05:00,2026-02-25T01:23:00.395000+00:00
10106019|Jevon Carter|PTS|DEMON|9.5|OVER,10106019,Jevon Carter,ORL,PTS,POINTS,1,9.5,OVER,DEMON,1,0,9.5,0,0,demon,2026-02-24T22:40:00.000-05:00,2026-02-25T01:21:22.232000+00:00
10086840|Naz Reid|TOV|GOBLIN|1.5|OVER,10086840,Naz Reid,MIN,TOV,TURNOVERS,1,1.5,OVER,GOBLIN,1,0,1.5,0,0,goblin,2026-02-24T22:10:00.000-05:00,2026-02-25T01:21:00.638000+00:00
10105865|Rudy Gobert|PA|GOBLIN|9.5|OVER,10105865,Rudy Gobert,MIN,PA,PTS+ASTS,1,9.5,OVER,GOBLIN,1,0,9.5,0,0,goblin,2026-02-24T22:10:00.000-05:00,2026-02-25T01:20:57.272000+00:00
10105044|De'Aaron Fox|STL|DEMON|1.5|OVER,10105044,De'Aaron Fox,SAS,STL,STEALS,1,1.5,OVER,DEMON,1,0,1.5,0,0,demon,2026-02-25T19:40:00.000-05:00,2026-02-25T01:20:44.822000+00:00
10105397|Jabari Smith|REB|GOBLIN|5.5|OVER,10105397,Jabari Smith,HOU,REB,REBOUNDS,1,5.5,OVER,GOBLIN,1,0,5.5,0,0,goblin,2026-02-25T20:10:00.000-05:00,2026-02-25T01:20:43.780000+00:00
10086643|Jerami Grant|AST|DEMON|3.5|OVER,10086643,Jerami Grant,POR,AST,ASSISTS,1,3.5,OVER,DEMON,1,0,3.5,0,0,demon,2026-02-24T22:10:00.000-05:00,2026-02-25T01:20:42.912000+00:00
10105417|Kevin Durant|PRA|GOBLIN|34.5|OVER,10105417,Kevin Durant,HOU,PRA,PTS+REBS+ASTS,1,34.5,OVER,GOBLIN,1,0,34.5,0,0,goblin,2026-02-25T20:10:00.000-05:00,2026-02-25T01:19:49.681000+00:00
10088239|Sidy Cissoko|FG3M|GOBLIN|0.5|OVER,10088239,Sidy Cissoko,POR,FG3M,3-PT MADE,1,0.5,OVER,GOBLIN,1,0,0.5,0,0,goblin,2026-02-24T22:10:00.000-05:00,2026-02-25T01:19:26.937000+00:00
10083722|Jake LaRavia|PR|STANDARD|8.5|OVER,10083722,Jake LaRavia,LAL,PR,PTS+REBS,1,8.5,OVER,STANDARD,1,0,8.5,0,0,standard,2026-02-24T22:40:00.000-05:00,2026-02-25T01:19:11.318000+00:00
10083722|Jake LaRavia|PR|STANDARD|8.5|UNDER,10083722,Jake LaRavia,LAL,PR,PTS+REBS,1,8.5,UNDER,STANDARD,0,1,8.5,0,0,standard,2026-02-24T22:40:00.000-05:00,2026-02-25T01:19:11.318000+00:00
10086581|Donte DiVincenzo|REB|DEMON|6.5|OVER,10086581,Donte DiVincenzo,MIN,REB,REBOUNDS,1,6.5,OVER,DEMON,1,0,6.5,0,0,demon,2026-02-24T22:10:00.000-05:00,2026-02-25T01:19:06.418000+00:00
10068001|Anthony Black|PA|DEMON|29.5|OVER,10068001,Anthony Black,ORL,PA,PTS+ASTS,1,29.5,OVER,DEMON,1,0,29.5,0,0,demon,2026-02-24T22:40:00.000-05:00,2026-02-25T01:18:59.481000+00:00
10105422|Maxime Raynaud|PR|GOBLIN|19.5|OVER,10105422,Maxime Raynaud,SAC,PR,PTS+REBS,1,19.5,OVER,GOBLIN,1,0,19.5,0,0,goblin,2026-02-25T20:10:00.000-05:00,2026-02-25T01:18:58.615000+00:00
10093176|Baylor Scheierman|REB|GOBLIN|4.5|OVER,10093176,Baylor Scheierman,BOS,REB,REBOUNDS,1,4.5,OVER,GOBLIN,1,0,4.5,0,0,goblin,2026-02-24T21:10:00.000-05:00,2026-02-25T01:18:48.595000+00:00
10086716|Jrue Holiday|RA|DEMON|14.5|OVER,10086716,Jrue Holiday,POR,RA,REBS+ASTS,1,14.5,OVER,DEMON,1,0,14.5,0,0,demon,2026-02-24T22:10:00.000-05:00,2026-02-25T01:18:39.330000+00:00
10106017|Jevon Carter|FG3M|DEMON|3.5|OVER,10106017,Jevon Carter,ORL,FG3M,3-PT MADE,1,3.5,OVER,DEMON,1,0,3.5,0,0,demon,2026-02-24T22:40:00.000-05:00,2026-02-25T01:18:28.775000+00:00
10083707|Royce O'Neale|AST|DEMON|5.5|OVER,10083707,Royce O'Neale,PHX,AST,ASSISTS,1,5.5,OVER,DEMON,1,0,5.5,0,0,demon,2026-02-24T21:10:00.000-05:00,2026-02-25T01:18:05.986000+00:00
10105388|Jabari Smith|PTS|GOBLIN|11.5|OVER,10105388,Jabari Smith,HOU,PTS,POINTS,1,11.5,OVER,GOBLIN,1,0,11.5,0,0,goblin,2026-02-25T20:10:00.000-05:00,2026-02-25T01:18:03.654000+00:00
10105860|Rudy Gobert|PA|DEMON|14.5|OVER,10105860,Rudy Gobert,MIN,PA,PTS+ASTS,1,14.5,OVER,DEMON,1,0,14.5,0,0,demon,2026-02-24T22:10:00.000-05:00,2026-02-25T01:18:03.133000+00:00
10105854|Royce O'Neale|PR|GOBLIN|9.5|OVER,10105854,Royce O'Neale,PHX,PR,PTS+REBS,1,9.5,OVER,GOBLIN,1,0,9.5,0,0,goblin,2026-02-24T21:10:00.000-05:00,2026-02-25T01:17:52.593000+00:00
10100810|Jabari Smith|BS|GOBLIN|1.5|OVER,10100810,Jabari Smith,HOU,BS,BLKS+STLS,1,1.5,OVER,GOBLIN,1,0,1.5,0,0,goblin,2026-02-25T20:10:00.000-05:00,2026-02-25T01:17:48.611000+00:00
10102653|Dorian Finney-Smith|AST|DEMON|1.5|OVER,10102653,Dorian Finney-Smith,HOU,AST,ASSISTS,1,1.5,OVER,DEMON,1,0,1.5,0,0,demon,2026-02-25T20:10:00.000-05:00,2026-02-25T01:17:35.462000+00:00
10087041|Vít Krejčí|FG3M|DEMON|3.5|OVER,10087041,Vít Krejčí,POR,FG3M,3-PT MADE,1,3.5,OVER,DEMON,1,0,3.5,0,0,demon,2026-02-24T22:10:00.000-05:00,2026-02-25T01:16:52.557000+00:00
10104893|Harrison Barnes|REB|DEMON|2.5|OVER,10104893,Harrison Barnes,SAS,REB,REBOUNDS,1,2.5,OVER,DEMON,1,0,2.5,0,0,demon,2026-02-25T19:40:00.000-05:00,2026-02-25T01:16:15.488000+00:00
10069267|Collin Gillespie|PRA|DEMON|39.5|OVER,10069267,Collin Gillespie,PHX,PRA,PTS+REBS+ASTS,1,39.5,OVER,DEMON,1,0,39.5,0,0,demon,2026-02-24T21:10:00.000-05:00,2026-02-25T01:16:15.376000+00:00
10105376|Alperen Sengun|PRA|GOBLIN|29.5|OVER,10105376,Alperen Sengun,HOU,PRA,PTS+REBS+ASTS,1,29.5,OVER,GOBLIN,1,0,29.5,0,0,goblin,2026-02-25T20:10:00.000-05:00,2026-02-25T01:16:04.367000+00:00
10105379|DeMar DeRozan|PTS|GOBLIN|11.5|OVER,10105379,DeMar DeRozan,SAC,PTS,POINTS,1,11.5,OVER,GOBLIN,1,0,11.5,0,0,goblin,2026-02-25T20:10:00.000-05:00,2026-02-25T01:15:55.615000+00:00
10104732|Rui Hachimura|PRA|GOBLIN|9.5|OVER,10104732,Rui Hachimura,LAL,PRA,PTS+REBS+ASTS,1,9.5,OVER,GOBLIN,1,0,9.5,0,0,goblin,2026-02-24T22:40:00.000-05:00,2026-02-25T01:15:21.314000+00:00
10105425|Maxime Raynaud|PRA|GOBLIN|19.5|OVER,10105425,Maxime Raynaud,SAC,PRA,PTS+REBS+ASTS,1,19.5,OVER,GOBLIN,1,0,19.5,0,0,goblin,2026-02-25T20:10:00.000-05:00,2026-02-25T01:15:21.165000+00:00
10086448|Anthony Edwards|PA|STANDARD|32|OVER,10086448,Anthony Edwards,MIN,PA,PTS+ASTS,1,32.0,OVER,STANDARD,1,0,32.0,0,0,standard,2026-02-24T22:10:00.000-05:00,2026-02-25T01:15:02.994000+00:00
10086448|Anthony Edwards|PA|STANDARD|32|UNDER,10086448,Anthony Edwards,MIN,PA,PTS+ASTS,1,32.0,UNDER,STANDARD,0,1,32.0,0,0,standard,2026-02-24T22:10:00.000-05:00,2026-02-25T01:15:02.994000+00:00
10105395|Jabari Smith|PR|DEMON|24.5|OVER,10105395,Jabari Smith,HOU,PR,PTS+REBS,1,24.5,OVER,DEMON,1,0,24.5,0,0,demon,2026-02-25T20:10:00.000-05:00,2026-02-25T01:14:24.894000+00:00
10104734|Dylan Harper|AST|DEMON|3.5|OVER,10104734,Dylan Harper,SAS,AST,ASSISTS,1,3.5,OVER,DEMON,1,0,3.5,0,0,demon,2026-02-25T19:40:00.000-05:00,2026-02-25T01:13:21.509000+00:00
10086676|Jerami Grant|TOV|DEMON|2.5|OVER,10086676,Jerami Grant,POR,TOV,TURNOVERS,1,2.5,OVER,DEMON,1,0,2.5,0,0,demon,2026-02-24T22:10:00.000-05:00,2026-02-25T01:12:59.861000+00:00
10086499|Ayo Dosunmu|STL|DEMON|1.5|OVER,10086499,Ayo Dosunmu,MIN,STL,STEALS,1,1.5,OVER,DEMON,1,0,1.5,0,0,demon,2026-02-24T22:10:00.000-05:00,2026-02-25T01:12:59.347000+00:00
10103930|De'Aaron Fox|PRA|STANDARD|25.5|OVER,10103930,De'Aaron Fox,SAS,PRA,PTS+REBS+ASTS,1,25.5,OVER,STANDARD,1,0,25.5,0,0,standard,2026-02-25T19:40:00.000-05:00,2026-02-25T01:12:44.097000+00:00
10103930|De'Aaron Fox|PRA|STANDARD|25.5|UNDER,10103930,De'Aaron Fox,SAS,PRA,PTS+REBS+ASTS,1,25.5,UNDER,STANDARD,0,1,25.5,0,0,standard,2026-02-25T19:40:00.000-05:00,2026-02-25T01:12:44.097000+00:00
10071712|Oso Ighodaro|STL|STANDARD|0.5|OVER,10071712,Oso Ighodaro,PHX,STL,STEALS,1,0.5,OVER,STANDARD,1,0,0.5,0,0,standard,2026-02-24T21:10:00.000-05:00,2026-02-25T01:12:42.227000+00:00
10071712|Oso Ighodaro|STL|STANDARD|0.5|UNDER,10071712,Oso Ighodaro,PHX,STL,STEALS,1,0.5,UNDER,STANDARD,0,1,0.5,0,0,standard,2026-02-24T21:10:00.000-05:00,2026-02-25T01:12:42.227000+00:00
10104742|Dylan Harper|RA|STANDARD|6.5|OVER,10104742,Dylan Harper,SAS,RA,REBS+ASTS,1,6.5,OVER,STANDARD,1,0,6.5,0,0,standard,2026-02-25T19:40:00.000-05:00,2026-02-25T01:12:22.781000+00:00
10104742|Dylan Harper|RA|STANDARD|6.5|UNDER,10104742,Dylan Harper,SAS,RA,REBS+ASTS,1,6.5,UNDER,STANDARD,0,1,6.5,0,0,standard,2026-02-25T19:40:00.000-05:00,2026-02-25T01:12:22.781000+00:00
10105427|Maxime Raynaud|REB|GOBLIN|6.5|OVER,10105427,Maxime Raynaud,SAC,REB,REBOUNDS,1,6.5,OVER,GOBLIN,1,0,6.5,0,0,goblin,2026-02-25T20:10:00.000-05:00,2026-02-25T01:12:18.022000+00:00
10097041|Baylor Scheierman|PA|GOBLIN|7.5|OVER,10097041,Baylor Scheierman,BOS,PA,PTS+ASTS,1,7.5,OVER,GOBLIN,1,0,7.5,0,0,goblin,2026-02-24T21:10:00.000-05:00,2026-02-25T01:12:17.987000+00:00
10105867|Rudy Gobert|PA|GOBLIN|11.5|OVER,10105867,Rudy Gobert,MIN,PA,PTS+ASTS,1,11.5,OVER,GOBLIN,1,0,11.5,0,0,goblin,2026-02-24T22:10:00.000-05:00,2026-02-25T01:10:35.621000+00:00
10105862|Rudy Gobert|PA|DEMON|19.5|OVER,10105862,Rudy Gobert,MIN,PA,PTS+ASTS,1,19.5,OVER,DEMON,1,0,19.5,0,0,demon,2026-02-24T22:10:00.000-05:00,2026-02-25T01:10:35.415000+00:00
10105396|Jabari Smith|PRA|GOBLIN|19.5|OVER,10105396,Jabari Smith,HOU,PRA,PTS+REBS+ASTS,1,19.5,OVER,GOBLIN,1,0,19.5,0,0,goblin,2026-02-25T20:10:00.000-05:00,2026-02-25T01:09:30.446000+00:00
10105369|Alperen Sengun|PTS|GOBLIN|14.5|OVER,10105369,Alperen Sengun,HOU,PTS,POINTS,1,14.5,OVER,GOBLIN,1,0,14.5,0,0,goblin,2026-02-25T20:10:00.000-05:00,2026-02-25T01:09:27.048000+00:00
10077714|Wendell Carter|PRA|DEMON|25.5|OVER,10077714,Wendell Carter,ORL,PRA,PTS+REBS+ASTS,1,25.5,OVER,DEMON,1,0,25.5,0,0,demon,2026-02-24T22:40:00.000-05:00,2026-02-25T01:09:04.681000+00:00
10090118|Nikola Vučević|PA|STANDARD|16|OVER,10090118,Nikola Vučević,BOS,PA,PTS+ASTS,1,16.0,OVER,STANDARD,1,0,16.0,0,0,standard,2026-02-24T21:10:00.000-05:00,2026-02-25T01:09:00.768000+00:00
10090118|Nikola Vučević|PA|STANDARD|16|UNDER,10090118,Nikola Vučević,BOS,PA,PTS+ASTS,1,16.0,UNDER,STANDARD,0,1,16.0,0,0,standard,2026-02-24T21:10:00.000-05:00,2026-02-25T01:09:00.768000+00:00
10086477|Ayo Dosunmu|AST|DEMON|6.5|OVER,10086477,Ayo Dosunmu,MIN,AST,ASSISTS,1,6.5,OVER,DEMON,1,0,6.5,0,0,demon,2026-02-24T22:10:00.000-05:00,2026-02-25T01:08:51.601000+00:00
10105416|Kevin Durant|PRA|GOBLIN|29.5|OVER,10105416,Kevin Durant,HOU,PRA,PTS+REBS+ASTS,1,29.5,OVER,GOBLIN,1,0,29.5,0,0,goblin,2026-02-25T20:10:00.000-05:00,2026-02-25T01:08:46.887000+00:00
10065688|Austin Reaves|FG3M|DEMON|4.5|OVER,10065688,Austin Reaves,LAL,FG3M,3-PT MADE,1,4.5,OVER,DEMON,1,0,4.5,0,0,demon,2026-02-24T22:40:00.000-05:00,2026-02-25T01:08:20.872000+00:00
10097801|Jerami Grant|3-PT ATTEMPTED|GOBLIN|6.5|OVER,10097801,Jerami Grant,POR,3-PT ATTEMPTED,3-PT ATTEMPTED,0,6.5,OVER,GOBLIN,1,0,6.5,0,0,goblin,2026-02-24T22:10:00.000-05:00,2026-02-25T01:08:04.608000+00:00
10086934|Scoot Henderson|PTS|GOBLIN|12.5|OVER,10086934,Scoot Henderson,POR,PTS,POINTS,1,12.5,OVER,GOBLIN,1,0,12.5,0,0,goblin,2026-02-24T22:10:00.000-05:00,2026-02-25T01:07:40.180000+00:00
10071579|Baylor Scheierman|PERSONAL FOULS|GOBLIN|1.5|OVER,10071579,Baylor Scheierman,BOS,PERSONAL FOULS,PERSONAL FOULS,0,1.5,OVER,GOBLIN,1,0,1.5,0,0,goblin,2026-02-24T21:10:00.000-05:00,2026-02-25T01:06:59.089000+00:00
10103947|Stephon Castle|AST|GOBLIN|5.5|OVER,10103947,Stephon Castle,SAS,AST,ASSISTS,1,5.5,OVER,GOBLIN,1,0,5.5,0,0,goblin,2026-02-25T19:40:00.000-05:00,2026-02-25T01:06:31.497000+00:00
10083711|Royce O'Neale|PR|STANDARD|14.5|OVER,10083711,Royce O'Neale,PHX,PR,PTS+REBS,1,14.5,OVER,STANDARD,1,0,14.5,0,0,standard,2026-02-24T21:10:00.000-05:00,2026-02-25T01:05:42.676000+00:00
10083711|Royce O'Neale|PR|STANDARD|14.5|UNDER,10083711,Royce O'Neale,PHX,PR,PTS+REBS,1,14.5,UNDER,STANDARD,0,1,14.5,0,0,standard,2026-02-24T21:10:00.000-05:00,2026-02-25T01:05:42.676000+00:00
10103344|Neemias Queta|REB|GOBLIN|4.5|OVER,10103344,Neemias Queta,BOS,REB,REBOUNDS,1,4.5,OVER,GOBLIN,1,0,4.5,0,0,goblin,2026-02-24T21:10:00.000-05:00,2026-02-25T01:05:29.601000+00:00
10086619|Jaden McDaniels|PRA|DEMON|27.5|OVER,10086619,Jaden McDaniels,MIN,PRA,PTS+REBS+ASTS,1,27.5,OVER,DEMON,1,0,27.5,0,0,demon,2026-02-24T22:10:00.000-05:00,2026-02-25T01:05:29.147000+00:00
10086749|Julius Randle|PRA|DEMON|40.5|OVER,10086749,Julius Randle,MIN,PRA,PTS+REBS+ASTS,1,40.5,OVER,DEMON,1,0,40.5,0,0,demon,2026-02-24T22:10:00.000-05:00,2026-02-25T01:05:29.045000+00:00
10086748|Julius Randle|PRA|DEMON|38.5|OVER,10086748,Julius Randle,MIN,PRA,PTS+REBS+ASTS,1,38.5,OVER,DEMON,1,0,38.5,0,0,demon,2026-02-24T22:10:00.000-05:00,2026-02-25T01:05:28.928000+00:00
10097094|Ayo Dosunmu|PA|DEMON|20.5|OVER,10097094,Ayo Dosunmu,MIN,PA,PTS+ASTS,1,20.5,OVER,DEMON,1,0,20.5,0,0,demon,2026-02-24T22:10:00.000-05:00,2026-02-25T01:05:28.347000+00:00
10091418|Julius Randle|PA|GOBLIN|23.5|OVER,10091418,Julius Randle,MIN,PA,PTS+ASTS,1,23.5,OVER,GOBLIN,1,0,23.5,0,0,goblin,2026-02-24T22:10:00.000-05:00,2026-02-25T01:05:28.296000+00:00
10096879|Julius Randle|PA|DEMON|30.5|OVER,10096879,Julius Randle,MIN,PA,PTS+ASTS,1,30.5,OVER,DEMON,1,0,30.5,0,0,demon,2026-02-24T22:10:00.000-05:00,2026-02-25T01:05:28.242000+00:00
10086570|Donte DiVincenzo|PR|STANDARD|13.5|OVER,10086570,Donte DiVincenzo,MIN,PR,PTS+REBS,1,13.5,OVER,STANDARD,1,0,13.5,0,0,standard,2026-02-24T22:10:00.000-05:00,2026-02-25T01:05:16.380000+00:00
10086570|Donte DiVincenzo|PR|STANDARD|13.5|UNDER,10086570,Donte DiVincenzo,MIN,PR,PTS+REBS,1,13.5,UNDER,STANDARD,0,1,13.5,0,0,standard,2026-02-24T22:10:00.000-05:00,2026-02-25T01:05:16.380000+00:00
10090134|Ayo Dosunmu|PR|GOBLIN|13.5|OVER,10090134,Ayo Dosunmu,MIN,PR,PTS+REBS,1,13.5,OVER,GOBLIN,1,0,13.5,0,0,goblin,2026-02-24T22:10:00.000-05:00,2026-02-25T01:05:01.757000+00:00
10099577|Wendell Carter|PR|DEMON|20.5|OVER,10099577,Wendell Carter,ORL,PR,PTS+REBS,1,20.5,OVER,DEMON,1,0,20.5,0,0,demon,2026-02-24T22:40:00.000-05:00,2026-02-25T01:05:00.609000+00:00
10105460|Tari Eason|STL|GOBLIN|0.5|OVER,10105460,Tari Eason,HOU,STL,STEALS,1,0.5,OVER,GOBLIN,1,0,0.5,0,0,goblin,2026-02-25T20:10:00.000-05:00,2026-02-25T01:04:44.870000+00:00
10105459|Tari Eason|REB|GOBLIN|5.5|OVER,10105459,Tari Eason,HOU,REB,REBOUNDS,1,5.5,OVER,GOBLIN,1,0,5.5,0,0,goblin,2026-02-25T20:10:00.000-05:00,2026-02-25T01:04:44.632000+00:00
10105458|Tari Eason|PRA|GOBLIN|19.5|OVER,10105458,Tari Eason,HOU,PRA,PTS+REBS+ASTS,1,19.5,OVER,GOBLIN,1,0,19.5,0,0,goblin,2026-02-25T20:10:00.000-05:00,2026-02-25T01:04:44.424000+00:00
10105457|Tari Eason|PR|DEMON|29.5|OVER,10105457,Tari Eason,HOU,PR,PTS+REBS,1,29.5,OVER,DEMON,1,0,29.5,0,0,demon,2026-02-25T20:10:00.000-05:00,2026-02-25T01:04:44.231000+00:00
10105456|Tari Eason|PR|DEMON|24.5|OVER,10105456,Tari Eason,HOU,PR,PTS+REBS,1,24.5,OVER,DEMON,1,0,24.5,0,0,demon,2026-02-25T20:10:00.000-05:00,2026-02-25T01:04:44.145000+00:00
10105455|Tari Eason|PR|GOBLIN|19.5|OVER,10105455,Tari Eason,HOU,PR,PTS+REBS,1,19.5,OVER,GOBLIN,1,0,19.5,0,0,goblin,2026-02-25T20:10:00.000-05:00,2026-02-25T01:04:44.069000+00:00
10105454|Tari Eason|PA|DEMON|24.5|OVER,10105454,Tari Eason,HOU,PA,PTS+ASTS,1,24.5,OVER,DEMON,1,0,24.5,0,0,demon,2026-02-25T20:10:00.000-05:00,2026-02-25T01:04:43.865000+00:00
10105453|Tari Eason|PA|DEMON|19.5|OVER,10105453,Tari Eason,HOU,PA,PTS+ASTS,1,19.5,OVER,DEMON,1,0,19.5,0,0,demon,2026-02-25T20:10:00.000-05:00,2026-02-25T01:04:43.791000+00:00
10105452|Tari Eason|PA|GOBLIN|14.5|OVER,10105452,Tari Eason,HOU,PA,PTS+ASTS,1,14.5,OVER,GOBLIN,1,0,14.5,0,0,goblin,2026-02-25T20:10:00.000-05:00,2026-02-25T01:04:43.707000+00:00
10105451|Tari Eason|PTS|GOBLIN|9.5|OVER,10105451,Tari Eason,HOU,PTS,POINTS,1,9.5,OVER,GOBLIN,1,0,9.5,0,0,goblin,2026-02-25T20:10:00.000-05:00,2026-02-25T01:04:43.491000+00:00
10105450|Russell Westbrook|PR|DEMON|24.5|OVER,10105450,Russell Westbrook,SAC,PR,PTS+REBS,1,24.5,OVER,DEMON,1,0,24.5,0,0,demon,2026-02-25T20:10:00.000-05:00,2026-02-25T01:04:42.891000+00:00
10105449|Russell Westbrook|PR|DEMON|19.5|OVER,10105449,Russell Westbrook,SAC,PR,PTS+REBS,1,19.5,OVER,DEMON,1,0,19.5,0,0,demon,2026-02-25T20:10:00.000-05:00,2026-02-25T01:04:42.815000+00:00
10105448|Russell Westbrook|PR|GOBLIN|14.5|OVER,10105448,Russell Westbrook,SAC,PR,PTS+REBS,1,14.5,OVER,GOBLIN,1,0,14.5,0,0,goblin,2026-02-25T20:10:00.000-05:00,2026-02-25T01:04:42.743000+00:00
10105447|Russell Westbrook|PA|DEMON|29.5|OVER,10105447,Russell Westbrook,SAC,PA,PTS+ASTS,1,29.5,OVER,DEMON,1,0,29.5,0,0,demon,2026-02-25T20:10:00.000-05:00,2026-02-25T01:04:42.515000+00:00
10105446|Russell Westbrook|PA|DEMON|24.5|OVER,10105446,Russell Westbrook,SAC,PA,PTS+ASTS,1,24.5,OVER,DEMON,1,0,24.5,0,0,demon,2026-02-25T20:10:00.000-05:00,2026-02-25T01:04:42.447000+00:00
10105445|Russell Westbrook|PA|GOBLIN|14.5|OVER,10105445,Russell Westbrook,SAC,PA,PTS+ASTS,1,14.5,OVER,GOBLIN,1,0,14.5,0,0,goblin,2026-02-25T20:10:00.000-05:00,2026-02-25T01:04:42.376000+00:00
10105444|Russell Westbrook|PTS|GOBLIN|11.5|OVER,10105444,Russell Westbrook,SAC,PTS,POINTS,1,11.5,OVER,GOBLIN,1,0,11.5,0,0,goblin,2026-02-25T20:10:00.000-05:00,2026-02-25T01:04:42.147000+00:00
10105442|Russell Westbrook|AST|GOBLIN|3.5|OVER,10105442,Russell Westbrook,SAC,AST,ASSISTS,1,3.5,OVER,GOBLIN,1,0,3.5,0,0,goblin,2026-02-25T20:10:00.000-05:00,2026-02-25T01:04:41.701000+00:00
10105440|Reed Sheppard|REB|DEMON|5.5|OVER,10105440,Reed Sheppard,HOU,REB,REBOUNDS,1,5.5,OVER,DEMON,1,0,5.5,0,0,demon,2026-02-25T20:10:00.000-05:00,2026-02-25T01:04:41.188000+00:00
10105439|Reed Sheppard|PR|DEMON|24.5|OVER,10105439,Reed Sheppard,HOU,PR,PTS+REBS,1,24.5,OVER,DEMON,1,0,24.5,0,0,demon,2026-02-25T20:10:00.000-05:00,2026-02-25T01:04:40.956000+00:00
10105438|Reed Sheppard|PR|DEMON|19.5|OVER,10105438,Reed Sheppard,HOU,PR,PTS+REBS,1,19.5,OVER,DEMON,1,0,19.5,0,0,demon,2026-02-25T20:10:00.000-05:00,2026-02-25T01:04:40.869000+00:00
10105437|Reed Sheppard|PR|GOBLIN|14.5|OVER,10105437,Reed Sheppard,HOU,PR,PTS+REBS,1,14.5,OVER,GOBLIN,1,0,14.5,0,0,goblin,2026-02-25T20:10:00.000-05:00,2026-02-25T01:04:40.795000+00:00
10105436|Reed Sheppard|PA|DEMON|19.5|OVER,10105436,Reed Sheppard,HOU,PA,PTS+ASTS,1,19.5,OVER,DEMON,1,0,19.5,0,0,demon,2026-02-25T20:10:00.000-05:00,2026-02-25T01:04:40.554000+00:00
10105435|Reed Sheppard|PA|DEMON|24.5|OVER,10105435,Reed Sheppard,HOU,PA,PTS+ASTS,1,24.5,OVER,DEMON,1,0,24.5,0,0,demon,2026-02-25T20:10:00.000-05:00,2026-02-25T01:04:40.473000+00:00
10105434|Reed Sheppard|PA|GOBLIN|14.5|OVER,10105434,Reed Sheppard,HOU,PA,PTS+ASTS,1,14.5,OVER,GOBLIN,1,0,14.5,0,0,goblin,2026-02-25T20:10:00.000-05:00,2026-02-25T01:04:40.397000+00:00
10105432|Precious Achiuwa|REB|GOBLIN|4.5|OVER,10105432,Precious Achiuwa,SAC,REB,REBOUNDS,1,4.5,OVER,GOBLIN,1,0,4.5,0,0,goblin,2026-02-25T20:10:00.000-05:00,2026-02-25T01:04:39.665000+00:00
10105431|Precious Achiuwa|PR|DEMON|19.5|OVER,10105431,Precious Achiuwa,SAC,PR,PTS+REBS,1,19.5,OVER,DEMON,1,0,19.5,0,0,demon,2026-02-25T20:10:00.000-05:00,2026-02-25T01:04:39.413000+00:00
10105429|Precious Achiuwa|PA|DEMON|14.5|OVER,10105429,Precious Achiuwa,SAC,PA,PTS+ASTS,1,14.5,OVER,DEMON,1,0,14.5,0,0,demon,2026-02-25T20:10:00.000-05:00,2026-02-25T01:04:39.112000+00:00
10105428|Precious Achiuwa|PA|GOBLIN|9.5|OVER,10105428,Precious Achiuwa,SAC,PA,PTS+ASTS,1,9.5,OVER,GOBLIN,1,0,9.5,0,0,goblin,2026-02-25T20:10:00.000-05:00,2026-02-25T01:04:39.031000+00:00
10105424|Maxime Raynaud|PR|DEMON|29.5|OVER,10105424,Maxime Raynaud,SAC,PR,PTS+REBS,1,29.5,OVER,DEMON,1,0,29.5,0,0,demon,2026-02-25T20:10:00.000-05:00,2026-02-25T01:04:37.462000+00:00
10105423|Maxime Raynaud|PR|DEMON|24.5|OVER,10105423,Maxime Raynaud,SAC,PR,PTS+REBS,1,24.5,OVER,DEMON,1,0,24.5,0,0,demon,2026-02-25T20:10:00.000-05:00,2026-02-25T01:04:37.388000+00:00
10105421|Maxime Raynaud|PA|DEMON|19.5|OVER,10105421,Maxime Raynaud,SAC,PA,PTS+ASTS,1,19.5,OVER,DEMON,1,0,19.5,0,0,demon,2026-02-25T20:10:00.000-05:00,2026-02-25T01:04:37.098000+00:00
10105420|Maxime Raynaud|PTS|GOBLIN|11.5|OVER,10105420,Maxime Raynaud,SAC,PTS,POINTS,1,11.5,OVER,GOBLIN,1,0,11.5,0,0,goblin,2026-02-25T20:10:00.000-05:00,2026-02-25T01:04:36.900000+00:00
10105419|Maxime Raynaud|PTS|GOBLIN|9.5|OVER,10105419,Maxime Raynaud,SAC,PTS,POINTS,1,9.5,OVER,GOBLIN,1,0,9.5,0,0,goblin,2026-02-25T20:10:00.000-05:00,2026-02-25T01:04:36.826000+00:00
10105418|Kevin Durant|STL|DEMON|2.5|OVER,10105418,Kevin Durant,HOU,STL,STEALS,1,2.5,OVER,DEMON,1,0,2.5,0,0,demon,2026-02-25T20:10:00.000-05:00,2026-02-25T01:04:35.793000+00:00
10105415|Kevin Durant|PR|DEMON|39.5|OVER,10105415,Kevin Durant,HOU,PR,PTS+REBS,1,39.5,OVER,DEMON,1,0,39.5,0,0,demon,2026-02-25T20:10:00.000-05:00,2026-02-25T01:04:35.213000+00:00
10105414|Kevin Durant|PR|DEMON|34.5|OVER,10105414,Kevin Durant,HOU,PR,PTS+REBS,1,34.5,OVER,DEMON,1,0,34.5,0,0,demon,2026-02-25T20:10:00.000-05:00,2026-02-25T01:04:35.140000+00:00
10105413|Kevin Durant|PR|GOBLIN|29.5|OVER,10105413,Kevin Durant,HOU,PR,PTS+REBS,1,29.5,OVER,GOBLIN,1,0,29.5,0,0,goblin,2026-02-25T20:10:00.000-05:00,2026-02-25T01:04:35.065000+00:00
10105411|Kevin Durant|PA|DEMON|39.5|OVER,10105411,Kevin Durant,HOU,PA,PTS+ASTS,1,39.5,OVER,DEMON,1,0,39.5,0,0,demon,2026-02-25T20:10:00.000-05:00,2026-02-25T01:04:34.769000+00:00
10105410|Kevin Durant|PA|DEMON|34.5|OVER,10105410,Kevin Durant,HOU,PA,PTS+ASTS,1,34.5,OVER,DEMON,1,0,34.5,0,0,demon,2026-02-25T20:10:00.000-05:00,2026-02-25T01:04:34.689000+00:00
10105409|Kevin Durant|PA|GOBLIN|29.5|OVER,10105409,Kevin Durant,HOU,PA,PTS+ASTS,1,29.5,OVER,GOBLIN,1,0,29.5,0,0,goblin,2026-02-25T20:10:00.000-05:00,2026-02-25T01:04:34.606000+00:00
10105407|Keegan Murray|REB|GOBLIN|3.5|OVER,10105407,Keegan Murray,SAC,REB,REBOUNDS,1,3.5,OVER,GOBLIN,1,0,3.5,0,0,goblin,2026-02-25T20:10:00.000-05:00,2026-02-25T01:04:33.910000+00:00
10105406|Keegan Murray|PRA|GOBLIN|20.5|OVER,10105406,Keegan Murray,SAC,PRA,PTS+REBS+ASTS,1,20.5,OVER,GOBLIN,1,0,20.5,0,0,goblin,2026-02-25T20:10:00.000-05:00,2026-02-25T01:04:33.674000+00:00
10105405|Keegan Murray|PR|DEMON|29.5|OVER,10105405,Keegan Murray,SAC,PR,PTS+REBS,1,29.5,OVER,DEMON,1,0,29.5,0,0,demon,2026-02-25T20:10:00.000-05:00,2026-02-25T01:04:33.473000+00:00
10105404|Keegan Murray|PR|DEMON|24.5|OVER,10105404,Keegan Murray,SAC,PR,PTS+REBS,1,24.5,OVER,DEMON,1,0,24.5,0,0,demon,2026-02-25T20:10:00.000-05:00,2026-02-25T01:04:33.395000+00:00
10105403|Keegan Murray|PR|GOBLIN|19.5|OVER,10105403,Keegan Murray,SAC,PR,PTS+REBS,1,19.5,OVER,GOBLIN,1,0,19.5,0,0,goblin,2026-02-25T20:10:00.000-05:00,2026-02-25T01:04:33.321000+00:00
10105402|Keegan Murray|PA|DEMON|24.5|OVER,10105402,Keegan Murray,SAC,PA,PTS+ASTS,1,24.5,OVER,DEMON,1,0,24.5,0,0,demon,2026-02-25T20:10:00.000-05:00,2026-02-25T01:04:33.106000+00:00
10105401|Keegan Murray|PA|DEMON|19.5|OVER,10105401,Keegan Murray,SAC,PA,PTS+ASTS,1,19.5,OVER,DEMON,1,0,19.5,0,0,demon,2026-02-25T20:10:00.000-05:00,2026-02-25T01:04:33.024000+00:00
10105400|Keegan Murray|PA|GOBLIN|14.5|OVER,10105400,Keegan Murray,SAC,PA,PTS+ASTS,1,14.5,OVER,GOBLIN,1,0,14.5,0,0,goblin,2026-02-25T20:10:00.000-05:00,2026-02-25T01:04:32.949000+00:00
10105399|Keegan Murray|PTS|GOBLIN|13.5|OVER,10105399,Keegan Murray,SAC,PTS,POINTS,1,13.5,OVER,GOBLIN,1,0,13.5,0,0,goblin,2026-02-25T20:10:00.000-05:00,2026-02-25T01:04:32.730000+00:00
10105398|Keegan Murray|PTS|GOBLIN|11.5|OVER,10105398,Keegan Murray,SAC,PTS,POINTS,1,11.5,OVER,GOBLIN,1,0,11.5,0,0,goblin,2026-02-25T20:10:00.000-05:00,2026-02-25T01:04:32.645000+00:00
10105394|Jabari Smith|PR|DEMON|29.5|OVER,10105394,Jabari Smith,HOU,PR,PTS+REBS,1,29.5,OVER,DEMON,1,0,29.5,0,0,demon,2026-02-25T20:10:00.000-05:00,2026-02-25T01:04:31.497000+00:00
10105393|Jabari Smith|PR|GOBLIN|19.5|OVER,10105393,Jabari Smith,HOU,PR,PTS+REBS,1,19.5,OVER,GOBLIN,1,0,19.5,0,0,goblin,2026-02-25T20:10:00.000-05:00,2026-02-25T01:04:31.416000+00:00
10105392|Jabari Smith|PA|DEMON|24.5|OVER,10105392,Jabari Smith,HOU,PA,PTS+ASTS,1,24.5,OVER,DEMON,1,0,24.5,0,0,demon,2026-02-25T20:10:00.000-05:00,2026-02-25T01:04:31.195000+00:00
10105391|Jabari Smith|PA|DEMON|19.5|OVER,10105391,Jabari Smith,HOU,PA,PTS+ASTS,1,19.5,OVER,DEMON,1,0,19.5,0,0,demon,2026-02-25T20:10:00.000-05:00,2026-02-25T01:04:31.111000+00:00
10105386|DeMar DeRozan|PR|DEMON|24.5|OVER,10105386,DeMar DeRozan,SAC,PR,PTS+REBS,1,24.5,OVER,DEMON,1,0,24.5,0,0,demon,2026-02-25T20:10:00.000-05:00,2026-02-25T01:04:29.421000+00:00
10105385|DeMar DeRozan|PR|DEMON|19.5|OVER,10105385,DeMar DeRozan,SAC,PR,PTS+REBS,1,19.5,OVER,DEMON,1,0,19.5,0,0,demon,2026-02-25T20:10:00.000-05:00,2026-02-25T01:04:29.341000+00:00
10105384|DeMar DeRozan|PR|GOBLIN|14.5|OVER,10105384,DeMar DeRozan,SAC,PR,PTS+REBS,1,14.5,OVER,GOBLIN,1,0,14.5,0,0,goblin,2026-02-25T20:10:00.000-05:00,2026-02-25T01:04:29.262000+00:00
10105383|DeMar DeRozan|PA|DEMON|24.5|OVER,10105383,DeMar DeRozan,SAC,PA,PTS+ASTS,1,24.5,OVER,DEMON,1,0,24.5,0,0,demon,2026-02-25T20:10:00.000-05:00,2026-02-25T01:04:29.037000+00:00
10105382|DeMar DeRozan|PA|DEMON|19.5|OVER,10105382,DeMar DeRozan,SAC,PA,PTS+ASTS,1,19.5,OVER,DEMON,1,0,19.5,0,0,demon,2026-02-25T20:10:00.000-05:00,2026-02-25T01:04:28.959000+00:00
10105381|DeMar DeRozan|PA|GOBLIN|14.5|OVER,10105381,DeMar DeRozan,SAC,PA,PTS+ASTS,1,14.5,OVER,GOBLIN,1,0,14.5,0,0,goblin,2026-02-25T20:10:00.000-05:00,2026-02-25T01:04:28.876000+00:00
10105378|Alperen Sengun|REB|GOBLIN|7.5|OVER,10105378,Alperen Sengun,HOU,REB,REBOUNDS,1,7.5,OVER,GOBLIN,1,0,7.5,0,0,goblin,2026-02-25T20:10:00.000-05:00,2026-02-25T01:04:27.944000+00:00
10105377|Alperen Sengun|PRA|GOBLIN|34.5|OVER,10105377,Alperen Sengun,HOU,PRA,PTS+REBS+ASTS,1,34.5,OVER,GOBLIN,1,0,34.5,0,0,goblin,2026-02-25T20:10:00.000-05:00,2026-02-25T01:04:27.724000+00:00
10105375|Alperen Sengun|PR|DEMON|39.5|OVER,10105375,Alperen Sengun,HOU,PR,PTS+REBS,1,39.5,OVER,DEMON,1,0,39.5,0,0,demon,2026-02-25T20:10:00.000-05:00,2026-02-25T01:04:27.416000+00:00
10105373|Alperen Sengun|PR|GOBLIN|24.5|OVER,10105373,Alperen Sengun,HOU,PR,PTS+REBS,1,24.5,OVER,GOBLIN,1,0,24.5,0,0,goblin,2026-02-25T20:10:00.000-05:00,2026-02-25T01:04:27.260000+00:00
10105372|Alperen Sengun|PA|DEMON|34.5|OVER,10105372,Alperen Sengun,HOU,PA,PTS+ASTS,1,34.5,OVER,DEMON,1,0,34.5,0,0,demon,2026-02-25T20:10:00.000-05:00,2026-02-25T01:04:27.058000+00:00
10105371|Alperen Sengun|PA|DEMON|29.5|OVER,10105371,Alperen Sengun,HOU,PA,PTS+ASTS,1,29.5,OVER,DEMON,1,0,29.5,0,0,demon,2026-02-25T20:10:00.000-05:00,2026-02-25T01:04:26.985000+00:00
10105370|Alperen Sengun|PA|GOBLIN|24.5|OVER,10105370,Alperen Sengun,HOU,PA,PTS+ASTS,1,24.5,OVER,GOBLIN,1,0,24.5,0,0,goblin,2026-02-25T20:10:00.000-05:00,2026-02-25T01:04:26.895000+00:00
10065695|Austin Reaves|PTS|STANDARD|21.5|OVER,10065695,Austin Reaves,LAL,PTS,POINTS,1,21.5,OVER,STANDARD,1,0,21.5,0,0,standard,2026-02-24T22:40:00.000-05:00,2026-02-25T01:04:03.308000+00:00
10065695|Austin Reaves|PTS|STANDARD|21.5|UNDER,10065695,Austin Reaves,LAL,PTS,POINTS,1,21.5,UNDER,STANDARD,0,1,21.5,0,0,standard,2026-02-24T22:40:00.000-05:00,2026-02-25T01:04:03.308000+00:00
10096875|Jaden McDaniels|PR|DEMON|22.5|OVER,10096875,Jaden McDaniels,MIN,PR,PTS+REBS,1,22.5,OVER,DEMON,1,0,22.5,0,0,demon,2026-02-24T22:10:00.000-05:00,2026-02-25T01:02:58.385000+00:00
10096877|Jaden McDaniels|PR|GOBLIN|15.5|OVER,10096877,Jaden McDaniels,MIN,PR,PTS+REBS,1,15.5,OVER,GOBLIN,1,0,15.5,0,0,goblin,2026-02-24T22:10:00.000-05:00,2026-02-25T01:02:58.347000+00:00
10092471|Scoot Henderson|PR|GOBLIN|18.5|OVER,10092471,Scoot Henderson,POR,PR,PTS+REBS,1,18.5,OVER,GOBLIN,1,0,18.5,0,0,goblin,2026-02-24T22:10:00.000-05:00,2026-02-25T01:02:57.947000+00:00
10104892|Harrison Barnes|REB|DEMON|3.5|OVER,10104892,Harrison Barnes,SAS,REB,REBOUNDS,1,3.5,OVER,DEMON,1,0,3.5,0,0,demon,2026-02-25T19:40:00.000-05:00,2026-02-25T01:02:55.885000+00:00
10104203|Caris LeVert|PTS|STANDARD|6.5|OVER,10104203,Caris LeVert,DET,PTS,POINTS,1,6.5,OVER,STANDARD,1,0,6.5,0,0,standard,2026-02-25T19:40:00.000-05:00,2026-02-25T01:02:55.004000+00:00
10104203|Caris LeVert|PTS|STANDARD|6.5|UNDER,10104203,Caris LeVert,DET,PTS,POINTS,1,6.5,UNDER,STANDARD,0,1,6.5,0,0,standard,2026-02-25T19:40:00.000-05:00,2026-02-25T01:02:55.004000+00:00
10077431|Deandre Ayton|RA|DEMON|11.5|OVER,10077431,Deandre Ayton,LAL,RA,REBS+ASTS,1,11.5,OVER,DEMON,1,0,11.5,0,0,demon,2026-02-24T22:40:00.000-05:00,2026-02-25T01:00:08.475000+00:00
10097096|Toumani Camara|PR|GOBLIN|15.5|OVER,10097096,Toumani Camara,POR,PR,PTS+REBS,1,15.5,OVER,GOBLIN,1,0,15.5,0,0,goblin,2026-02-24T22:10:00.000-05:00,2026-02-25T00:57:13.624000+00:00
10100784|DeMar DeRozan|RA|STANDARD|6|OVER,10100784,DeMar DeRozan,SAC,RA,REBS+ASTS,1,6.0,OVER,STANDARD,1,0,6.0,0,0,standard,2026-02-25T20:10:00.000-05:00,2026-02-25T00:57:08.732000+00:00
10100784|DeMar DeRozan|RA|STANDARD|6|UNDER,10100784,DeMar DeRozan,SAC,RA,REBS+ASTS,1,6.0,UNDER,STANDARD,0,1,6.0,0,0,standard,2026-02-25T20:10:00.000-05:00,2026-02-25T00:57:08.732000+00:00
10102706|Keegan Murray|PTS|DEMON|20.5|OVER,10102706,Keegan Murray,SAC,PTS,POINTS,1,20.5,OVER,DEMON,1,0,20.5,0,0,demon,2026-02-25T20:10:00.000-05:00,2026-02-25T00:56:33.126000+00:00
10086702|Jrue Holiday|PR|STANDARD|23.5|OVER,10086702,Jrue Holiday,POR,PR,PTS+REBS,1,23.5,OVER,STANDARD,1,0,23.5,0,0,standard,2026-02-24T22:10:00.000-05:00,2026-02-25T00:56:23.966000+00:00
10086702|Jrue Holiday|PR|STANDARD|23.5|UNDER,10086702,Jrue Holiday,POR,PR,PTS+REBS,1,23.5,UNDER,STANDARD,0,1,23.5,0,0,standard,2026-02-24T22:10:00.000-05:00,2026-02-25T00:56:23.966000+00:00
10102752|Malik Monk|PRA|GOBLIN|14.5|OVER,10102752,Malik Monk,SAC,PRA,PTS+REBS+ASTS,1,14.5,OVER,GOBLIN,1,0,14.5,0,0,goblin,2026-02-25T20:10:00.000-05:00,2026-02-25T00:56:09.056000+00:00
10100887|Malik Monk|STL|STANDARD|0.5|OVER,10100887,Malik Monk,SAC,STL,STEALS,1,0.5,OVER,STANDARD,1,0,0.5,0,0,standard,2026-02-25T20:10:00.000-05:00,2026-02-25T00:55:15.531000+00:00
10100887|Malik Monk|STL|STANDARD|0.5|UNDER,10100887,Malik Monk,SAC,STL,STEALS,1,0.5,UNDER,STANDARD,0,1,0.5,0,0,standard,2026-02-25T20:10:00.000-05:00,2026-02-25T00:55:15.531000+00:00
10086706|Jrue Holiday|PRA|STANDARD|30|OVER,10086706,Jrue Holiday,POR,PRA,PTS+REBS+ASTS,1,30.0,OVER,STANDARD,1,0,30.0,0,0,standard,2026-02-24T22:10:00.000-05:00,2026-02-25T00:55:08.331000+00:00
10086706|Jrue Holiday|PRA|STANDARD|30|UNDER,10086706,Jrue Holiday,POR,PRA,PTS+REBS+ASTS,1,30.0,UNDER,STANDARD,0,1,30.0,0,0,standard,2026-02-24T22:10:00.000-05:00,2026-02-25T00:55:08.331000+00:00
10100820|Jabari Smith|PR|STANDARD|23|OVER,10100820,Jabari Smith,HOU,PR,PTS+REBS,1,23.0,OVER,STANDARD,1,0,23.0,0,0,standard,2026-02-25T20:10:00.000-05:00,2026-02-25T00:54:32.492000+00:00
10100820|Jabari Smith|PR|STANDARD|23|UNDER,10100820,Jabari Smith,HOU,PR,PTS+REBS,1,23.0,UNDER,STANDARD,0,1,23.0,0,0,standard,2026-02-25T20:10:00.000-05:00,2026-02-25T00:54:32.492000+00:00
10100861|Kevin Durant|PRA|STANDARD|36|OVER,10100861,Kevin Durant,HOU,PRA,PTS+REBS+ASTS,1,36.0,OVER,STANDARD,1,0,36.0,0,0,standard,2026-02-25T20:10:00.000-05:00,2026-02-25T00:54:16.997000+00:00
10100861|Kevin Durant|PRA|STANDARD|36|UNDER,10100861,Kevin Durant,HOU,PRA,PTS+REBS+ASTS,1,36.0,UNDER,STANDARD,0,1,36.0,0,0,standard,2026-02-25T20:10:00.000-05:00,2026-02-25T00:54:16.997000+00:00
10102660|Dorian Finney-Smith|PRA|DEMON|12.5|OVER,10102660,Dorian Finney-Smith,HOU,PRA,PTS+REBS+ASTS,1,12.5,OVER,DEMON,1,0,12.5,0,0,demon,2026-02-25T20:10:00.000-05:00,2026-02-25T00:54:05.194000+00:00
10101005|Tari Eason|PR|STANDARD|21|OVER,10101005,Tari Eason,HOU,PR,PTS+REBS,1,21.0,OVER,STANDARD,1,0,21.0,0,0,standard,2026-02-25T20:10:00.000-05:00,2026-02-25T00:53:59.302000+00:00
10101005|Tari Eason|PR|STANDARD|21|UNDER,10101005,Tari Eason,HOU,PR,PTS+REBS,1,21.0,UNDER,STANDARD,0,1,21.0,0,0,standard,2026-02-25T20:10:00.000-05:00,2026-02-25T00:53:59.302000+00:00
10104738|Dylan Harper|PR|STANDARD|13.5|OVER,10104738,Dylan Harper,SAS,PR,PTS+REBS,1,13.5,OVER,STANDARD,1,0,13.5,0,0,standard,2026-02-25T19:40:00.000-05:00,2026-02-25T00:53:55.031000+00:00
10104738|Dylan Harper|PR|STANDARD|13.5|UNDER,10104738,Dylan Harper,SAS,PR,PTS+REBS,1,13.5,UNDER,STANDARD,0,1,13.5,0,0,standard,2026-02-25T19:40:00.000-05:00,2026-02-25T00:53:55.031000+00:00
10102806|Precious Achiuwa|BLOCKED SHOTS|DEMON|0.5|OVER,10102806,Precious Achiuwa,SAC,BLOCKED SHOTS,BLOCKED SHOTS,0,0.5,OVER,DEMON,1,0,0.5,0,0,demon,2026-02-25T20:10:00.000-05:00,2026-02-25T00:53:54.001000+00:00
10083728|Rui Hachimura|REB|DEMON|5.5|OVER,10083728,Rui Hachimura,LAL,REB,REBOUNDS,1,5.5,OVER,DEMON,1,0,5.5,0,0,demon,2026-02-24T22:40:00.000-05:00,2026-02-25T00:52:58.215000+00:00
10100987|Russell Westbrook|PRA|STANDARD|21.5|OVER,10100987,Russell Westbrook,SAC,PRA,PTS+REBS+ASTS,1,21.5,OVER,STANDARD,1,0,21.5,0,0,standard,2026-02-25T20:10:00.000-05:00,2026-02-25T00:51:13.195000+00:00
10100987|Russell Westbrook|PRA|STANDARD|21.5|UNDER,10100987,Russell Westbrook,SAC,PRA,PTS+REBS+ASTS,1,21.5,UNDER,STANDARD,0,1,21.5,0,0,standard,2026-02-25T20:10:00.000-05:00,2026-02-25T00:51:13.195000+00:00
10100858|Kevin Durant|PTS|STANDARD|26.5|OVER,10100858,Kevin Durant,HOU,PTS,POINTS,1,26.5,OVER,STANDARD,1,0,26.5,0,0,standard,2026-02-25T20:10:00.000-05:00,2026-02-25T00:51:12.285000+00:00
10100858|Kevin Durant|PTS|STANDARD|26.5|UNDER,10100858,Kevin Durant,HOU,PTS,POINTS,1,26.5,UNDER,STANDARD,0,1,26.5,0,0,standard,2026-02-25T20:10:00.000-05:00,2026-02-25T00:51:12.285000+00:00
10104201|Ausar Thompson|RA|GOBLIN|8.5|OVER,10104201,Ausar Thompson,DET,RA,REBS+ASTS,1,8.5,OVER,GOBLIN,1,0,8.5,0,0,goblin,2026-02-25T19:40:00.000-05:00,2026-02-25T00:50:50.378000+00:00
10086950|Scoot Henderson|REB|DEMON|5.5|OVER,10086950,Scoot Henderson,POR,REB,REBOUNDS,1,5.5,OVER,DEMON,1,0,5.5,0,0,demon,2026-02-24T22:10:00.000-05:00,2026-02-25T00:50:48.362000+00:00
10102665|Dorian Finney-Smith|REB|DEMON|3.5|OVER,10102665,Dorian Finney-Smith,HOU,REB,REBOUNDS,1,3.5,OVER,DEMON,1,0,3.5,0,0,demon,2026-02-25T20:10:00.000-05:00,2026-02-25T00:50:06.490000+00:00
10100783|DeMar DeRozan|REB|STANDARD|2.5|OVER,10100783,DeMar DeRozan,SAC,REB,REBOUNDS,1,2.5,OVER,STANDARD,1,0,2.5,0,0,standard,2026-02-25T20:10:00.000-05:00,2026-02-25T00:49:40.725000+00:00
10100783|DeMar DeRozan|REB|STANDARD|2.5|UNDER,10100783,DeMar DeRozan,SAC,REB,REBOUNDS,1,2.5,UNDER,STANDARD,0,1,2.5,0,0,standard,2026-02-25T20:10:00.000-05:00,2026-02-25T00:49:40.725000+00:00
10100969|Reed Sheppard|PR|STANDARD|17.5|OVER,10100969,Reed Sheppard,HOU,PR,PTS+REBS,1,17.5,OVER,STANDARD,1,0,17.5,0,0,standard,2026-02-25T20:10:00.000-05:00,2026-02-25T00:49:40.149000+00:00
10100969|Reed Sheppard|PR|STANDARD|17.5|UNDER,10100969,Reed Sheppard,HOU,PR,PTS+REBS,1,17.5,UNDER,STANDARD,0,1,17.5,0,0,standard,2026-02-25T20:10:00.000-05:00,2026-02-25T00:49:40.149000+00:00
10100779|DeMar DeRozan|PTS|STANDARD|14.5|OVER,10100779,DeMar DeRozan,SAC,PTS,POINTS,1,14.5,OVER,STANDARD,1,0,14.5,0,0,standard,2026-02-25T20:10:00.000-05:00,2026-02-25T00:49:39.928000+00:00
10100779|DeMar DeRozan|PTS|STANDARD|14.5|UNDER,10100779,DeMar DeRozan,SAC,PTS,POINTS,1,14.5,UNDER,STANDARD,0,1,14.5,0,0,standard,2026-02-25T20:10:00.000-05:00,2026-02-25T00:49:39.928000+00:00
10100899|Maxime Raynaud|PTS|STANDARD|13.5|OVER,10100899,Maxime Raynaud,SAC,PTS,POINTS,1,13.5,OVER,STANDARD,1,0,13.5,0,0,standard,2026-02-25T20:10:00.000-05:00,2026-02-25T00:49:39.774000+00:00
10100899|Maxime Raynaud|PTS|STANDARD|13.5|UNDER,10100899,Maxime Raynaud,SAC,PTS,POINTS,1,13.5,UNDER,STANDARD,0,1,13.5,0,0,standard,2026-02-25T20:10:00.000-05:00,2026-02-25T00:49:39.774000+00:00
10101003|Tari Eason|PTS|STANDARD|13.5|OVER,10101003,Tari Eason,HOU,PTS,POINTS,1,13.5,OVER,STANDARD,1,0,13.5,0,0,standard,2026-02-25T20:10:00.000-05:00,2026-02-25T00:49:39.765000+00:00
10101003|Tari Eason|PTS|STANDARD|13.5|UNDER,10101003,Tari Eason,HOU,PTS,POINTS,1,13.5,UNDER,STANDARD,0,1,13.5,0,0,standard,2026-02-25T20:10:00.000-05:00,2026-02-25T00:49:39.765000+00:00
10100763|Alperen Sengun|PRA|STANDARD|36.5|OVER,10100763,Alperen Sengun,HOU,PRA,PTS+REBS+ASTS,1,36.5,OVER,STANDARD,1,0,36.5,0,0,standard,2026-02-25T20:10:00.000-05:00,2026-02-25T00:49:39.688000+00:00
10100763|Alperen Sengun|PRA|STANDARD|36.5|UNDER,10100763,Alperen Sengun,HOU,PRA,PTS+REBS+ASTS,1,36.5,UNDER,STANDARD,0,1,36.5,0,0,standard,2026-02-25T20:10:00.000-05:00,2026-02-25T00:49:39.688000+00:00
10100761|Alperen Sengun|PA|STANDARD|26.5|OVER,10100761,Alperen Sengun,HOU,PA,PTS+ASTS,1,26.5,OVER,STANDARD,1,0,26.5,0,0,standard,2026-02-25T20:10:00.000-05:00,2026-02-25T00:49:39.527000+00:00
10100761|Alperen Sengun|PA|STANDARD|26.5|UNDER,10100761,Alperen Sengun,HOU,PA,PTS+ASTS,1,26.5,UNDER,STANDARD,0,1,26.5,0,0,standard,2026-02-25T20:10:00.000-05:00,2026-02-25T00:49:39.527000+00:00
10084647|Jake LaRavia|PTS|DEMON|6.5|OVER,10084647,Jake LaRavia,LAL,PTS,POINTS,1,6.5,OVER,DEMON,1,0,6.5,0,0,demon,2026-02-24T22:40:00.000-05:00,2026-02-25T00:49:03.619000+00:00
10100538|Desmond Bane|PR|DEMON|28.5|OVER,10100538,Desmond Bane,ORL,PR,PTS+REBS,1,28.5,OVER,DEMON,1,0,28.5,0,0,demon,2026-02-24T22:40:00.000-05:00,2026-02-25T00:48:39.687000+00:00
10099556|Jalen Suggs|PA|DEMON|22.5|OVER,10099556,Jalen Suggs,ORL,PA,PTS+ASTS,1,22.5,OVER,DEMON,1,0,22.5,0,0,demon,2026-02-24T22:40:00.000-05:00,2026-02-25T00:48:39.447000+00:00
10099555|Jalen Suggs|PA|GOBLIN|15.5|OVER,10099555,Jalen Suggs,ORL,PA,PTS+ASTS,1,15.5,OVER,GOBLIN,1,0,15.5,0,0,goblin,2026-02-24T22:40:00.000-05:00,2026-02-25T00:48:39.375000+00:00
10103347|Vít Krejčí|PTS|GOBLIN|5.5|OVER,10103347,Vít Krejčí,POR,PTS,POINTS,1,5.5,OVER,GOBLIN,1,0,5.5,0,0,goblin,2026-02-24T22:10:00.000-05:00,2026-02-25T00:48:19.060000+00:00
10104503|Devin Vassell|PR|STANDARD|16.5|OVER,10104503,Devin Vassell,SAS,PR,PTS+REBS,1,16.5,OVER,STANDARD,1,0,16.5,0,0,standard,2026-02-25T19:40:00.000-05:00,2026-02-25T00:46:59.898000+00:00
10104503|Devin Vassell|PR|STANDARD|16.5|UNDER,10104503,Devin Vassell,SAS,PR,PTS+REBS,1,16.5,UNDER,STANDARD,0,1,16.5,0,0,standard,2026-02-25T19:40:00.000-05:00,2026-02-25T00:46:59.898000+00:00
10096866|Ayo Dosunmu|PR|GOBLIN|11.5|OVER,10096866,Ayo Dosunmu,MIN,PR,PTS+REBS,1,11.5,OVER,GOBLIN,1,0,11.5,0,0,goblin,2026-02-24T22:10:00.000-05:00,2026-02-25T00:46:16.900000+00:00
10089844|Jalen Green|AST|DEMON|6.5|OVER,10089844,Jalen Green,PHX,AST,ASSISTS,1,6.5,OVER,DEMON,1,0,6.5,0,0,demon,2026-02-24T21:10:00.000-05:00,2026-02-25T00:46:16.674000+00:00
10088853|Moritz Wagner|REB|DEMON|5.5|OVER,10088853,Moritz Wagner,ORL,REB,REBOUNDS,1,5.5,OVER,DEMON,1,0,5.5,0,0,demon,2026-02-24T22:40:00.000-05:00,2026-02-25T00:46:06.537000+00:00
10092220|Jaden McDaniels|RA|GOBLIN|5.5|OVER,10092220,Jaden McDaniels,MIN,RA,REBS+ASTS,1,5.5,OVER,GOBLIN,1,0,5.5,0,0,goblin,2026-02-24T22:10:00.000-05:00,2026-02-25T00:45:26.974000+00:00
10100669|Baylor Scheierman|PA|DEMON|11.5|OVER,10100669,Baylor Scheierman,BOS,PA,PTS+ASTS,1,11.5,OVER,DEMON,1,0,11.5,0,0,demon,2026-02-24T21:10:00.000-05:00,2026-02-25T00:45:25.511000+00:00
10101008|Tari Eason|TOV|DEMON|1.5|OVER,10101008,Tari Eason,HOU,TOV,TURNOVERS,1,1.5,OVER,DEMON,1,0,1.5,0,0,demon,2026-02-25T20:10:00.000-05:00,2026-02-25T00:45:23.324000+00:00
10104188|Julian Champagnie|FG3M|DEMON|3.5|OVER,10104188,Julian Champagnie,SAS,FG3M,3-PT MADE,1,3.5,OVER,DEMON,1,0,3.5,0,0,demon,2026-02-25T19:40:00.000-05:00,2026-02-25T00:44:43.413000+00:00
10083720|Jake LaRavia|PTS|STANDARD|5.5|OVER,10083720,Jake LaRavia,LAL,PTS,POINTS,1,5.5,OVER,STANDARD,1,0,5.5,0,0,standard,2026-02-24T22:40:00.000-05:00,2026-02-25T00:44:35.424000+00:00
10083720|Jake LaRavia|PTS|STANDARD|5.5|UNDER,10083720,Jake LaRavia,LAL,PTS,POINTS,1,5.5,UNDER,STANDARD,0,1,5.5,0,0,standard,2026-02-24T22:40:00.000-05:00,2026-02-25T00:44:35.424000+00:00
10100920|Nique Clifford|PR|STANDARD|13.5|OVER,10100920,Nique Clifford,SAC,PR,PTS+REBS,1,13.5,OVER,STANDARD,1,0,13.5,0,0,standard,2026-02-25T20:10:00.000-05:00,2026-02-25T00:43:45.690000+00:00
10100920|Nique Clifford|PR|STANDARD|13.5|UNDER,10100920,Nique Clifford,SAC,PR,PTS+REBS,1,13.5,UNDER,STANDARD,0,1,13.5,0,0,standard,2026-02-25T20:10:00.000-05:00,2026-02-25T00:43:45.690000+00:00
10077648|Paolo Banchero|PRA|DEMON|41.5|OVER,10077648,Paolo Banchero,ORL,PRA,PTS+REBS+ASTS,1,41.5,OVER,DEMON,1,0,41.5,0,0,demon,2026-02-24T22:40:00.000-05:00,2026-02-25T00:43:42.117000+00:00
10099550|Deandre Ayton|PR|GOBLIN|13.5|OVER,10099550,Deandre Ayton,LAL,PR,PTS+REBS,1,13.5,OVER,GOBLIN,1,0,13.5,0,0,goblin,2026-02-24T22:40:00.000-05:00,2026-02-25T00:43:41.372000+00:00
10099551|Deandre Ayton|PR|DEMON|20.5|OVER,10099551,Deandre Ayton,LAL,PR,PTS+REBS,1,20.5,OVER,DEMON,1,0,20.5,0,0,demon,2026-02-24T22:40:00.000-05:00,2026-02-25T00:43:41.335000+00:00
10097093|Royce O'Neale|AST|GOBLIN|1.5|OVER,10097093,Royce O'Neale,PHX,AST,ASSISTS,1,1.5,OVER,GOBLIN,1,0,1.5,0,0,goblin,2026-02-24T21:10:00.000-05:00,2026-02-25T00:43:26.983000+00:00
10071686|Neemias Queta|TWO POINTERS MADE|GOBLIN|3.5|OVER,10071686,Neemias Queta,BOS,TWO POINTERS MADE,TWO POINTERS MADE,0,3.5,OVER,GOBLIN,1,0,3.5,0,0,goblin,2026-02-24T21:10:00.000-05:00,2026-02-25T00:43:26.968000+00:00
10103716|Maxime Raynaud|AST|GOBLIN|0.5|OVER,10103716,Maxime Raynaud,SAC,AST,ASSISTS,1,0.5,OVER,GOBLIN,1,0,0.5,0,0,goblin,2026-02-25T20:10:00.000-05:00,2026-02-25T00:43:09.231000+00:00
10092533|Luka Dončić|PR|GOBLIN|37.5|OVER,10092533,Luka Dončić,LAL,PR,PTS+REBS,1,37.5,OVER,GOBLIN,1,0,37.5,0,0,goblin,2026-02-24T22:40:00.000-05:00,2026-02-25T00:40:14.509000+00:00
10068049|Luka Dončić|PR|GOBLIN|29.5|OVER,10068049,Luka Dončić,LAL,PR,PTS+REBS,1,29.5,OVER,GOBLIN,1,0,29.5,0,0,goblin,2026-02-24T22:40:00.000-05:00,2026-02-25T00:40:14.104000+00:00
10099563|Luka Dončić|RA|GOBLIN|12.5|OVER,10099563,Luka Dončić,LAL,RA,REBS+ASTS,1,12.5,OVER,GOBLIN,1,0,12.5,0,0,goblin,2026-02-24T22:40:00.000-05:00,2026-02-25T00:39:45.518000+00:00
10099564|Marcus Smart|PR|GOBLIN|6.5|OVER,10099564,Marcus Smart,LAL,PR,PTS+REBS,1,6.5,OVER,GOBLIN,1,0,6.5,0,0,goblin,2026-02-24T22:40:00.000-05:00,2026-02-25T00:39:32.606000+00:00
10099565|Marcus Smart|PR|DEMON|12.5|OVER,10099565,Marcus Smart,LAL,PR,PTS+REBS,1,12.5,OVER,DEMON,1,0,12.5,0,0,demon,2026-02-24T22:40:00.000-05:00,2026-02-25T00:39:32.387000+00:00
10099561|LeBron James|PR|GOBLIN|20.5|OVER,10099561,LeBron James,LAL,PR,PTS+REBS,1,20.5,OVER,GOBLIN,1,0,20.5,0,0,goblin,2026-02-24T22:40:00.000-05:00,2026-02-25T00:39:05.733000+00:00
10099562|LeBron James|PR|DEMON|28.5|OVER,10099562,LeBron James,LAL,PR,PTS+REBS,1,28.5,OVER,DEMON,1,0,28.5,0,0,demon,2026-02-24T22:40:00.000-05:00,2026-02-25T00:39:05.476000+00:00
10090172|LeBron James|PR|GOBLIN|22.5|OVER,10090172,LeBron James,LAL,PR,PTS+REBS,1,22.5,OVER,GOBLIN,1,0,22.5,0,0,goblin,2026-02-24T22:40:00.000-05:00,2026-02-25T00:39:05.147000+00:00
10077713|Wendell Carter|PRA|DEMON|23.5|OVER,10077713,Wendell Carter,ORL,PRA,PTS+REBS+ASTS,1,23.5,OVER,DEMON,1,0,23.5,0,0,demon,2026-02-24T22:40:00.000-05:00,2026-02-25T00:39:04.609000+00:00
10077712|Wendell Carter|PRA|DEMON|21.5|OVER,10077712,Wendell Carter,ORL,PRA,PTS+REBS+ASTS,1,21.5,OVER,DEMON,1,0,21.5,0,0,demon,2026-02-24T22:40:00.000-05:00,2026-02-25T00:39:04.424000+00:00
10100895|Maxime Raynaud|BLOCKED SHOTS|DEMON|0.5|OVER,10100895,Maxime Raynaud,SAC,BLOCKED SHOTS,BLOCKED SHOTS,0,0.5,OVER,DEMON,1,0,0.5,0,0,demon,2026-02-25T20:10:00.000-05:00,2026-02-25T00:37:33.096000+00:00
10077580|Luke Kennard|PA|GOBLIN|6.5|OVER,10077580,Luke Kennard,LAL,PA,PTS+ASTS,1,6.5,OVER,GOBLIN,1,0,6.5,0,0,goblin,2026-02-24T22:40:00.000-05:00,2026-02-25T00:37:28.776000+00:00
10104189|Julian Champagnie|FG3M|STANDARD|1.5|OVER,10104189,Julian Champagnie,SAS,FG3M,3-PT MADE,1,1.5,OVER,STANDARD,1,0,1.5,0,0,standard,2026-02-25T19:40:00.000-05:00,2026-02-25T00:36:53.430000+00:00
10104189|Julian Champagnie|FG3M|STANDARD|1.5|UNDER,10104189,Julian Champagnie,SAS,FG3M,3-PT MADE,1,1.5,UNDER,STANDARD,0,1,1.5,0,0,standard,2026-02-25T19:40:00.000-05:00,2026-02-25T00:36:53.430000+00:00
10102704|Keegan Murray|PTS|DEMON|18.5|OVER,10102704,Keegan Murray,SAC,PTS,POINTS,1,18.5,OVER,DEMON,1,0,18.5,0,0,demon,2026-02-25T20:10:00.000-05:00,2026-02-25T00:35:57.480000+00:00
10102638|DeMar DeRozan|PTS|DEMON|20.5|OVER,10102638,DeMar DeRozan,SAC,PTS,POINTS,1,20.5,OVER,DEMON,1,0,20.5,0,0,demon,2026-02-25T20:10:00.000-05:00,2026-02-25T00:35:57.471000+00:00
10104194|Julian Champagnie|REB|DEMON|5.5|OVER,10104194,Julian Champagnie,SAS,REB,REBOUNDS,1,5.5,OVER,DEMON,1,0,5.5,0,0,demon,2026-02-25T19:40:00.000-05:00,2026-02-25T00:34:51.933000+00:00
10103852|Tari Eason|PRA|GOBLIN|21.5|OVER,10103852,Tari Eason,HOU,PRA,PTS+REBS+ASTS,1,21.5,OVER,GOBLIN,1,0,21.5,0,0,goblin,2026-02-25T20:10:00.000-05:00,2026-02-25T00:34:43.763000+00:00
10071958|Royce O'Neale|STL|DEMON|1.5|OVER,10071958,Royce O'Neale,PHX,STL,STEALS,1,1.5,OVER,DEMON,1,0,1.5,0,0,demon,2026-02-24T21:10:00.000-05:00,2026-02-25T00:34:32.471000+00:00
10097473|Derrick White|3-PT ATTEMPTED|DEMON|9.5|OVER,10097473,Derrick White,BOS,3-PT ATTEMPTED,3-PT ATTEMPTED,0,9.5,OVER,DEMON,1,0,9.5,0,0,demon,2026-02-24T21:10:00.000-05:00,2026-02-25T00:34:29.117000+00:00
10102691|Jabari Smith|RA|GOBLIN|8.5|OVER,10102691,Jabari Smith,HOU,RA,REBS+ASTS,1,8.5,OVER,GOBLIN,1,0,8.5,0,0,goblin,2026-02-25T20:10:00.000-05:00,2026-02-25T00:34:01.881000+00:00
10102867|Russell Westbrook|RA|GOBLIN|7.5|OVER,10102867,Russell Westbrook,SAC,RA,REBS+ASTS,1,7.5,OVER,GOBLIN,1,0,7.5,0,0,goblin,2026-02-25T20:10:00.000-05:00,2026-02-25T00:33:25.492000+00:00
10105024|Harrison Barnes|PTS|DEMON|9.5|OVER,10105024,Harrison Barnes,SAS,PTS,POINTS,1,9.5,OVER,DEMON,1,0,9.5,0,0,demon,2026-02-25T19:40:00.000-05:00,2026-02-25T00:31:45.148000+00:00
10065818|Collin Gillespie|PR|STANDARD|20|OVER,10065818,Collin Gillespie,PHX,PR,PTS+REBS,1,20.0,OVER,STANDARD,1,0,20.0,0,0,standard,2026-02-24T21:10:00.000-05:00,2026-02-25T00:31:21.746000+00:00
10065818|Collin Gillespie|PR|STANDARD|20|UNDER,10065818,Collin Gillespie,PHX,PR,PTS+REBS,1,20.0,UNDER,STANDARD,0,1,20.0,0,0,standard,2026-02-24T21:10:00.000-05:00,2026-02-25T00:31:21.746000+00:00
10077686|Rui Hachimura|RA|STANDARD|3.5|OVER,10077686,Rui Hachimura,LAL,RA,REBS+ASTS,1,3.5,OVER,STANDARD,1,0,3.5,0,0,standard,2026-02-24T22:40:00.000-05:00,2026-02-25T00:30:29.809000+00:00
10077686|Rui Hachimura|RA|STANDARD|3.5|UNDER,10077686,Rui Hachimura,LAL,RA,REBS+ASTS,1,3.5,UNDER,STANDARD,0,1,3.5,0,0,standard,2026-02-24T22:40:00.000-05:00,2026-02-25T00:30:29.809000+00:00
10096880|Julius Randle|PR|GOBLIN|23.5|OVER,10096880,Julius Randle,MIN,PR,PTS+REBS,1,23.5,OVER,GOBLIN,1,0,23.5,0,0,goblin,2026-02-24T22:10:00.000-05:00,2026-02-25T00:30:27.333000+00:00
10103840|Victor Wembanyama|PTS|DEMON|34.5|OVER,10103840,Victor Wembanyama,SAS,PTS,POINTS,1,34.5,OVER,DEMON,1,0,34.5,0,0,demon,2026-02-25T19:40:00.000-05:00,2026-02-25T00:30:25.506000+00:00
10102888|Tari Eason|REB|DEMON|9.5|OVER,10102888,Tari Eason,HOU,REB,REBOUNDS,1,9.5,OVER,DEMON,1,0,9.5,0,0,demon,2026-02-25T20:10:00.000-05:00,2026-02-25T00:30:21.141000+00:00
10095016|Jrue Holiday|RA|GOBLIN|7.5|OVER,10095016,Jrue Holiday,POR,RA,REBS+ASTS,1,7.5,OVER,GOBLIN,1,0,7.5,0,0,goblin,2026-02-24T22:10:00.000-05:00,2026-02-25T00:30:18.556000+00:00
10104891|Harrison Barnes|PR|STANDARD|9.5|OVER,10104891,Harrison Barnes,SAS,PR,PTS+REBS,1,9.5,OVER,STANDARD,1,0,9.5,0,0,standard,2026-02-25T19:40:00.000-05:00,2026-02-25T00:29:38.236000+00:00
10104891|Harrison Barnes|PR|STANDARD|9.5|UNDER,10104891,Harrison Barnes,SAS,PR,PTS+REBS,1,9.5,UNDER,STANDARD,0,1,9.5,0,0,standard,2026-02-25T19:40:00.000-05:00,2026-02-25T00:29:38.236000+00:00
10087008|Toumani Camara|PERSONAL FOULS|GOBLIN|2.5|OVER,10087008,Toumani Camara,POR,PERSONAL FOULS,PERSONAL FOULS,0,2.5,OVER,GOBLIN,1,0,2.5,0,0,goblin,2026-02-24T22:10:00.000-05:00,2026-02-25T00:29:16.512000+00:00
10089255|Jrue Holiday|PR|DEMON|29.5|OVER,10089255,Jrue Holiday,POR,PR,PTS+REBS,1,29.5,OVER,DEMON,1,0,29.5,0,0,demon,2026-02-24T22:10:00.000-05:00,2026-02-25T00:29:15.412000+00:00
10102864|Russell Westbrook|REB|GOBLIN|2.5|OVER,10102864,Russell Westbrook,SAC,REB,REBOUNDS,1,2.5,OVER,GOBLIN,1,0,2.5,0,0,goblin,2026-02-25T20:10:00.000-05:00,2026-02-25T00:29:00.716000+00:00
10090385|Donte DiVincenzo|PA|GOBLIN|11.5|OVER,10090385,Donte DiVincenzo,MIN,PA,PTS+ASTS,1,11.5,OVER,GOBLIN,1,0,11.5,0,0,goblin,2026-02-24T22:10:00.000-05:00,2026-02-25T00:28:53.951000+00:00
10102808|Precious Achiuwa|PTS|GOBLIN|7.5|OVER,10102808,Precious Achiuwa,SAC,PTS,POINTS,1,7.5,OVER,GOBLIN,1,0,7.5,0,0,goblin,2026-02-25T20:10:00.000-05:00,2026-02-25T00:28:13.300000+00:00
10091433|Tristan Silva|PTS|GOBLIN|6.5|OVER,10091433,Tristan Silva,ORL,PTS,POINTS,1,6.5,OVER,GOBLIN,1,0,6.5,0,0,goblin,2026-02-24T22:40:00.000-05:00,2026-02-25T00:28:07.642000+00:00
10077374|Anthony Black|PERSONAL FOULS|GOBLIN|2.5|OVER,10077374,Anthony Black,ORL,PERSONAL FOULS,PERSONAL FOULS,0,2.5,OVER,GOBLIN,1,0,2.5,0,0,goblin,2026-02-24T22:40:00.000-05:00,2026-02-25T00:27:55.723000+00:00
10071795|Baylor Scheierman|AST|DEMON|3.5|OVER,10071795,Baylor Scheierman,BOS,AST,ASSISTS,1,3.5,OVER,DEMON,1,0,3.5,0,0,demon,2026-02-24T21:10:00.000-05:00,2026-02-25T00:27:55.324000+00:00
10104888|Harrison Barnes|FG3M|GOBLIN|0.5|OVER,10104888,Harrison Barnes,SAS,FG3M,3-PT MADE,1,0.5,OVER,GOBLIN,1,0,0.5,0,0,goblin,2026-02-25T19:40:00.000-05:00,2026-02-25T00:27:47.499000+00:00
10103941|Devin Vassell|PTS|DEMON|14.5|OVER,10103941,Devin Vassell,SAS,PTS,POINTS,1,14.5,OVER,DEMON,1,0,14.5,0,0,demon,2026-02-25T19:40:00.000-05:00,2026-02-25T00:27:42.122000+00:00
10065815|Collin Gillespie|PTS|STANDARD|15.5|OVER,10065815,Collin Gillespie,PHX,PTS,POINTS,1,15.5,OVER,STANDARD,1,0,15.5,0,0,standard,2026-02-24T21:10:00.000-05:00,2026-02-25T00:27:30.579000+00:00
10065815|Collin Gillespie|PTS|STANDARD|15.5|UNDER,10065815,Collin Gillespie,PHX,PTS,POINTS,1,15.5,UNDER,STANDARD,0,1,15.5,0,0,standard,2026-02-24T21:10:00.000-05:00,2026-02-25T00:27:30.579000+00:00
10077471|Jake LaRavia|REB|DEMON|4.5|OVER,10077471,Jake LaRavia,LAL,REB,REBOUNDS,1,4.5,OVER,DEMON,1,0,4.5,0,0,demon,2026-02-24T22:40:00.000-05:00,2026-02-25T00:27:23.435000+00:00
10086949|Scoot Henderson|REB|DEMON|4.5|OVER,10086949,Scoot Henderson,POR,REB,REBOUNDS,1,4.5,OVER,DEMON,1,0,4.5,0,0,demon,2026-02-24T22:10:00.000-05:00,2026-02-25T00:27:23.425000+00:00
10071612|Grayson Allen|FG3M|DEMON|3.5|OVER,10071612,Grayson Allen,PHX,FG3M,3-PT MADE,1,3.5,OVER,DEMON,1,0,3.5,0,0,demon,2026-02-24T21:10:00.000-05:00,2026-02-25T00:27:19.678000+00:00
10103925|De'Aaron Fox|PTS|DEMON|19.5|OVER,10103925,De'Aaron Fox,SAS,PTS,POINTS,1,19.5,OVER,DEMON,1,0,19.5,0,0,demon,2026-02-25T19:40:00.000-05:00,2026-02-25T00:27:08.877000+00:00
10103960|Victor Wembanyama|FG3M|DEMON|2.5|OVER,10103960,Victor Wembanyama,SAS,FG3M,3-PT MADE,1,2.5,OVER,DEMON,1,0,2.5,0,0,demon,2026-02-25T19:40:00.000-05:00,2026-02-25T00:26:51.871000+00:00
10105049|Stephon Castle|STL|GOBLIN|0.5|OVER,10105049,Stephon Castle,SAS,STL,STEALS,1,0.5,OVER,GOBLIN,1,0,0.5,0,0,goblin,2026-02-25T19:40:00.000-05:00,2026-02-25T00:26:42.380000+00:00
10105048|Stephon Castle|STL|DEMON|2.5|OVER,10105048,Stephon Castle,SAS,STL,STEALS,1,2.5,OVER,DEMON,1,0,2.5,0,0,demon,2026-02-25T19:40:00.000-05:00,2026-02-25T00:26:42.292000+00:00
10105047|Stephon Castle|STL|DEMON|1.5|OVER,10105047,Stephon Castle,SAS,STL,STEALS,1,1.5,OVER,DEMON,1,0,1.5,0,0,demon,2026-02-25T19:40:00.000-05:00,2026-02-25T00:26:42.211000+00:00
10105046|De'Aaron Fox|STL|GOBLIN|0.5|OVER,10105046,De'Aaron Fox,SAS,STL,STEALS,1,0.5,OVER,GOBLIN,1,0,0.5,0,0,goblin,2026-02-25T19:40:00.000-05:00,2026-02-25T00:26:41.442000+00:00
10105045|De'Aaron Fox|STL|DEMON|2.5|OVER,10105045,De'Aaron Fox,SAS,STL,STEALS,1,2.5,OVER,DEMON,1,0,2.5,0,0,demon,2026-02-25T19:40:00.000-05:00,2026-02-25T00:26:41.356000+00:00
10103954|Stephon Castle|PR|STANDARD|20|OVER,10103954,Stephon Castle,SAS,PR,PTS+REBS,1,20.0,OVER,STANDARD,1,0,20.0,0,0,standard,2026-02-25T19:40:00.000-05:00,2026-02-25T00:26:22.390000+00:00
10103954|Stephon Castle|PR|STANDARD|20|UNDER,10103954,Stephon Castle,SAS,PR,PTS+REBS,1,20.0,UNDER,STANDARD,0,1,20.0,0,0,standard,2026-02-25T19:40:00.000-05:00,2026-02-25T00:26:22.390000+00:00
10104187|Julian Champagnie|FG3M|DEMON|2.5|OVER,10104187,Julian Champagnie,SAS,FG3M,3-PT MADE,1,2.5,OVER,DEMON,1,0,2.5,0,0,demon,2026-02-25T19:40:00.000-05:00,2026-02-25T00:26:15.444000+00:00
10104887|Harrison Barnes|FG3M|DEMON|1.5|OVER,10104887,Harrison Barnes,SAS,FG3M,3-PT MADE,1,1.5,OVER,DEMON,1,0,1.5,0,0,demon,2026-02-25T19:40:00.000-05:00,2026-02-25T00:26:15.433000+00:00
10093793|Mark Williams|BS|GOBLIN|0.5|OVER,10093793,Mark Williams,PHX,BS,BLKS+STLS,1,0.5,OVER,GOBLIN,1,0,0.5,0,0,goblin,2026-02-24T21:10:00.000-05:00,2026-02-25T00:26:10.589000+00:00
10104199|Ausar Thompson|PR|STANDARD|14.5|OVER,10104199,Ausar Thompson,DET,PR,PTS+REBS,1,14.5,OVER,STANDARD,1,0,14.5,0,0,standard,2026-02-25T19:40:00.000-05:00,2026-02-25T00:25:56.461000+00:00
10104199|Ausar Thompson|PR|STANDARD|14.5|UNDER,10104199,Ausar Thompson,DET,PR,PTS+REBS,1,14.5,UNDER,STANDARD,0,1,14.5,0,0,standard,2026-02-25T19:40:00.000-05:00,2026-02-25T00:25:56.461000+00:00
10090119|Nikola Vučević|PR|GOBLIN|18.5|OVER,10090119,Nikola Vučević,BOS,PR,PTS+REBS,1,18.5,OVER,GOBLIN,1,0,18.5,0,0,goblin,2026-02-24T21:10:00.000-05:00,2026-02-25T00:25:30.557000+00:00
10096636|Nikola Vučević|PR|GOBLIN|14.5|OVER,10096636,Nikola Vučević,BOS,PR,PTS+REBS,1,14.5,OVER,GOBLIN,1,0,14.5,0,0,goblin,2026-02-24T21:10:00.000-05:00,2026-02-25T00:25:30.431000+00:00
10065817|Collin Gillespie|PA|STANDARD|20.5|OVER,10065817,Collin Gillespie,PHX,PA,PTS+ASTS,1,20.5,OVER,STANDARD,1,0,20.5,0,0,standard,2026-02-24T21:10:00.000-05:00,2026-02-25T00:24:08.434000+00:00
10065817|Collin Gillespie|PA|STANDARD|20.5|UNDER,10065817,Collin Gillespie,PHX,PA,PTS+ASTS,1,20.5,UNDER,STANDARD,0,1,20.5,0,0,standard,2026-02-24T21:10:00.000-05:00,2026-02-25T00:24:08.434000+00:00
10103942|Devin Vassell|PTS|DEMON|19.5|OVER,10103942,Devin Vassell,SAS,PTS,POINTS,1,19.5,OVER,DEMON,1,0,19.5,0,0,demon,2026-02-25T19:40:00.000-05:00,2026-02-25T00:23:59.762000+00:00
10103926|De'Aaron Fox|PTS|DEMON|24.5|OVER,10103926,De'Aaron Fox,SAS,PTS,POINTS,1,24.5,OVER,DEMON,1,0,24.5,0,0,demon,2026-02-25T19:40:00.000-05:00,2026-02-25T00:23:59.753000+00:00
10103846|Victor Wembanyama|REB|DEMON|15.5|OVER,10103846,Victor Wembanyama,SAS,REB,REBOUNDS,1,15.5,OVER,DEMON,1,0,15.5,0,0,demon,2026-02-25T19:40:00.000-05:00,2026-02-25T00:23:59.743000+00:00
10103964|Victor Wembanyama|PTS|DEMON|29.5|OVER,10103964,Victor Wembanyama,SAS,PTS,POINTS,1,29.5,OVER,DEMON,1,0,29.5,0,0,demon,2026-02-25T19:40:00.000-05:00,2026-02-25T00:23:51.332000+00:00
10103842|Victor Wembanyama|PA|STANDARD|26.5|OVER,10103842,Victor Wembanyama,SAS,PA,PTS+ASTS,1,26.5,OVER,STANDARD,1,0,26.5,0,0,standard,2026-02-25T19:40:00.000-05:00,2026-02-25T00:23:48.541000+00:00
10103842|Victor Wembanyama|PA|STANDARD|26.5|UNDER,10103842,Victor Wembanyama,SAS,PA,PTS+ASTS,1,26.5,UNDER,STANDARD,0,1,26.5,0,0,standard,2026-02-25T19:40:00.000-05:00,2026-02-25T00:23:48.541000+00:00
10104196|Julian Champagnie|REB|GOBLIN|3.5|OVER,10104196,Julian Champagnie,SAS,REB,REBOUNDS,1,3.5,OVER,GOBLIN,1,0,3.5,0,0,goblin,2026-02-25T19:40:00.000-05:00,2026-02-25T00:23:39.947000+00:00
10105025|Stephon Castle|PTS|GOBLIN|14.5|OVER,10105025,Stephon Castle,SAS,PTS,POINTS,1,14.5,OVER,GOBLIN,1,0,14.5,0,0,goblin,2026-02-25T19:40:00.000-05:00,2026-02-25T00:23:30.798000+00:00
10072042|Neemias Queta|PRA|GOBLIN|16.5|OVER,10072042,Neemias Queta,BOS,PRA,PTS+REBS+ASTS,1,16.5,OVER,GOBLIN,1,0,16.5,0,0,goblin,2026-02-24T21:10:00.000-05:00,2026-02-25T00:23:07.269000+00:00
10095123|Collin Gillespie|FANTASY SCORE|STANDARD|31.5|OVER,10095123,Collin Gillespie,PHX,FANTASY SCORE,FANTASY SCORE,0,31.5,OVER,STANDARD,1,0,31.5,0,0,standard,2026-02-24T21:10:00.000-05:00,2026-02-25T00:22:09.022000+00:00
10095123|Collin Gillespie|FANTASY SCORE|STANDARD|31.5|UNDER,10095123,Collin Gillespie,PHX,FANTASY SCORE,FANTASY SCORE,0,31.5,UNDER,STANDARD,0,1,31.5,0,0,standard,2026-02-24T21:10:00.000-05:00,2026-02-25T00:22:09.022000+00:00
10065819|Collin Gillespie|PRA|STANDARD|25.5|OVER,10065819,Collin Gillespie,PHX,PRA,PTS+REBS+ASTS,1,25.5,OVER,STANDARD,1,0,25.5,0,0,standard,2026-02-24T21:10:00.000-05:00,2026-02-25T00:21:58.919000+00:00
10065819|Collin Gillespie|PRA|STANDARD|25.5|UNDER,10065819,Collin Gillespie,PHX,PRA,PTS+REBS+ASTS,1,25.5,UNDER,STANDARD,0,1,25.5,0,0,standard,2026-02-24T21:10:00.000-05:00,2026-02-25T00:21:58.919000+00:00
10104740|Dylan Harper|REB|DEMON|3.5|OVER,10104740,Dylan Harper,SAS,REB,REBOUNDS,1,3.5,OVER,DEMON,1,0,3.5,0,0,demon,2026-02-25T19:40:00.000-05:00,2026-02-25T00:21:32.757000+00:00
10089009|Ryan Dunn|PTS|STANDARD|6|OVER,10089009,Ryan Dunn,PHX,PTS,POINTS,1,6.0,OVER,STANDARD,1,0,6.0,0,0,standard,2026-02-24T21:10:00.000-05:00,2026-02-25T00:20:30.641000+00:00
10089009|Ryan Dunn|PTS|STANDARD|6|UNDER,10089009,Ryan Dunn,PHX,PTS,POINTS,1,6.0,UNDER,STANDARD,0,1,6.0,0,0,standard,2026-02-24T21:10:00.000-05:00,2026-02-25T00:20:30.641000+00:00
10102751|Malik Monk|PTS|DEMON|17.5|OVER,10102751,Malik Monk,SAC,PTS,POINTS,1,17.5,OVER,DEMON,1,0,17.5,0,0,demon,2026-02-25T20:10:00.000-05:00,2026-02-25T00:20:24.783000+00:00
10065823|Collin Gillespie|RA|STANDARD|9.5|OVER,10065823,Collin Gillespie,PHX,RA,REBS+ASTS,1,9.5,OVER,STANDARD,1,0,9.5,0,0,standard,2026-02-24T21:10:00.000-05:00,2026-02-25T00:20:19.018000+00:00
10065823|Collin Gillespie|RA|STANDARD|9.5|UNDER,10065823,Collin Gillespie,PHX,RA,REBS+ASTS,1,9.5,UNDER,STANDARD,0,1,9.5,0,0,standard,2026-02-24T21:10:00.000-05:00,2026-02-25T00:20:19.018000+00:00
10073882|Jalen Green|AST|STANDARD|3.5|OVER,10073882,Jalen Green,PHX,AST,ASSISTS,1,3.5,OVER,STANDARD,1,0,3.5,0,0,standard,2026-02-24T21:10:00.000-05:00,2026-02-25T00:20:18.928000+00:00
10073882|Jalen Green|AST|STANDARD|3.5|UNDER,10073882,Jalen Green,PHX,AST,ASSISTS,1,3.5,UNDER,STANDARD,0,1,3.5,0,0,standard,2026-02-24T21:10:00.000-05:00,2026-02-25T00:20:18.928000+00:00
10071663|Mark Williams|PA|STANDARD|11.5|OVER,10071663,Mark Williams,PHX,PA,PTS+ASTS,1,11.5,OVER,STANDARD,1,0,11.5,0,0,standard,2026-02-24T21:10:00.000-05:00,2026-02-25T00:19:36.353000+00:00
10071663|Mark Williams|PA|STANDARD|11.5|UNDER,10071663,Mark Williams,PHX,PA,PTS+ASTS,1,11.5,UNDER,STANDARD,0,1,11.5,0,0,standard,2026-02-24T21:10:00.000-05:00,2026-02-25T00:19:36.353000+00:00
10102820|Precious Achiuwa|RA|DEMON|8.5|OVER,10102820,Precious Achiuwa,SAC,RA,REBS+ASTS,1,8.5,OVER,DEMON,1,0,8.5,0,0,demon,2026-02-25T20:10:00.000-05:00,2026-02-25T00:18:40.089000+00:00
10105026|Stephon Castle|RA|GOBLIN|10.5|OVER,10105026,Stephon Castle,SAS,RA,REBS+ASTS,1,10.5,OVER,GOBLIN,1,0,10.5,0,0,goblin,2026-02-25T19:40:00.000-05:00,2026-02-25T00:17:49.532000+00:00
10105023|Dylan Harper|PTS|DEMON|14.5|OVER,10105023,Dylan Harper,SAS,PTS,POINTS,1,14.5,OVER,DEMON,1,0,14.5,0,0,demon,2026-02-25T19:40:00.000-05:00,2026-02-25T00:17:48.343000+00:00
10103983|Jalen Duren|PA|STANDARD|17.5|OVER,10103983,Jalen Duren,DET,PA,PTS+ASTS,1,17.5,OVER,STANDARD,1,0,17.5,0,0,standard,2026-02-25T19:40:00.000-05:00,2026-02-25T00:17:44.030000+00:00
10103983|Jalen Duren|PA|STANDARD|17.5|UNDER,10103983,Jalen Duren,DET,PA,PTS+ASTS,1,17.5,UNDER,STANDARD,0,1,17.5,0,0,standard,2026-02-25T19:40:00.000-05:00,2026-02-25T00:17:44.030000+00:00
10093418|Tristan Silva|PERSONAL FOULS|GOBLIN|1.5|OVER,10093418,Tristan Silva,ORL,PERSONAL FOULS,PERSONAL FOULS,0,1.5,OVER,GOBLIN,1,0,1.5,0,0,goblin,2026-02-24T22:40:00.000-05:00,2026-02-25T00:16:39.324000+00:00
10103970|Cade Cunningham|PR|STANDARD|31.5|OVER,10103970,Cade Cunningham,DET,PR,PTS+REBS,1,31.5,OVER,STANDARD,1,0,31.5,0,0,standard,2026-02-25T19:40:00.000-05:00,2026-02-25T00:16:34.278000+00:00
10103970|Cade Cunningham|PR|STANDARD|31.5|UNDER,10103970,Cade Cunningham,DET,PR,PTS+REBS,1,31.5,UNDER,STANDARD,0,1,31.5,0,0,standard,2026-02-25T19:40:00.000-05:00,2026-02-25T00:16:34.278000+00:00
10104206|Tobias Harris|PR|STANDARD|18.5|OVER,10104206,Tobias Harris,DET,PR,PTS+REBS,1,18.5,OVER,STANDARD,1,0,18.5,0,0,standard,2026-02-25T19:40:00.000-05:00,2026-02-25T00:15:59.870000+00:00
10104206|Tobias Harris|PR|STANDARD|18.5|UNDER,10104206,Tobias Harris,DET,PR,PTS+REBS,1,18.5,UNDER,STANDARD,0,1,18.5,0,0,standard,2026-02-25T19:40:00.000-05:00,2026-02-25T00:15:59.870000+00:00
10102765|Maxime Raynaud|PTS|GOBLIN|10.5|OVER,10102765,Maxime Raynaud,SAC,PTS,POINTS,1,10.5,OVER,GOBLIN,1,0,10.5,0,0,goblin,2026-02-25T20:10:00.000-05:00,2026-02-25T00:15:27.176000+00:00
10102790|Nique Clifford|PRA|DEMON|19.5|OVER,10102790,Nique Clifford,SAC,PRA,PTS+REBS+ASTS,1,19.5,OVER,DEMON,1,0,19.5,0,0,demon,2026-02-25T20:10:00.000-05:00,2026-02-25T00:14:47.521000+00:00
10103719|Nique Clifford|PRA|GOBLIN|15.5|OVER,10103719,Nique Clifford,SAC,PRA,PTS+REBS+ASTS,1,15.5,OVER,GOBLIN,1,0,15.5,0,0,goblin,2026-02-25T20:10:00.000-05:00,2026-02-25T00:14:30.397000+00:00
10103982|Jalen Duren|AST|GOBLIN|1.5|OVER,10103982,Jalen Duren,DET,AST,ASSISTS,1,1.5,OVER,GOBLIN,1,0,1.5,0,0,goblin,2026-02-25T19:40:00.000-05:00,2026-02-25T00:14:21.813000+00:00
10104885|De'Aaron Fox|AST|GOBLIN|5.5|OVER,10104885,De'Aaron Fox,SAS,AST,ASSISTS,1,5.5,OVER,GOBLIN,1,0,5.5,0,0,goblin,2026-02-25T19:40:00.000-05:00,2026-02-25T00:14:12.133000+00:00
10104736|Dylan Harper|PTS|STANDARD|9.5|OVER,10104736,Dylan Harper,SAS,PTS,POINTS,1,9.5,OVER,STANDARD,1,0,9.5,0,0,standard,2026-02-25T19:40:00.000-05:00,2026-02-25T00:13:28.073000+00:00
10104736|Dylan Harper|PTS|STANDARD|9.5|UNDER,10104736,Dylan Harper,SAS,PTS,POINTS,1,9.5,UNDER,STANDARD,0,1,9.5,0,0,standard,2026-02-25T19:40:00.000-05:00,2026-02-25T00:13:28.073000+00:00
10104889|Harrison Barnes|PTS|STANDARD|7.5|OVER,10104889,Harrison Barnes,SAS,PTS,POINTS,1,7.5,OVER,STANDARD,1,0,7.5,0,0,standard,2026-02-25T19:40:00.000-05:00,2026-02-25T00:13:28.061000+00:00
10104889|Harrison Barnes|PTS|STANDARD|7.5|UNDER,10104889,Harrison Barnes,SAS,PTS,POINTS,1,7.5,UNDER,STANDARD,0,1,7.5,0,0,standard,2026-02-25T19:40:00.000-05:00,2026-02-25T00:13:28.061000+00:00
10100894|Maxime Raynaud|BS|DEMON|1.5|OVER,10100894,Maxime Raynaud,SAC,BS,BLKS+STLS,1,1.5,OVER,DEMON,1,0,1.5,0,0,demon,2026-02-25T20:10:00.000-05:00,2026-02-25T00:13:13.347000+00:00
10102724|Kevin Durant|AST|DEMON|6.5|OVER,10102724,Kevin Durant,HOU,AST,ASSISTS,1,6.5,OVER,DEMON,1,0,6.5,0,0,demon,2026-02-25T20:10:00.000-05:00,2026-02-25T00:13:00.502000+00:00
10086667|Jerami Grant|REB|DEMON|5.5|OVER,10086667,Jerami Grant,POR,REB,REBOUNDS,1,5.5,OVER,DEMON,1,0,5.5,0,0,demon,2026-02-24T22:10:00.000-05:00,2026-02-25T00:12:17.850000+00:00
10102742|Kevin Durant|RA|DEMON|12.5|OVER,10102742,Kevin Durant,HOU,RA,REBS+ASTS,1,12.5,OVER,DEMON,1,0,12.5,0,0,demon,2026-02-25T20:10:00.000-05:00,2026-02-25T00:12:17.237000+00:00
10103948|Stephon Castle|AST|DEMON|7.5|OVER,10103948,Stephon Castle,SAS,AST,ASSISTS,1,7.5,OVER,DEMON,1,0,7.5,0,0,demon,2026-02-25T19:40:00.000-05:00,2026-02-25T00:10:34.942000+00:00
10104744|Julian Champagnie|REB|DEMON|7.5|OVER,10104744,Julian Champagnie,SAS,REB,REBOUNDS,1,7.5,OVER,DEMON,1,0,7.5,0,0,demon,2026-02-25T19:40:00.000-05:00,2026-02-25T00:10:34.757000+00:00
10103958|Stephon Castle|REB|DEMON|7.5|OVER,10103958,Stephon Castle,SAS,REB,REBOUNDS,1,7.5,OVER,DEMON,1,0,7.5,0,0,demon,2026-02-25T19:40:00.000-05:00,2026-02-25T00:10:34.714000+00:00
10103922|De'Aaron Fox|AST|DEMON|7.5|OVER,10103922,De'Aaron Fox,SAS,AST,ASSISTS,1,7.5,OVER,DEMON,1,0,7.5,0,0,demon,2026-02-25T19:40:00.000-05:00,2026-02-25T00:10:34.686000+00:00
10104190|Julian Champagnie|PTS|DEMON|9.5|OVER,10104190,Julian Champagnie,SAS,PTS,POINTS,1,9.5,OVER,DEMON,1,0,9.5,0,0,demon,2026-02-25T19:40:00.000-05:00,2026-02-25T00:10:30.268000+00:00
10102729|Kevin Durant|PTS|DEMON|31.5|OVER,10102729,Kevin Durant,HOU,PTS,POINTS,1,31.5,OVER,DEMON,1,0,31.5,0,0,demon,2026-02-25T20:10:00.000-05:00,2026-02-25T00:09:31.274000+00:00
10088752|Julius Randle|PA|DEMON|34.5|OVER,10088752,Julius Randle,MIN,PA,PTS+ASTS,1,34.5,OVER,DEMON,1,0,34.5,0,0,demon,2026-02-24T22:10:00.000-05:00,2026-02-25T00:09:20.017000+00:00
10102740|Kevin Durant|RA|DEMON|11.5|OVER,10102740,Kevin Durant,HOU,RA,REBS+ASTS,1,11.5,OVER,DEMON,1,0,11.5,0,0,demon,2026-02-25T20:10:00.000-05:00,2026-02-25T00:08:56.311000+00:00
10104890|Harrison Barnes|PTS|GOBLIN|4.5|OVER,10104890,Harrison Barnes,SAS,PTS,POINTS,1,4.5,OVER,GOBLIN,1,0,4.5,0,0,goblin,2026-02-25T19:40:00.000-05:00,2026-02-25T00:08:28.805000+00:00
10104886|Harrison Barnes|FG3M|DEMON|2.5|OVER,10104886,Harrison Barnes,SAS,FG3M,3-PT MADE,1,2.5,OVER,DEMON,1,0,2.5,0,0,demon,2026-02-25T19:40:00.000-05:00,2026-02-25T00:08:28.316000+00:00
10102699|Keegan Murray|AST|DEMON|2.5|OVER,10102699,Keegan Murray,SAC,AST,ASSISTS,1,2.5,OVER,DEMON,1,0,2.5,0,0,demon,2026-02-25T20:10:00.000-05:00,2026-02-25T00:08:12.251000+00:00
10103935|Devin Vassell|FG3M|DEMON|2.5|OVER,10103935,Devin Vassell,SAS,FG3M,3-PT MADE,1,2.5,OVER,DEMON,1,0,2.5,0,0,demon,2026-02-25T19:40:00.000-05:00,2026-02-25T00:07:48.533000+00:00
10102799|Nique Clifford|RA|DEMON|8.5|OVER,10102799,Nique Clifford,SAC,RA,REBS+ASTS,1,8.5,OVER,DEMON,1,0,8.5,0,0,demon,2026-02-25T20:10:00.000-05:00,2026-02-25T00:07:39.862000+00:00
10103937|Devin Vassell|AST|GOBLIN|1.5|OVER,10103937,Devin Vassell,SAS,AST,ASSISTS,1,1.5,OVER,GOBLIN,1,0,1.5,0,0,goblin,2026-02-25T19:40:00.000-05:00,2026-02-25T00:07:30.372000+00:00
10104739|Dylan Harper|PRA|STANDARD|16.5|OVER,10104739,Dylan Harper,SAS,PRA,PTS+REBS+ASTS,1,16.5,OVER,STANDARD,1,0,16.5,0,0,standard,2026-02-25T19:40:00.000-05:00,2026-02-25T00:06:51.489000+00:00
10104739|Dylan Harper|PRA|STANDARD|16.5|UNDER,10104739,Dylan Harper,SAS,PRA,PTS+REBS+ASTS,1,16.5,UNDER,STANDARD,0,1,16.5,0,0,standard,2026-02-25T19:40:00.000-05:00,2026-02-25T00:06:51.489000+00:00
10102875|Tari Eason|AST|DEMON|2.5|OVER,10102875,Tari Eason,HOU,AST,ASSISTS,1,2.5,OVER,DEMON,1,0,2.5,0,0,demon,2026-02-25T20:10:00.000-05:00,2026-02-25T00:05:56.366000+00:00
10104741|Dylan Harper|REB|DEMON|5.5|OVER,10104741,Dylan Harper,SAS,REB,REBOUNDS,1,5.5,OVER,DEMON,1,0,5.5,0,0,demon,2026-02-25T19:40:00.000-05:00,2026-02-25T00:05:35.533000+00:00
10103957|Stephon Castle|REB|DEMON|5.5|OVER,10103957,Stephon Castle,SAS,REB,REBOUNDS,1,5.5,OVER,DEMON,1,0,5.5,0,0,demon,2026-02-25T19:40:00.000-05:00,2026-02-25T00:05:35.444000+00:00
10103946|Devin Vassell|REB|DEMON|5.5|OVER,10103946,Devin Vassell,SAS,REB,REBOUNDS,1,5.5,OVER,DEMON,1,0,5.5,0,0,demon,2026-02-25T19:40:00.000-05:00,2026-02-25T00:05:35.422000+00:00
10103931|De'Aaron Fox|REB|DEMON|5.5|OVER,10103931,De'Aaron Fox,SAS,REB,REBOUNDS,1,5.5,OVER,DEMON,1,0,5.5,0,0,demon,2026-02-25T19:40:00.000-05:00,2026-02-25T00:05:35.420000+00:00
10104737|Dylan Harper|PA|STANDARD|13.5|OVER,10104737,Dylan Harper,SAS,PA,PTS+ASTS,1,13.5,OVER,STANDARD,1,0,13.5,0,0,standard,2026-02-25T19:40:00.000-05:00,2026-02-25T00:05:30.995000+00:00
10104737|Dylan Harper|PA|STANDARD|13.5|UNDER,10104737,Dylan Harper,SAS,PA,PTS+ASTS,1,13.5,UNDER,STANDARD,0,1,13.5,0,0,standard,2026-02-25T19:40:00.000-05:00,2026-02-25T00:05:30.995000+00:00
10103940|Devin Vassell|PTS|GOBLIN|9.5|OVER,10103940,Devin Vassell,SAS,PTS,POINTS,1,9.5,OVER,GOBLIN,1,0,9.5,0,0,goblin,2026-02-25T19:40:00.000-05:00,2026-02-25T00:05:27.282000+00:00
10103975|Duncan Robinson|AST|GOBLIN|1.5|OVER,10103975,Duncan Robinson,DET,AST,ASSISTS,1,1.5,OVER,GOBLIN,1,0,1.5,0,0,goblin,2026-02-25T19:40:00.000-05:00,2026-02-25T00:05:17.033000+00:00
10103843|Victor Wembanyama|PR|STANDARD|35.5|OVER,10103843,Victor Wembanyama,SAS,PR,PTS+REBS,1,35.5,OVER,STANDARD,1,0,35.5,0,0,standard,2026-02-25T19:40:00.000-05:00,2026-02-25T00:04:32.893000+00:00
10103843|Victor Wembanyama|PR|STANDARD|35.5|UNDER,10103843,Victor Wembanyama,SAS,PR,PTS+REBS,1,35.5,UNDER,STANDARD,0,1,35.5,0,0,standard,2026-02-25T19:40:00.000-05:00,2026-02-25T00:04:32.893000+00:00
10104193|Julian Champagnie|PTS|STANDARD|7.5|OVER,10104193,Julian Champagnie,SAS,PTS,POINTS,1,7.5,OVER,STANDARD,1,0,7.5,0,0,standard,2026-02-25T19:40:00.000-05:00,2026-02-25T00:04:32.865000+00:00
10104193|Julian Champagnie|PTS|STANDARD|7.5|UNDER,10104193,Julian Champagnie,SAS,PTS,POINTS,1,7.5,UNDER,STANDARD,0,1,7.5,0,0,standard,2026-02-25T19:40:00.000-05:00,2026-02-25T00:04:32.865000+00:00
10103848|Victor Wembanyama|RA|STANDARD|14.5|OVER,10103848,Victor Wembanyama,SAS,RA,REBS+ASTS,1,14.5,OVER,STANDARD,1,0,14.5,0,0,standard,2026-02-25T19:40:00.000-05:00,2026-02-25T00:04:32.776000+00:00
10103848|Victor Wembanyama|RA|STANDARD|14.5|UNDER,10103848,Victor Wembanyama,SAS,RA,REBS+ASTS,1,14.5,UNDER,STANDARD,0,1,14.5,0,0,standard,2026-02-25T19:40:00.000-05:00,2026-02-25T00:04:32.776000+00:00
10103956|Stephon Castle|REB|GOBLIN|3.5|OVER,10103956,Stephon Castle,SAS,REB,REBOUNDS,1,3.5,OVER,GOBLIN,1,0,3.5,0,0,goblin,2026-02-25T19:40:00.000-05:00,2026-02-25T00:03:56.129000+00:00
10104735|Dylan Harper|AST|DEMON|5.5|OVER,10104735,Dylan Harper,SAS,AST,ASSISTS,1,5.5,OVER,DEMON,1,0,5.5,0,0,demon,2026-02-25T19:40:00.000-05:00,2026-02-25T00:03:34.683000+00:00
10103938|Devin Vassell|AST|DEMON|3.5|OVER,10103938,Devin Vassell,SAS,AST,ASSISTS,1,3.5,OVER,DEMON,1,0,3.5,0,0,demon,2026-02-25T19:40:00.000-05:00,2026-02-25T00:03:34.630000+00:00
10103949|Stephon Castle|AST|DEMON|9.5|OVER,10103949,Stephon Castle,SAS,AST,ASSISTS,1,9.5,OVER,DEMON,1,0,9.5,0,0,demon,2026-02-25T19:40:00.000-05:00,2026-02-25T00:03:34.589000+00:00
10103845|Victor Wembanyama|REB|DEMON|13.5|OVER,10103845,Victor Wembanyama,SAS,REB,REBOUNDS,1,13.5,OVER,DEMON,1,0,13.5,0,0,demon,2026-02-25T19:40:00.000-05:00,2026-02-25T00:03:34.586000+00:00
10103962|Victor Wembanyama|AST|DEMON|5.5|OVER,10103962,Victor Wembanyama,SAS,AST,ASSISTS,1,5.5,OVER,DEMON,1,0,5.5,0,0,demon,2026-02-25T19:40:00.000-05:00,2026-02-25T00:03:34.527000+00:00
10103965|Victor Wembanyama|PTS|DEMON|24.5|OVER,10103965,Victor Wembanyama,SAS,PTS,POINTS,1,24.5,OVER,DEMON,1,0,24.5,0,0,demon,2026-02-25T19:40:00.000-05:00,2026-02-25T00:03:34.515000+00:00
10103923|De'Aaron Fox|AST|DEMON|9.5|OVER,10103923,De'Aaron Fox,SAS,AST,ASSISTS,1,9.5,OVER,DEMON,1,0,9.5,0,0,demon,2026-02-25T19:40:00.000-05:00,2026-02-25T00:03:34.477000+00:00
10103966|Victor Wembanyama|REB|GOBLIN|9.5|OVER,10103966,Victor Wembanyama,SAS,REB,REBOUNDS,1,9.5,OVER,GOBLIN,1,0,9.5,0,0,goblin,2026-02-25T19:40:00.000-05:00,2026-02-25T00:03:34.465000+00:00
10103924|De'Aaron Fox|PTS|GOBLIN|14.5|OVER,10103924,De'Aaron Fox,SAS,PTS,POINTS,1,14.5,OVER,GOBLIN,1,0,14.5,0,0,goblin,2026-02-25T19:40:00.000-05:00,2026-02-25T00:03:34.464000+00:00
10103963|Victor Wembanyama|PTS|GOBLIN|19.5|OVER,10103963,Victor Wembanyama,SAS,PTS,POINTS,1,19.5,OVER,GOBLIN,1,0,19.5,0,0,goblin,2026-02-25T19:40:00.000-05:00,2026-02-25T00:03:34.439000+00:00
10104191|Julian Champagnie|PTS|DEMON|14.5|OVER,10104191,Julian Champagnie,SAS,PTS,POINTS,1,14.5,OVER,DEMON,1,0,14.5,0,0,demon,2026-02-25T19:40:00.000-05:00,2026-02-25T00:03:34.384000+00:00
10103951|Stephon Castle|PTS|DEMON|19.5|OVER,10103951,Stephon Castle,SAS,PTS,POINTS,1,19.5,OVER,DEMON,1,0,19.5,0,0,demon,2026-02-25T19:40:00.000-05:00,2026-02-25T00:03:34.371000+00:00
10086466|Anthony Edwards|STL|DEMON|3.5|OVER,10086466,Anthony Edwards,MIN,STL,STEALS,1,3.5,OVER,DEMON,1,0,3.5,0,0,demon,2026-02-24T22:10:00.000-05:00,2026-02-25T00:03:26.053000+00:00
10104730|Deandre Ayton|PA|DEMON|14.5|OVER,10104730,Deandre Ayton,LAL,PA,PTS+ASTS,1,14.5,OVER,DEMON,1,0,14.5,0,0,demon,2026-02-24T22:40:00.000-05:00,2026-02-25T00:02:41.297000+00:00
10103943|Devin Vassell|PRA|STANDARD|18.5|OVER,10103943,Devin Vassell,SAS,PRA,PTS+REBS+ASTS,1,18.5,OVER,STANDARD,1,0,18.5,0,0,standard,2026-02-25T19:40:00.000-05:00,2026-02-25T00:02:27.103000+00:00
10103943|Devin Vassell|PRA|STANDARD|18.5|UNDER,10103943,Devin Vassell,SAS,PRA,PTS+REBS+ASTS,1,18.5,UNDER,STANDARD,0,1,18.5,0,0,standard,2026-02-25T19:40:00.000-05:00,2026-02-25T00:02:27.103000+00:00
10103969|Cade Cunningham|PA|STANDARD|35.5|OVER,10103969,Cade Cunningham,DET,PA,PTS+ASTS,1,35.5,OVER,STANDARD,1,0,35.5,0,0,standard,2026-02-25T19:40:00.000-05:00,2026-02-25T00:02:13.312000+00:00
10103969|Cade Cunningham|PA|STANDARD|35.5|UNDER,10103969,Cade Cunningham,DET,PA,PTS+ASTS,1,35.5,UNDER,STANDARD,0,1,35.5,0,0,standard,2026-02-25T19:40:00.000-05:00,2026-02-25T00:02:13.312000+00:00
10104731|Deandre Ayton|PA|GOBLIN|9.5|OVER,10104731,Deandre Ayton,LAL,PA,PTS+ASTS,1,9.5,OVER,GOBLIN,1,0,9.5,0,0,goblin,2026-02-24T22:40:00.000-05:00,2026-02-25T00:02:11.129000+00:00
10103972|Cade Cunningham|REB|GOBLIN|5.5|OVER,10103972,Cade Cunningham,DET,REB,REBOUNDS,1,5.5,OVER,GOBLIN,1,0,5.5,0,0,goblin,2026-02-25T19:40:00.000-05:00,2026-02-25T00:02:06.726000+00:00
10104195|Julian Champagnie|REB|DEMON|4.5|OVER,10104195,Julian Champagnie,SAS,REB,REBOUNDS,1,4.5,OVER,DEMON,1,0,4.5,0,0,demon,2026-02-25T19:40:00.000-05:00,2026-02-25T00:01:26.328000+00:00
10103928|De'Aaron Fox|PA|STANDARD|22.5|OVER,10103928,De'Aaron Fox,SAS,PA,PTS+ASTS,1,22.5,OVER,STANDARD,1,0,22.5,0,0,standard,2026-02-25T19:40:00.000-05:00,2026-02-25T00:01:24.552000+00:00
10103928|De'Aaron Fox|PA|STANDARD|22.5|UNDER,10103928,De'Aaron Fox,SAS,PA,PTS+ASTS,1,22.5,UNDER,STANDARD,0,1,22.5,0,0,standard,2026-02-25T19:40:00.000-05:00,2026-02-25T00:01:24.552000+00:00
10104192|Julian Champagnie|PTS|GOBLIN|4.5|OVER,10104192,Julian Champagnie,SAS,PTS,POINTS,1,4.5,OVER,GOBLIN,1,0,4.5,0,0,goblin,2026-02-25T19:40:00.000-05:00,2026-02-25T00:01:00.037000+00:00
10102682|Jabari Smith|PTS|DEMON|21.5|OVER,10102682,Jabari Smith,HOU,PTS,POINTS,1,21.5,OVER,DEMON,1,0,21.5,0,0,demon,2026-02-25T20:10:00.000-05:00,2026-02-25T00:00:47.963000+00:00
10103959|Stephon Castle|REB|STANDARD|4.5|OVER,10103959,Stephon Castle,SAS,REB,REBOUNDS,1,4.5,OVER,STANDARD,1,0,4.5,0,0,standard,2026-02-25T19:40:00.000-05:00,2026-02-25T00:00:42.119000+00:00
10103959|Stephon Castle|REB|STANDARD|4.5|UNDER,10103959,Stephon Castle,SAS,REB,REBOUNDS,1,4.5,UNDER,STANDARD,0,1,4.5,0,0,standard,2026-02-25T19:40:00.000-05:00,2026-02-25T00:00:42.119000+00:00
10104153|Luka Dončić|PTS|STANDARD|31.5|OVER,10104153,Luka Dončić,LAL,PTS,POINTS,1,31.5,OVER,STANDARD,1,0,31.5,0,0,standard,2026-02-24T22:40:00.000-05:00,2026-02-25T00:00:18.001000+00:00
10104153|Luka Dončić|PTS|STANDARD|31.5|UNDER,10104153,Luka Dončić,LAL,PTS,POINTS,1,31.5,UNDER,STANDARD,0,1,31.5,0,0,standard,2026-02-24T22:40:00.000-05:00,2026-02-25T00:00:18.001000+00:00
10104544|Nique Clifford|PRA|GOBLIN|14.5|OVER,10104544,Nique Clifford,SAC,PRA,PTS+REBS+ASTS,1,14.5,OVER,GOBLIN,1,0,14.5,0,0,goblin,2026-02-25T20:10:00.000-05:00,2026-02-24T23:59:45.053000+00:00
10102876|Tari Eason|AST|DEMON|3.5|OVER,10102876,Tari Eason,HOU,AST,ASSISTS,1,3.5,OVER,DEMON,1,0,3.5,0,0,demon,2026-02-25T20:10:00.000-05:00,2026-02-24T23:59:38.776000+00:00
10104743|Julian Champagnie|PR|STANDARD|12.5|OVER,10104743,Julian Champagnie,SAS,PR,PTS+REBS,1,12.5,OVER,STANDARD,1,0,12.5,0,0,standard,2026-02-25T19:40:00.000-05:00,2026-02-24T23:59:29.981000+00:00
10104743|Julian Champagnie|PR|STANDARD|12.5|UNDER,10104743,Julian Champagnie,SAS,PR,PTS+REBS,1,12.5,UNDER,STANDARD,0,1,12.5,0,0,standard,2026-02-25T19:40:00.000-05:00,2026-02-24T23:59:29.981000+00:00
10089849|Jaden McDaniels|BLOCKED SHOTS|DEMON|2.5|OVER,10089849,Jaden McDaniels,MIN,BLOCKED SHOTS,BLOCKED SHOTS,0,2.5,OVER,DEMON,1,0,2.5,0,0,demon,2026-02-24T22:10:00.000-05:00,2026-02-24T23:59:22.258000+00:00
10103927|De'Aaron Fox|PTS|STANDARD|16.5|OVER,10103927,De'Aaron Fox,SAS,PTS,POINTS,1,16.5,OVER,STANDARD,1,0,16.5,0,0,standard,2026-02-25T19:40:00.000-05:00,2026-02-24T23:59:10.601000+00:00
10103927|De'Aaron Fox|PTS|STANDARD|16.5|UNDER,10103927,De'Aaron Fox,SAS,PTS,POINTS,1,16.5,UNDER,STANDARD,0,1,16.5,0,0,standard,2026-02-25T19:40:00.000-05:00,2026-02-24T23:59:10.601000+00:00
10100954|Precious Achiuwa|TOV|GOBLIN|0.5|OVER,10100954,Precious Achiuwa,SAC,TOV,TURNOVERS,1,0.5,OVER,GOBLIN,1,0,0.5,0,0,goblin,2026-02-25T20:10:00.000-05:00,2026-02-24T23:59:00.513000+00:00
10104204|Ronald Holland|PTS|STANDARD|6.5|OVER,10104204,Ronald Holland,DET,PTS,POINTS,1,6.5,OVER,STANDARD,1,0,6.5,0,0,standard,2026-02-25T19:40:00.000-05:00,2026-02-24T23:58:56.625000+00:00
10104204|Ronald Holland|PTS|STANDARD|6.5|UNDER,10104204,Ronald Holland,DET,PTS,POINTS,1,6.5,UNDER,STANDARD,0,1,6.5,0,0,standard,2026-02-25T19:40:00.000-05:00,2026-02-24T23:58:56.625000+00:00
10103919|De'Aaron Fox|FG3M|DEMON|2.5|OVER,10103919,De'Aaron Fox,SAS,FG3M,3-PT MADE,1,2.5,OVER,DEMON,1,0,2.5,0,0,demon,2026-02-25T19:40:00.000-05:00,2026-02-24T23:58:48.589000+00:00
10103961|Victor Wembanyama|FG3M|DEMON|3.5|OVER,10103961,Victor Wembanyama,SAS,FG3M,3-PT MADE,1,3.5,OVER,DEMON,1,0,3.5,0,0,demon,2026-02-25T19:40:00.000-05:00,2026-02-24T23:58:48.547000+00:00
10103920|De'Aaron Fox|FG3M|DEMON|3.5|OVER,10103920,De'Aaron Fox,SAS,FG3M,3-PT MADE,1,3.5,OVER,DEMON,1,0,3.5,0,0,demon,2026-02-25T19:40:00.000-05:00,2026-02-24T23:58:48.476000+00:00
10103936|Devin Vassell|FG3M|DEMON|3.5|OVER,10103936,Devin Vassell,SAS,FG3M,3-PT MADE,1,3.5,OVER,DEMON,1,0,3.5,0,0,demon,2026-02-25T19:40:00.000-05:00,2026-02-24T23:58:48.416000+00:00
10103945|Devin Vassell|REB|DEMON|3.5|OVER,10103945,Devin Vassell,SAS,REB,REBOUNDS,1,3.5,OVER,DEMON,1,0,3.5,0,0,demon,2026-02-25T19:40:00.000-05:00,2026-02-24T23:58:48.244000+00:00
10104207|Tobias Harris|REB|GOBLIN|4.5|OVER,10104207,Tobias Harris,DET,REB,REBOUNDS,1,4.5,OVER,GOBLIN,1,0,4.5,0,0,goblin,2026-02-25T19:40:00.000-05:00,2026-02-24T23:58:39.659000+00:00
10102099|Paolo Banchero|REB|STANDARD|7.5|OVER,10102099,Paolo Banchero,ORL,REB,REBOUNDS,1,7.5,OVER,STANDARD,1,0,7.5,0,0,standard,2026-02-24T22:40:00.000-05:00,2026-02-24T23:58:12.936000+00:00
10102099|Paolo Banchero|REB|STANDARD|7.5|UNDER,10102099,Paolo Banchero,ORL,REB,REBOUNDS,1,7.5,UNDER,STANDARD,0,1,7.5,0,0,standard,2026-02-24T22:40:00.000-05:00,2026-02-24T23:58:12.936000+00:00
10103933|De'Aaron Fox|RA|STANDARD|9.5|OVER,10103933,De'Aaron Fox,SAS,RA,REBS+ASTS,1,9.5,OVER,STANDARD,1,0,9.5,0,0,standard,2026-02-25T19:40:00.000-05:00,2026-02-24T23:57:51.129000+00:00
10103933|De'Aaron Fox|RA|STANDARD|9.5|UNDER,10103933,De'Aaron Fox,SAS,RA,REBS+ASTS,1,9.5,UNDER,STANDARD,0,1,9.5,0,0,standard,2026-02-25T19:40:00.000-05:00,2026-02-24T23:57:51.129000+00:00
10102701|Keegan Murray|BLOCKED SHOTS|GOBLIN|0.5|OVER,10102701,Keegan Murray,SAC,BLOCKED SHOTS,BLOCKED SHOTS,0,0.5,OVER,GOBLIN,1,0,0.5,0,0,goblin,2026-02-25T20:10:00.000-05:00,2026-02-24T23:57:02.178000+00:00
10102794|Nique Clifford|REB|DEMON|4.5|OVER,10102794,Nique Clifford,SAC,REB,REBOUNDS,1,4.5,OVER,DEMON,1,0,4.5,0,0,demon,2026-02-25T20:10:00.000-05:00,2026-02-24T23:56:40.525000+00:00
10102865|Russell Westbrook|REB|DEMON|4.5|OVER,10102865,Russell Westbrook,SAC,REB,REBOUNDS,1,4.5,OVER,DEMON,1,0,4.5,0,0,demon,2026-02-25T20:10:00.000-05:00,2026-02-24T23:56:09.106000+00:00
10104202|Cade Cunningham|STL|DEMON|1.5|OVER,10104202,Cade Cunningham,DET,STL,STEALS,1,1.5,OVER,DEMON,1,0,1.5,0,0,demon,2026-02-25T19:40:00.000-05:00,2026-02-24T23:55:28.257000+00:00
10103978|Duncan Robinson|PR|STANDARD|13.5|OVER,10103978,Duncan Robinson,DET,PR,PTS+REBS,1,13.5,OVER,STANDARD,1,0,13.5,0,0,standard,2026-02-25T19:40:00.000-05:00,2026-02-24T23:54:37.377000+00:00
10103978|Duncan Robinson|PR|STANDARD|13.5|UNDER,10103978,Duncan Robinson,DET,PR,PTS+REBS,1,13.5,UNDER,STANDARD,0,1,13.5,0,0,standard,2026-02-25T19:40:00.000-05:00,2026-02-24T23:54:37.377000+00:00
10102815|Precious Achiuwa|PRA|DEMON|22.5|OVER,10102815,Precious Achiuwa,SAC,PRA,PTS+REBS+ASTS,1,22.5,OVER,DEMON,1,0,22.5,0,0,demon,2026-02-25T20:10:00.000-05:00,2026-02-24T23:54:28.641000+00:00
10095920|Moritz Wagner|AST|GOBLIN|0.5|OVER,10095920,Moritz Wagner,ORL,AST,ASSISTS,1,0.5,OVER,GOBLIN,1,0,0.5,0,0,goblin,2026-02-24T22:40:00.000-05:00,2026-02-24T23:53:57.171000+00:00
10103986|Jalen Duren|REB|DEMON|11.5|OVER,10103986,Jalen Duren,DET,REB,REBOUNDS,1,11.5,OVER,DEMON,1,0,11.5,0,0,demon,2026-02-25T19:40:00.000-05:00,2026-02-24T23:53:50.283000+00:00
10083948|Baylor Scheierman|AST|DEMON|4.5|OVER,10083948,Baylor Scheierman,BOS,AST,ASSISTS,1,4.5,OVER,DEMON,1,0,4.5,0,0,demon,2026-02-24T21:10:00.000-05:00,2026-02-24T23:53:36.551000+00:00
10102866|Russell Westbrook|REB|DEMON|5.5|OVER,10102866,Russell Westbrook,SAC,REB,REBOUNDS,1,5.5,OVER,DEMON,1,0,5.5,0,0,demon,2026-02-25T20:10:00.000-05:00,2026-02-24T23:53:30.877000+00:00
10085638|Marcus Smart|REB|DEMON|4.5|OVER,10085638,Marcus Smart,LAL,REB,REBOUNDS,1,4.5,OVER,DEMON,1,0,4.5,0,0,demon,2026-02-24T22:40:00.000-05:00,2026-02-24T23:53:30.858000+00:00
10102767|Maxime Raynaud|PTS|DEMON|14.5|OVER,10102767,Maxime Raynaud,SAC,PTS,POINTS,1,14.5,OVER,DEMON,1,0,14.5,0,0,demon,2026-02-25T20:10:00.000-05:00,2026-02-24T23:53:23.584000+00:00
10104205|Tobias Harris|FG3M|DEMON|1.5|OVER,10104205,Tobias Harris,DET,FG3M,3-PT MADE,1,1.5,OVER,DEMON,1,0,1.5,0,0,demon,2026-02-25T19:40:00.000-05:00,2026-02-24T23:52:46.076000+00:00
10102854|Russell Westbrook|BS|DEMON|1.5|OVER,10102854,Russell Westbrook,SAC,BS,BLKS+STLS,1,1.5,OVER,DEMON,1,0,1.5,0,0,demon,2026-02-25T20:10:00.000-05:00,2026-02-24T23:52:25.958000+00:00
10103967|Cade Cunningham|AST|STANDARD|9.5|OVER,10103967,Cade Cunningham,DET,AST,ASSISTS,1,9.5,OVER,STANDARD,1,0,9.5,0,0,standard,2026-02-25T19:40:00.000-05:00,2026-02-24T23:52:22.384000+00:00
10103967|Cade Cunningham|AST|STANDARD|9.5|UNDER,10103967,Cade Cunningham,DET,AST,ASSISTS,1,9.5,UNDER,STANDARD,0,1,9.5,0,0,standard,2026-02-25T19:40:00.000-05:00,2026-02-24T23:52:22.384000+00:00
10103837|Victor Wembanyama|BLOCKED SHOTS|DEMON|3.5|OVER,10103837,Victor Wembanyama,SAS,BLOCKED SHOTS,BLOCKED SHOTS,0,3.5,OVER,DEMON,1,0,3.5,0,0,demon,2026-02-25T19:40:00.000-05:00,2026-02-24T23:51:45.659000+00:00
10102825|Reed Sheppard|FG3M|DEMON|3.5|OVER,10102825,Reed Sheppard,HOU,FG3M,3-PT MADE,1,3.5,OVER,DEMON,1,0,3.5,0,0,demon,2026-02-25T20:10:00.000-05:00,2026-02-24T23:51:40.663000+00:00
10102744|Malik Monk|FG3M|DEMON|2.5|OVER,10102744,Malik Monk,SAC,FG3M,3-PT MADE,1,2.5,OVER,DEMON,1,0,2.5,0,0,demon,2026-02-25T20:10:00.000-05:00,2026-02-24T23:51:40.655000+00:00
10086817|Naz Reid|PTS|STANDARD|12.5|OVER,10086817,Naz Reid,MIN,PTS,POINTS,1,12.5,OVER,STANDARD,1,0,12.5,0,0,standard,2026-02-24T22:10:00.000-05:00,2026-02-24T23:51:11.378000+00:00
10086817|Naz Reid|PTS|STANDARD|12.5|UNDER,10086817,Naz Reid,MIN,PTS,POINTS,1,12.5,UNDER,STANDARD,0,1,12.5,0,0,standard,2026-02-24T22:10:00.000-05:00,2026-02-24T23:51:11.378000+00:00
10102763|Maxime Raynaud|AST|DEMON|2.5|OVER,10102763,Maxime Raynaud,SAC,AST,ASSISTS,1,2.5,OVER,DEMON,1,0,2.5,0,0,demon,2026-02-25T20:10:00.000-05:00,2026-02-24T23:51:01.747000+00:00
10088720|Anthony Edwards|PA|DEMON|39.5|OVER,10088720,Anthony Edwards,MIN,PA,PTS+ASTS,1,39.5,OVER,DEMON,1,0,39.5,0,0,demon,2026-02-24T22:10:00.000-05:00,2026-02-24T23:50:00.792000+00:00
10102851|Russell Westbrook|AST|DEMON|6.5|OVER,10102851,Russell Westbrook,SAC,AST,ASSISTS,1,6.5,OVER,DEMON,1,0,6.5,0,0,demon,2026-02-25T20:10:00.000-05:00,2026-02-24T23:48:56.943000+00:00
10065842|Jalen Green|FG3M|DEMON|4.5|OVER,10065842,Jalen Green,PHX,FG3M,3-PT MADE,1,4.5,OVER,DEMON,1,0,4.5,0,0,demon,2026-02-24T21:10:00.000-05:00,2026-02-24T23:48:35.757000+00:00
10071836|Grayson Allen|AST|DEMON|6.5|OVER,10071836,Grayson Allen,PHX,AST,ASSISTS,1,6.5,OVER,DEMON,1,0,6.5,0,0,demon,2026-02-24T21:10:00.000-05:00,2026-02-24T23:48:34.965000+00:00
10103981|Duncan Robinson|RA|STANDARD|4.5|OVER,10103981,Duncan Robinson,DET,RA,REBS+ASTS,1,4.5,OVER,STANDARD,1,0,4.5,0,0,standard,2026-02-25T19:40:00.000-05:00,2026-02-24T23:48:18.930000+00:00
10103981|Duncan Robinson|RA|STANDARD|4.5|UNDER,10103981,Duncan Robinson,DET,RA,REBS+ASTS,1,4.5,UNDER,STANDARD,0,1,4.5,0,0,standard,2026-02-25T19:40:00.000-05:00,2026-02-24T23:48:18.930000+00:00
10077700|Wendell Carter|AST|DEMON|3.5|OVER,10077700,Wendell Carter,ORL,AST,ASSISTS,1,3.5,OVER,DEMON,1,0,3.5,0,0,demon,2026-02-24T22:40:00.000-05:00,2026-02-24T23:47:48.012000+00:00
10103980|Duncan Robinson|REB|STANDARD|2.5|OVER,10103980,Duncan Robinson,DET,REB,REBOUNDS,1,2.5,OVER,STANDARD,1,0,2.5,0,0,standard,2026-02-25T19:40:00.000-05:00,2026-02-24T23:47:19.315000+00:00
10103980|Duncan Robinson|REB|STANDARD|2.5|UNDER,10103980,Duncan Robinson,DET,REB,REBOUNDS,1,2.5,UNDER,STANDARD,0,1,2.5,0,0,standard,2026-02-25T19:40:00.000-05:00,2026-02-24T23:47:19.315000+00:00
10101004|Tari Eason|PA|STANDARD|15.5|OVER,10101004,Tari Eason,HOU,PA,PTS+ASTS,1,15.5,OVER,STANDARD,1,0,15.5,0,0,standard,2026-02-25T20:10:00.000-05:00,2026-02-24T23:47:06.219000+00:00
10101004|Tari Eason|PA|STANDARD|15.5|UNDER,10101004,Tari Eason,HOU,PA,PTS+ASTS,1,15.5,UNDER,STANDARD,0,1,15.5,0,0,standard,2026-02-25T20:10:00.000-05:00,2026-02-24T23:47:06.219000+00:00
10103839|Victor Wembanyama|BLOCKED SHOTS|GOBLIN|2.5|OVER,10103839,Victor Wembanyama,SAS,BLOCKED SHOTS,BLOCKED SHOTS,0,2.5,OVER,GOBLIN,1,0,2.5,0,0,goblin,2026-02-25T19:40:00.000-05:00,2026-02-24T23:46:46.370000+00:00
10104200|Ausar Thompson|PRA|STANDARD|18.5|OVER,10104200,Ausar Thompson,DET,PRA,PTS+REBS+ASTS,1,18.5,OVER,STANDARD,1,0,18.5,0,0,standard,2026-02-25T19:40:00.000-05:00,2026-02-24T23:46:38.814000+00:00
10104200|Ausar Thompson|PRA|STANDARD|18.5|UNDER,10104200,Ausar Thompson,DET,PRA,PTS+REBS+ASTS,1,18.5,UNDER,STANDARD,0,1,18.5,0,0,standard,2026-02-25T19:40:00.000-05:00,2026-02-24T23:46:38.814000+00:00
10097043|Baylor Scheierman|PRA|GOBLIN|12.5|OVER,10097043,Baylor Scheierman,BOS,PRA,PTS+REBS+ASTS,1,12.5,OVER,GOBLIN,1,0,12.5,0,0,goblin,2026-02-24T21:10:00.000-05:00,2026-02-24T23:45:14.937000+00:00
10103984|Jalen Duren|PR|STANDARD|27.5|OVER,10103984,Jalen Duren,DET,PR,PTS+REBS,1,27.5,OVER,STANDARD,1,0,27.5,0,0,standard,2026-02-25T19:40:00.000-05:00,2026-02-24T23:44:39.785000+00:00
10103984|Jalen Duren|PR|STANDARD|27.5|UNDER,10103984,Jalen Duren,DET,PR,PTS+REBS,1,27.5,UNDER,STANDARD,0,1,27.5,0,0,standard,2026-02-25T19:40:00.000-05:00,2026-02-24T23:44:39.785000+00:00
10103985|Jalen Duren|PRA|STANDARD|29.5|OVER,10103985,Jalen Duren,DET,PRA,PTS+REBS+ASTS,1,29.5,OVER,STANDARD,1,0,29.5,0,0,standard,2026-02-25T19:40:00.000-05:00,2026-02-24T23:44:01.315000+00:00
10103985|Jalen Duren|PRA|STANDARD|29.5|UNDER,10103985,Jalen Duren,DET,PRA,PTS+REBS+ASTS,1,29.5,UNDER,STANDARD,0,1,29.5,0,0,standard,2026-02-25T19:40:00.000-05:00,2026-02-24T23:44:01.315000+00:00
10103953|Stephon Castle|PA|STANDARD|21.5|OVER,10103953,Stephon Castle,SAS,PA,PTS+ASTS,1,21.5,OVER,STANDARD,1,0,21.5,0,0,standard,2026-02-25T19:40:00.000-05:00,2026-02-24T23:43:54.972000+00:00
10103953|Stephon Castle|PA|STANDARD|21.5|UNDER,10103953,Stephon Castle,SAS,PA,PTS+ASTS,1,21.5,UNDER,STANDARD,0,1,21.5,0,0,standard,2026-02-25T19:40:00.000-05:00,2026-02-24T23:43:54.972000+00:00
10100843|Keegan Murray|PRA|STANDARD|22|OVER,10100843,Keegan Murray,SAC,PRA,PTS+REBS+ASTS,1,22.0,OVER,STANDARD,1,0,22.0,0,0,standard,2026-02-25T20:10:00.000-05:00,2026-02-24T23:43:37.400000+00:00
10100843|Keegan Murray|PRA|STANDARD|22|UNDER,10100843,Keegan Murray,SAC,PRA,PTS+REBS+ASTS,1,22.0,UNDER,STANDARD,0,1,22.0,0,0,standard,2026-02-25T20:10:00.000-05:00,2026-02-24T23:43:37.400000+00:00
10102745|Malik Monk|FG3M|DEMON|3.5|OVER,10102745,Malik Monk,SAC,FG3M,3-PT MADE,1,3.5,OVER,DEMON,1,0,3.5,0,0,demon,2026-02-25T20:10:00.000-05:00,2026-02-24T23:43:03.462000+00:00
10102849|Russell Westbrook|FG3M|DEMON|3.5|OVER,10102849,Russell Westbrook,SAC,FG3M,3-PT MADE,1,3.5,OVER,DEMON,1,0,3.5,0,0,demon,2026-02-25T20:10:00.000-05:00,2026-02-24T23:43:03.449000+00:00
10103934|Devin Vassell|FG3M|GOBLIN|1.5|OVER,10103934,Devin Vassell,SAS,FG3M,3-PT MADE,1,1.5,OVER,GOBLIN,1,0,1.5,0,0,goblin,2026-02-25T19:40:00.000-05:00,2026-02-24T23:42:44.300000+00:00
10103974|Duncan Robinson|FG3M|STANDARD|2.5|OVER,10103974,Duncan Robinson,DET,FG3M,3-PT MADE,1,2.5,OVER,STANDARD,1,0,2.5,0,0,standard,2026-02-25T19:40:00.000-05:00,2026-02-24T23:42:44.285000+00:00
10103974|Duncan Robinson|FG3M|STANDARD|2.5|UNDER,10103974,Duncan Robinson,DET,FG3M,3-PT MADE,1,2.5,UNDER,STANDARD,0,1,2.5,0,0,standard,2026-02-25T19:40:00.000-05:00,2026-02-24T23:42:44.285000+00:00
10102845|Reed Sheppard|STL|GOBLIN|0.5|OVER,10102845,Reed Sheppard,HOU,STL,STEALS,1,0.5,OVER,GOBLIN,1,0,0.5,0,0,goblin,2026-02-25T20:10:00.000-05:00,2026-02-24T23:42:17.820000+00:00
10102783|Nique Clifford|AST|DEMON|3.5|OVER,10102783,Nique Clifford,SAC,AST,ASSISTS,1,3.5,OVER,DEMON,1,0,3.5,0,0,demon,2026-02-25T20:10:00.000-05:00,2026-02-24T23:42:03.856000+00:00
10103973|Cade Cunningham|RA|STANDARD|15.5|OVER,10103973,Cade Cunningham,DET,RA,REBS+ASTS,1,15.5,OVER,STANDARD,1,0,15.5,0,0,standard,2026-02-25T19:40:00.000-05:00,2026-02-24T23:42:03.404000+00:00
10103973|Cade Cunningham|RA|STANDARD|15.5|UNDER,10103973,Cade Cunningham,DET,RA,REBS+ASTS,1,15.5,UNDER,STANDARD,0,1,15.5,0,0,standard,2026-02-25T19:40:00.000-05:00,2026-02-24T23:42:03.404000+00:00
10102812|Precious Achiuwa|PRA|GOBLIN|14.5|OVER,10102812,Precious Achiuwa,SAC,PRA,PTS+REBS+ASTS,1,14.5,OVER,GOBLIN,1,0,14.5,0,0,goblin,2026-02-25T20:10:00.000-05:00,2026-02-24T23:42:02.356000+00:00
10100840|Keegan Murray|PTS|STANDARD|15|OVER,10100840,Keegan Murray,SAC,PTS,POINTS,1,15.0,OVER,STANDARD,1,0,15.0,0,0,standard,2026-02-25T20:10:00.000-05:00,2026-02-24T23:41:52.702000+00:00
10100840|Keegan Murray|PTS|STANDARD|15|UNDER,10100840,Keegan Murray,SAC,PTS,POINTS,1,15.0,UNDER,STANDARD,0,1,15.0,0,0,standard,2026-02-25T20:10:00.000-05:00,2026-02-24T23:41:52.702000+00:00
10087007|Toumani Camara|FREE THROWS MADE|GOBLIN|0.5|OVER,10087007,Toumani Camara,POR,FREE THROWS MADE,FREE THROWS MADE,0,0.5,OVER,GOBLIN,1,0,0.5,0,0,goblin,2026-02-24T22:10:00.000-05:00,2026-02-24T23:41:42.766000+00:00
10103849|Kevin Durant|PTS|GOBLIN|24.5|OVER,10103849,Kevin Durant,HOU,PTS,POINTS,1,24.5,OVER,GOBLIN,1,0,24.5,0,0,goblin,2026-02-25T20:10:00.000-05:00,2026-02-24T23:41:42.737000+00:00
10065897|Payton Pritchard|PRA|STANDARD|33|OVER,10065897,Payton Pritchard,BOS,PRA,PTS+REBS+ASTS,1,33.0,OVER,STANDARD,1,0,33.0,0,0,standard,2026-02-24T21:10:00.000-05:00,2026-02-24T23:41:30.738000+00:00
10065897|Payton Pritchard|PRA|STANDARD|33|UNDER,10065897,Payton Pritchard,BOS,PRA,PTS+REBS+ASTS,1,33.0,UNDER,STANDARD,0,1,33.0,0,0,standard,2026-02-24T21:10:00.000-05:00,2026-02-24T23:41:30.738000+00:00
10104210|Reed Sheppard|AST|DEMON|4.5|OVER,10104210,Reed Sheppard,HOU,AST,ASSISTS,1,4.5,OVER,DEMON,1,0,4.5,0,0,demon,2026-02-25T20:10:00.000-05:00,2026-02-24T23:41:09.451000+00:00
10100844|Keegan Murray|REB|DEMON|5.5|OVER,10100844,Keegan Murray,SAC,REB,REBOUNDS,1,5.5,OVER,DEMON,1,0,5.5,0,0,demon,2026-02-25T20:10:00.000-05:00,2026-02-24T23:41:01.585000+00:00
10104198|Ausar Thompson|AST|GOBLIN|2.5|OVER,10104198,Ausar Thompson,DET,AST,ASSISTS,1,2.5,OVER,GOBLIN,1,0,2.5,0,0,goblin,2026-02-25T19:40:00.000-05:00,2026-02-24T23:40:52.921000+00:00
10089550|Nikola Vučević|PA|GOBLIN|11.5|OVER,10089550,Nikola Vučević,BOS,PA,PTS+ASTS,1,11.5,OVER,GOBLIN,1,0,11.5,0,0,goblin,2026-02-24T21:10:00.000-05:00,2026-02-24T23:40:37.556000+00:00
10097840|Baylor Scheierman|PA|DEMON|19.5|OVER,10097840,Baylor Scheierman,BOS,PA,PTS+ASTS,1,19.5,OVER,DEMON,1,0,19.5,0,0,demon,2026-02-24T21:10:00.000-05:00,2026-02-24T23:40:37.518000+00:00
10071922|Nikola Vučević|RA|DEMON|11.5|OVER,10071922,Nikola Vučević,BOS,RA,REBS+ASTS,1,11.5,OVER,DEMON,1,0,11.5,0,0,demon,2026-02-24T21:10:00.000-05:00,2026-02-24T23:40:36.406000+00:00
10089551|Nikola Vučević|RA|GOBLIN|7.5|OVER,10089551,Nikola Vučević,BOS,RA,REBS+ASTS,1,7.5,OVER,GOBLIN,1,0,7.5,0,0,goblin,2026-02-24T21:10:00.000-05:00,2026-02-24T23:40:36.221000+00:00
10073637|Payton Pritchard|RA|GOBLIN|7.5|OVER,10073637,Payton Pritchard,BOS,RA,REBS+ASTS,1,7.5,OVER,GOBLIN,1,0,7.5,0,0,goblin,2026-02-24T21:10:00.000-05:00,2026-02-24T23:40:27.235000+00:00
10103836|Victor Wembanyama|AST|DEMON|3.5|OVER,10103836,Victor Wembanyama,SAS,AST,ASSISTS,1,3.5,OVER,DEMON,1,0,3.5,0,0,demon,2026-02-25T19:40:00.000-05:00,2026-02-24T23:39:35.123000+00:00
10102663|Dorian Finney-Smith|REB|GOBLIN|2.5|OVER,10102663,Dorian Finney-Smith,HOU,REB,REBOUNDS,1,2.5,OVER,GOBLIN,1,0,2.5,0,0,goblin,2026-02-25T20:10:00.000-05:00,2026-02-24T23:39:19.159000+00:00
10103955|Stephon Castle|PRA|STANDARD|26.5|OVER,10103955,Stephon Castle,SAS,PRA,PTS+REBS+ASTS,1,26.5,OVER,STANDARD,1,0,26.5,0,0,standard,2026-02-25T19:40:00.000-05:00,2026-02-24T23:38:26.598000+00:00
10103955|Stephon Castle|PRA|STANDARD|26.5|UNDER,10103955,Stephon Castle,SAS,PRA,PTS+REBS+ASTS,1,26.5,UNDER,STANDARD,0,1,26.5,0,0,standard,2026-02-25T19:40:00.000-05:00,2026-02-24T23:38:26.598000+00:00
10069257|Collin Gillespie|AST|DEMON|8.5|OVER,10069257,Collin Gillespie,PHX,AST,ASSISTS,1,8.5,OVER,DEMON,1,0,8.5,0,0,demon,2026-02-24T21:10:00.000-05:00,2026-02-24T23:38:08.276000+00:00
10096871|Donte DiVincenzo|PR|DEMON|17.5|OVER,10096871,Donte DiVincenzo,MIN,PR,PTS+REBS,1,17.5,OVER,DEMON,1,0,17.5,0,0,demon,2026-02-24T22:10:00.000-05:00,2026-02-24T23:38:04.796000+00:00
10095926|Moritz Wagner|RA|DEMON|5.5|OVER,10095926,Moritz Wagner,ORL,RA,REBS+ASTS,1,5.5,OVER,DEMON,1,0,5.5,0,0,demon,2026-02-24T22:40:00.000-05:00,2026-02-24T23:37:37.690000+00:00
10103847|Victor Wembanyama|REB|STANDARD|11.5|OVER,10103847,Victor Wembanyama,SAS,REB,REBOUNDS,1,11.5,OVER,STANDARD,1,0,11.5,0,0,standard,2026-02-25T19:40:00.000-05:00,2026-02-24T23:37:27.178000+00:00
10103847|Victor Wembanyama|REB|STANDARD|11.5|UNDER,10103847,Victor Wembanyama,SAS,REB,REBOUNDS,1,11.5,UNDER,STANDARD,0,1,11.5,0,0,standard,2026-02-25T19:40:00.000-05:00,2026-02-24T23:37:27.178000+00:00
10103952|Stephon Castle|PTS|STANDARD|15.5|OVER,10103952,Stephon Castle,SAS,PTS,POINTS,1,15.5,OVER,STANDARD,1,0,15.5,0,0,standard,2026-02-25T19:40:00.000-05:00,2026-02-24T23:37:27.170000+00:00
10103952|Stephon Castle|PTS|STANDARD|15.5|UNDER,10103952,Stephon Castle,SAS,PTS,POINTS,1,15.5,UNDER,STANDARD,0,1,15.5,0,0,standard,2026-02-25T19:40:00.000-05:00,2026-02-24T23:37:27.170000+00:00
10077483|Jalen Suggs|FG3M|DEMON|3.5|OVER,10077483,Jalen Suggs,ORL,FG3M,3-PT MADE,1,3.5,OVER,DEMON,1,0,3.5,0,0,demon,2026-02-24T22:40:00.000-05:00,2026-02-24T23:37:11.627000+00:00
10086644|Jerami Grant|AST|DEMON|4.5|OVER,10086644,Jerami Grant,POR,AST,ASSISTS,1,4.5,OVER,DEMON,1,0,4.5,0,0,demon,2026-02-24T22:10:00.000-05:00,2026-02-24T23:36:26.119000+00:00
10103979|Duncan Robinson|PRA|STANDARD|15.5|OVER,10103979,Duncan Robinson,DET,PRA,PTS+REBS+ASTS,1,15.5,OVER,STANDARD,1,0,15.5,0,0,standard,2026-02-25T19:40:00.000-05:00,2026-02-24T23:36:01.743000+00:00
10103979|Duncan Robinson|PRA|STANDARD|15.5|UNDER,10103979,Duncan Robinson,DET,PRA,PTS+REBS+ASTS,1,15.5,UNDER,STANDARD,0,1,15.5,0,0,standard,2026-02-25T19:40:00.000-05:00,2026-02-24T23:36:01.743000+00:00
10103932|De'Aaron Fox|REB|STANDARD|3.5|OVER,10103932,De'Aaron Fox,SAS,REB,REBOUNDS,1,3.5,OVER,STANDARD,1,0,3.5,0,0,standard,2026-02-25T19:40:00.000-05:00,2026-02-24T23:35:52.860000+00:00
10103932|De'Aaron Fox|REB|STANDARD|3.5|UNDER,10103932,De'Aaron Fox,SAS,REB,REBOUNDS,1,3.5,UNDER,STANDARD,0,1,3.5,0,0,standard,2026-02-25T19:40:00.000-05:00,2026-02-24T23:35:52.860000+00:00
10065770|Paolo Banchero|RA|STANDARD|13|OVER,10065770,Paolo Banchero,ORL,RA,REBS+ASTS,1,13.0,OVER,STANDARD,1,0,13.0,0,0,standard,2026-02-24T22:40:00.000-05:00,2026-02-24T23:35:52.287000+00:00
10065770|Paolo Banchero|RA|STANDARD|13|UNDER,10065770,Paolo Banchero,ORL,RA,REBS+ASTS,1,13.0,UNDER,STANDARD,0,1,13.0,0,0,standard,2026-02-24T22:40:00.000-05:00,2026-02-24T23:35:52.287000+00:00
10103968|Cade Cunningham|PTS|STANDARD|25.5|OVER,10103968,Cade Cunningham,DET,PTS,POINTS,1,25.5,OVER,STANDARD,1,0,25.5,0,0,standard,2026-02-25T19:40:00.000-05:00,2026-02-24T23:35:50.043000+00:00
10103968|Cade Cunningham|PTS|STANDARD|25.5|UNDER,10103968,Cade Cunningham,DET,PTS,POINTS,1,25.5,UNDER,STANDARD,0,1,25.5,0,0,standard,2026-02-25T19:40:00.000-05:00,2026-02-24T23:35:50.043000+00:00
10101969|Moritz Wagner|RA|STANDARD|4.5|OVER,10101969,Moritz Wagner,ORL,RA,REBS+ASTS,1,4.5,OVER,STANDARD,1,0,4.5,0,0,standard,2026-02-24T22:40:00.000-05:00,2026-02-24T23:35:41.349000+00:00
10101969|Moritz Wagner|RA|STANDARD|4.5|UNDER,10101969,Moritz Wagner,ORL,RA,REBS+ASTS,1,4.5,UNDER,STANDARD,0,1,4.5,0,0,standard,2026-02-24T22:40:00.000-05:00,2026-02-24T23:35:41.349000+00:00
10090149|Jrue Holiday|PA|GOBLIN|22.5|OVER,10090149,Jrue Holiday,POR,PA,PTS+ASTS,1,22.5,OVER,GOBLIN,1,0,22.5,0,0,goblin,2026-02-24T22:10:00.000-05:00,2026-02-24T23:35:29.069000+00:00
10097064|Jrue Holiday|PA|GOBLIN|20.5|OVER,10097064,Jrue Holiday,POR,PA,PTS+ASTS,1,20.5,OVER,GOBLIN,1,0,20.5,0,0,goblin,2026-02-24T22:10:00.000-05:00,2026-02-24T23:35:28.941000+00:00
10103971|Cade Cunningham|PRA|STANDARD|41.5|OVER,10103971,Cade Cunningham,DET,PRA,PTS+REBS+ASTS,1,41.5,OVER,STANDARD,1,0,41.5,0,0,standard,2026-02-25T19:40:00.000-05:00,2026-02-24T23:35:28.929000+00:00
10103971|Cade Cunningham|PRA|STANDARD|41.5|UNDER,10103971,Cade Cunningham,DET,PRA,PTS+REBS+ASTS,1,41.5,UNDER,STANDARD,0,1,41.5,0,0,standard,2026-02-25T19:40:00.000-05:00,2026-02-24T23:35:28.929000+00:00
10091110|Jrue Holiday|PR|GOBLIN|20.5|OVER,10091110,Jrue Holiday,POR,PR,PTS+REBS,1,20.5,OVER,GOBLIN,1,0,20.5,0,0,goblin,2026-02-24T22:10:00.000-05:00,2026-02-24T23:35:28.220000+00:00
10099576|Wendell Carter|PR|GOBLIN|13.5|OVER,10099576,Wendell Carter,ORL,PR,PTS+REBS,1,13.5,OVER,GOBLIN,1,0,13.5,0,0,goblin,2026-02-24T22:40:00.000-05:00,2026-02-24T23:33:59.615000+00:00
10102881|Tari Eason|PTS|DEMON|15.5|OVER,10102881,Tari Eason,HOU,PTS,POINTS,1,15.5,OVER,DEMON,1,0,15.5,0,0,demon,2026-02-25T20:10:00.000-05:00,2026-02-24T23:33:21.399000+00:00
10086697|Jrue Holiday|PTS|STANDARD|18.5|OVER,10086697,Jrue Holiday,POR,PTS,POINTS,1,18.5,OVER,STANDARD,1,0,18.5,0,0,standard,2026-02-24T22:10:00.000-05:00,2026-02-24T23:33:00.320000+00:00
10086697|Jrue Holiday|PTS|STANDARD|18.5|UNDER,10086697,Jrue Holiday,POR,PTS,POINTS,1,18.5,UNDER,STANDARD,0,1,18.5,0,0,standard,2026-02-24T22:10:00.000-05:00,2026-02-24T23:33:00.320000+00:00
10102882|Tari Eason|PRA|GOBLIN|20.5|OVER,10102882,Tari Eason,HOU,PRA,PTS+REBS+ASTS,1,20.5,OVER,GOBLIN,1,0,20.5,0,0,goblin,2026-02-25T20:10:00.000-05:00,2026-02-24T23:32:54.435000+00:00
10102771|Maxime Raynaud|PRA|DEMON|25.5|OVER,10102771,Maxime Raynaud,SAC,PRA,PTS+REBS+ASTS,1,25.5,OVER,DEMON,1,0,25.5,0,0,demon,2026-02-25T20:10:00.000-05:00,2026-02-24T23:32:04.563000+00:00
10102824|Reed Sheppard|FG3M|GOBLIN|1.5|OVER,10102824,Reed Sheppard,HOU,FG3M,3-PT MADE,1,1.5,OVER,GOBLIN,1,0,1.5,0,0,goblin,2026-02-25T20:10:00.000-05:00,2026-02-24T23:32:01.884000+00:00
10101006|Tari Eason|PRA|STANDARD|23.5|OVER,10101006,Tari Eason,HOU,PRA,PTS+REBS+ASTS,1,23.5,OVER,STANDARD,1,0,23.5,0,0,standard,2026-02-25T20:10:00.000-05:00,2026-02-24T23:31:43.290000+00:00
10101006|Tari Eason|PRA|STANDARD|23.5|UNDER,10101006,Tari Eason,HOU,PRA,PTS+REBS+ASTS,1,23.5,UNDER,STANDARD,0,1,23.5,0,0,standard,2026-02-25T20:10:00.000-05:00,2026-02-24T23:31:43.290000+00:00
10100888|Malik Monk|TOV|STANDARD|1.5|OVER,10100888,Malik Monk,SAC,TOV,TURNOVERS,1,1.5,OVER,STANDARD,1,0,1.5,0,0,standard,2026-02-25T20:10:00.000-05:00,2026-02-24T23:31:43.136000+00:00
10100888|Malik Monk|TOV|STANDARD|1.5|UNDER,10100888,Malik Monk,SAC,TOV,TURNOVERS,1,1.5,UNDER,STANDARD,0,1,1.5,0,0,standard,2026-02-25T20:10:00.000-05:00,2026-02-24T23:31:43.136000+00:00
10094662|Anthony Black|QUARTERS WITH 3+ POINTS|DEMON|3.5|OVER,10094662,Anthony Black,ORL,QUARTERS WITH 3+ POINTS,QUARTERS WITH 3+ POINTS,0,3.5,OVER,DEMON,1,0,3.5,0,0,demon,2026-02-24T22:40:00.000-05:00,2026-02-24T23:31:28.544000+00:00
10094663|Jalen Suggs|QUARTERS WITH 3+ POINTS|DEMON|3.5|OVER,10094663,Jalen Suggs,ORL,QUARTERS WITH 3+ POINTS,QUARTERS WITH 3+ POINTS,0,3.5,OVER,DEMON,1,0,3.5,0,0,demon,2026-02-24T22:40:00.000-05:00,2026-02-24T23:31:28.532000+00:00
10103929|De'Aaron Fox|PR|STANDARD|19.5|OVER,10103929,De'Aaron Fox,SAS,PR,PTS+REBS,1,19.5,OVER,STANDARD,1,0,19.5,0,0,standard,2026-02-25T19:40:00.000-05:00,2026-02-24T23:31:26.347000+00:00
10103929|De'Aaron Fox|PR|STANDARD|19.5|UNDER,10103929,De'Aaron Fox,SAS,PR,PTS+REBS,1,19.5,UNDER,STANDARD,0,1,19.5,0,0,standard,2026-02-25T19:40:00.000-05:00,2026-02-24T23:31:26.347000+00:00
10102662|Dorian Finney-Smith|PRA|DEMON|16.5|OVER,10102662,Dorian Finney-Smith,HOU,PRA,PTS+REBS+ASTS,1,16.5,OVER,DEMON,1,0,16.5,0,0,demon,2026-02-25T20:10:00.000-05:00,2026-02-24T23:31:03.088000+00:00
10102734|Kevin Durant|PRA|DEMON|43.5|OVER,10102734,Kevin Durant,HOU,PRA,PTS+REBS+ASTS,1,43.5,OVER,DEMON,1,0,43.5,0,0,demon,2026-02-25T20:10:00.000-05:00,2026-02-24T23:30:29.605000+00:00
10071804|Baylor Scheierman|PRA|GOBLIN|11.5|OVER,10071804,Baylor Scheierman,BOS,PRA,PTS+REBS+ASTS,1,11.5,OVER,GOBLIN,1,0,11.5,0,0,goblin,2026-02-24T21:10:00.000-05:00,2026-02-24T23:30:28.545000+00:00
10089249|Jrue Holiday|PTS|GOBLIN|11.5|OVER,10089249,Jrue Holiday,POR,PTS,POINTS,1,11.5,OVER,GOBLIN,1,0,11.5,0,0,goblin,2026-02-24T22:10:00.000-05:00,2026-02-24T23:30:27.563000+00:00
10102793|Nique Clifford|REB|GOBLIN|2.5|OVER,10102793,Nique Clifford,SAC,REB,REBOUNDS,1,2.5,OVER,GOBLIN,1,0,2.5,0,0,goblin,2026-02-25T20:10:00.000-05:00,2026-02-24T23:29:49.218000+00:00
10102816|Precious Achiuwa|REB|GOBLIN|5.5|OVER,10102816,Precious Achiuwa,SAC,REB,REBOUNDS,1,5.5,OVER,GOBLIN,1,0,5.5,0,0,goblin,2026-02-25T20:10:00.000-05:00,2026-02-24T23:29:49.208000+00:00
10103838|Victor Wembanyama|BLOCKED SHOTS|DEMON|4.5|OVER,10103838,Victor Wembanyama,SAS,BLOCKED SHOTS,BLOCKED SHOTS,0,4.5,OVER,DEMON,1,0,4.5,0,0,demon,2026-02-25T19:40:00.000-05:00,2026-02-24T23:29:45.996000+00:00
10102625|Alperen Sengun|REB|DEMON|10.5|OVER,10102625,Alperen Sengun,HOU,REB,REBOUNDS,1,10.5,OVER,DEMON,1,0,10.5,0,0,demon,2026-02-25T20:10:00.000-05:00,2026-02-24T23:29:05.457000+00:00
10103841|Victor Wembanyama|PTS|STANDARD|23.5|OVER,10103841,Victor Wembanyama,SAS,PTS,POINTS,1,23.5,OVER,STANDARD,1,0,23.5,0,0,standard,2026-02-25T19:40:00.000-05:00,2026-02-24T23:28:53.806000+00:00
10103841|Victor Wembanyama|PTS|STANDARD|23.5|UNDER,10103841,Victor Wembanyama,SAS,PTS,POINTS,1,23.5,UNDER,STANDARD,0,1,23.5,0,0,standard,2026-02-25T19:40:00.000-05:00,2026-02-24T23:28:53.806000+00:00
10071930|Oso Ighodaro|REB|DEMON|6.5|OVER,10071930,Oso Ighodaro,PHX,REB,REBOUNDS,1,6.5,OVER,DEMON,1,0,6.5,0,0,demon,2026-02-24T21:10:00.000-05:00,2026-02-24T23:27:17.121000+00:00
10092461|Ayo Dosunmu|3-PT ATTEMPTED|DEMON|4.5|OVER,10092461,Ayo Dosunmu,MIN,3-PT ATTEMPTED,3-PT ATTEMPTED,0,4.5,OVER,DEMON,1,0,4.5,0,0,demon,2026-02-24T22:10:00.000-05:00,2026-02-24T23:26:44.310000+00:00
10086734|Julius Randle|FREE THROWS MADE|GOBLIN|3.5|OVER,10086734,Julius Randle,MIN,FREE THROWS MADE,FREE THROWS MADE,0,3.5,OVER,GOBLIN,1,0,3.5,0,0,goblin,2026-02-24T22:10:00.000-05:00,2026-02-24T23:26:43.723000+00:00
10086765|Julius Randle|TWO POINTERS MADE|STANDARD|5.5|OVER,10086765,Julius Randle,MIN,TWO POINTERS MADE,TWO POINTERS MADE,0,5.5,OVER,STANDARD,1,0,5.5,0,0,standard,2026-02-24T22:10:00.000-05:00,2026-02-24T23:26:43.681000+00:00
10086765|Julius Randle|TWO POINTERS MADE|STANDARD|5.5|UNDER,10086765,Julius Randle,MIN,TWO POINTERS MADE,TWO POINTERS MADE,0,5.5,UNDER,STANDARD,0,1,5.5,0,0,standard,2026-02-24T22:10:00.000-05:00,2026-02-24T23:26:43.681000+00:00
10091963|Donte DiVincenzo|PA|GOBLIN|12.5|OVER,10091963,Donte DiVincenzo,MIN,PA,PTS+ASTS,1,12.5,OVER,GOBLIN,1,0,12.5,0,0,goblin,2026-02-24T22:10:00.000-05:00,2026-02-24T23:26:09.076000+00:00
10103844|Victor Wembanyama|PRA|STANDARD|38.5|OVER,10103844,Victor Wembanyama,SAS,PRA,PTS+REBS+ASTS,1,38.5,OVER,STANDARD,1,0,38.5,0,0,standard,2026-02-25T19:40:00.000-05:00,2026-02-24T23:25:53.454000+00:00
10103844|Victor Wembanyama|PRA|STANDARD|38.5|UNDER,10103844,Victor Wembanyama,SAS,PRA,PTS+REBS+ASTS,1,38.5,UNDER,STANDARD,0,1,38.5,0,0,standard,2026-02-25T19:40:00.000-05:00,2026-02-24T23:25:53.454000+00:00
10102093|Jordan Walsh|REB|DEMON|5.5|OVER,10102093,Jordan Walsh,BOS,REB,REBOUNDS,1,5.5,OVER,DEMON,1,0,5.5,0,0,demon,2026-02-24T21:10:00.000-05:00,2026-02-24T23:25:29.483000+00:00
10102092|Jordan Walsh|PTS|DEMON|9.5|OVER,10102092,Jordan Walsh,BOS,PTS,POINTS,1,9.5,OVER,DEMON,1,0,9.5,0,0,demon,2026-02-24T21:10:00.000-05:00,2026-02-24T23:25:28.970000+00:00
10102716|Keegan Murray|RA|DEMON|7.5|OVER,10102716,Keegan Murray,SAC,RA,REBS+ASTS,1,7.5,OVER,DEMON,1,0,7.5,0,0,demon,2026-02-25T20:10:00.000-05:00,2026-02-24T23:25:08.306000+00:00
10103851|Tari Eason|PTS|GOBLIN|12.5|OVER,10103851,Tari Eason,HOU,PTS,POINTS,1,12.5,OVER,GOBLIN,1,0,12.5,0,0,goblin,2026-02-25T20:10:00.000-05:00,2026-02-24T23:22:40.999000+00:00
10103835|Victor Wembanyama|FG3M|GOBLIN|1.5|OVER,10103835,Victor Wembanyama,SAS,FG3M,3-PT MADE,1,1.5,OVER,GOBLIN,1,0,1.5,0,0,goblin,2026-02-25T19:40:00.000-05:00,2026-02-24T23:22:19.821000+00:00
10077569|Luke Kennard|BLOCKED SHOTS|DEMON|0.5|OVER,10077569,Luke Kennard,LAL,BLOCKED SHOTS,BLOCKED SHOTS,0,0.5,OVER,DEMON,1,0,0.5,0,0,demon,2026-02-24T22:40:00.000-05:00,2026-02-24T23:22:07.937000+00:00
10102741|Kevin Durant|RA|DEMON|10.5|OVER,10102741,Kevin Durant,HOU,RA,REBS+ASTS,1,10.5,OVER,DEMON,1,0,10.5,0,0,demon,2026-02-25T20:10:00.000-05:00,2026-02-24T23:22:03.285000+00:00
10102811|Precious Achiuwa|PTS|DEMON|12.5|OVER,10102811,Precious Achiuwa,SAC,PTS,POINTS,1,12.5,OVER,DEMON,1,0,12.5,0,0,demon,2026-02-25T20:10:00.000-05:00,2026-02-24T23:21:08.144000+00:00
10102870|Russell Westbrook|RA|DEMON|9.5|OVER,10102870,Russell Westbrook,SAC,RA,REBS+ASTS,1,9.5,OVER,DEMON,1,0,9.5,0,0,demon,2026-02-25T20:10:00.000-05:00,2026-02-24T23:20:38.628000+00:00
10083983|Sam Hauser|PRA|GOBLIN|13.5|OVER,10083983,Sam Hauser,BOS,PRA,PTS+REBS+ASTS,1,13.5,OVER,GOBLIN,1,0,13.5,0,0,goblin,2026-02-24T21:10:00.000-05:00,2026-02-24T23:20:30.903000+00:00
10071970|Sam Hauser|PRA|GOBLIN|12.5|OVER,10071970,Sam Hauser,BOS,PRA,PTS+REBS+ASTS,1,12.5,OVER,GOBLIN,1,0,12.5,0,0,goblin,2026-02-24T21:10:00.000-05:00,2026-02-24T23:20:30.801000+00:00
10097046|Neemias Queta|PTS|GOBLIN|6.5|OVER,10097046,Neemias Queta,BOS,PTS,POINTS,1,6.5,OVER,GOBLIN,1,0,6.5,0,0,goblin,2026-02-24T21:10:00.000-05:00,2026-02-24T23:20:30.691000+00:00
10100866|Kevin Durant|TOV|GOBLIN|2.5|OVER,10100866,Kevin Durant,HOU,TOV,TURNOVERS,1,2.5,OVER,GOBLIN,1,0,2.5,0,0,goblin,2026-02-25T20:10:00.000-05:00,2026-02-24T23:20:18.478000+00:00
10086632|Jaden McDaniels|STL|DEMON|2.5|OVER,10086632,Jaden McDaniels,MIN,STL,STEALS,1,2.5,OVER,DEMON,1,0,2.5,0,0,demon,2026-02-24T22:10:00.000-05:00,2026-02-24T23:20:11.824000+00:00
10102775|Maxime Raynaud|REB|DEMON|11.5|OVER,10102775,Maxime Raynaud,SAC,REB,REBOUNDS,1,11.5,OVER,DEMON,1,0,11.5,0,0,demon,2026-02-25T20:10:00.000-05:00,2026-02-24T23:20:08.607000+00:00
10102644|DeMar DeRozan|REB|DEMON|3.5|OVER,10102644,DeMar DeRozan,SAC,REB,REBOUNDS,1,3.5,OVER,DEMON,1,0,3.5,0,0,demon,2026-02-25T20:10:00.000-05:00,2026-02-24T23:20:00.838000+00:00
10102685|Jabari Smith|PRA|DEMON|30.5|OVER,10102685,Jabari Smith,HOU,PRA,PTS+REBS+ASTS,1,30.5,OVER,DEMON,1,0,30.5,0,0,demon,2026-02-25T20:10:00.000-05:00,2026-02-24T23:19:59.012000+00:00
10077711|Wendell Carter|PRA|GOBLIN|17.5|OVER,10077711,Wendell Carter,ORL,PRA,PTS+REBS+ASTS,1,17.5,OVER,GOBLIN,1,0,17.5,0,0,goblin,2026-02-24T22:40:00.000-05:00,2026-02-24T23:19:35.050000+00:00
10103345|Neemias Queta|RA|GOBLIN|6.5|OVER,10103345,Neemias Queta,BOS,RA,REBS+ASTS,1,6.5,OVER,GOBLIN,1,0,6.5,0,0,goblin,2026-02-24T21:10:00.000-05:00,2026-02-24T23:19:18.685000+00:00
10099611|Sam Hauser|PA|GOBLIN|11.5|OVER,10099611,Sam Hauser,BOS,PA,PTS+ASTS,1,11.5,OVER,GOBLIN,1,0,11.5,0,0,goblin,2026-02-24T21:10:00.000-05:00,2026-02-24T23:19:14.630000+00:00
10102672|Jabari Smith|FG3M|GOBLIN|1.5|OVER,10102672,Jabari Smith,HOU,FG3M,3-PT MADE,1,1.5,OVER,GOBLIN,1,0,1.5,0,0,goblin,2026-02-25T20:10:00.000-05:00,2026-02-24T23:19:07.924000+00:00
10102886|Tari Eason|REB|GOBLIN|6.5|OVER,10102886,Tari Eason,HOU,REB,REBOUNDS,1,6.5,OVER,GOBLIN,1,0,6.5,0,0,goblin,2026-02-25T20:10:00.000-05:00,2026-02-24T23:18:52.224000+00:00
10095927|Moritz Wagner|RA|DEMON|6.5|OVER,10095927,Moritz Wagner,ORL,RA,REBS+ASTS,1,6.5,OVER,DEMON,1,0,6.5,0,0,demon,2026-02-24T22:40:00.000-05:00,2026-02-24T23:18:51.222000+00:00
10102627|Alperen Sengun|RA|DEMON|18.5|OVER,10102627,Alperen Sengun,HOU,RA,REBS+ASTS,1,18.5,OVER,DEMON,1,0,18.5,0,0,demon,2026-02-25T20:10:00.000-05:00,2026-02-24T23:18:51.212000+00:00
10102869|Russell Westbrook|RA|DEMON|11.5|OVER,10102869,Russell Westbrook,SAC,RA,REBS+ASTS,1,11.5,OVER,DEMON,1,0,11.5,0,0,demon,2026-02-25T20:10:00.000-05:00,2026-02-24T23:18:51.202000+00:00
10103717|Maxime Raynaud|RA|STANDARD|10.5|OVER,10103717,Maxime Raynaud,SAC,RA,REBS+ASTS,1,10.5,OVER,STANDARD,1,0,10.5,0,0,standard,2026-02-25T20:10:00.000-05:00,2026-02-24T23:18:47.201000+00:00
10103717|Maxime Raynaud|RA|STANDARD|10.5|UNDER,10103717,Maxime Raynaud,SAC,RA,REBS+ASTS,1,10.5,UNDER,STANDARD,0,1,10.5,0,0,standard,2026-02-25T20:10:00.000-05:00,2026-02-24T23:18:47.201000+00:00
10090171|Desmond Bane|PR|GOBLIN|22.5|OVER,10090171,Desmond Bane,ORL,PR,PTS+REBS,1,22.5,OVER,GOBLIN,1,0,22.5,0,0,goblin,2026-02-24T22:40:00.000-05:00,2026-02-24T23:18:42.721000+00:00
10090178|Wendell Carter|PR|GOBLIN|15.5|OVER,10090178,Wendell Carter,ORL,PR,PTS+REBS,1,15.5,OVER,GOBLIN,1,0,15.5,0,0,goblin,2026-02-24T22:40:00.000-05:00,2026-02-24T23:18:42.615000+00:00
10102720|Kevin Durant|FG3M|DEMON|3.5|OVER,10102720,Kevin Durant,HOU,FG3M,3-PT MADE,1,3.5,OVER,DEMON,1,0,3.5,0,0,demon,2026-02-25T20:10:00.000-05:00,2026-02-24T23:18:30.527000+00:00
10102749|Malik Monk|PTS|DEMON|13.5|OVER,10102749,Malik Monk,SAC,PTS,POINTS,1,13.5,OVER,DEMON,1,0,13.5,0,0,demon,2026-02-25T20:10:00.000-05:00,2026-02-24T23:17:55.488000+00:00
10102616|Alperen Sengun|PTS|DEMON|21.5|OVER,10102616,Alperen Sengun,HOU,PTS,POINTS,1,21.5,OVER,DEMON,1,0,21.5,0,0,demon,2026-02-25T20:10:00.000-05:00,2026-02-24T23:17:19.870000+00:00
10071937|Oso Ighodaro|RA|GOBLIN|5.5|OVER,10071937,Oso Ighodaro,PHX,RA,REBS+ASTS,1,5.5,OVER,GOBLIN,1,0,5.5,0,0,goblin,2026-02-24T21:10:00.000-05:00,2026-02-24T23:17:01.305000+00:00
10090176|Paolo Banchero|PR|GOBLIN|28.5|OVER,10090176,Paolo Banchero,ORL,PR,PTS+REBS,1,28.5,OVER,GOBLIN,1,0,28.5,0,0,goblin,2026-02-24T22:40:00.000-05:00,2026-02-24T23:16:56.604000+00:00
10102831|Reed Sheppard|PTS|GOBLIN|11.5|OVER,10102831,Reed Sheppard,HOU,PTS,POINTS,1,11.5,OVER,GOBLIN,1,0,11.5,0,0,goblin,2026-02-25T20:10:00.000-05:00,2026-02-24T23:16:50.630000+00:00
10092660|Deandre Ayton|PR|GOBLIN|15.5|OVER,10092660,Deandre Ayton,LAL,PR,PTS+REBS,1,15.5,OVER,GOBLIN,1,0,15.5,0,0,goblin,2026-02-24T22:40:00.000-05:00,2026-02-24T23:16:43.802000+00:00
10091424|Jalen Suggs|PA|GOBLIN|17.5|OVER,10091424,Jalen Suggs,ORL,PA,PTS+ASTS,1,17.5,OVER,GOBLIN,1,0,17.5,0,0,goblin,2026-02-24T22:40:00.000-05:00,2026-02-24T23:16:42.874000+00:00
10090140|Donte DiVincenzo|PR|GOBLIN|12.5|OVER,10090140,Donte DiVincenzo,MIN,PR,PTS+REBS,1,12.5,OVER,GOBLIN,1,0,12.5,0,0,goblin,2026-02-24T22:10:00.000-05:00,2026-02-24T23:16:13.997000+00:00
10102889|Tari Eason|REB|DEMON|7.5|OVER,10102889,Tari Eason,HOU,REB,REBOUNDS,1,7.5,OVER,DEMON,1,0,7.5,0,0,demon,2026-02-25T20:10:00.000-05:00,2026-02-24T23:15:33.438000+00:00
10069086|Derrick White|PA|GOBLIN|19.5|OVER,10069086,Derrick White,BOS,PA,PTS+ASTS,1,19.5,OVER,GOBLIN,1,0,19.5,0,0,goblin,2026-02-24T21:10:00.000-05:00,2026-02-24T23:15:27.909000+00:00
10090109|Derrick White|PA|GOBLIN|22.5|OVER,10090109,Derrick White,BOS,PA,PTS+ASTS,1,22.5,OVER,GOBLIN,1,0,22.5,0,0,goblin,2026-02-24T21:10:00.000-05:00,2026-02-24T23:15:27.846000+00:00
10094722|Derrick White|PA|GOBLIN|21.5|OVER,10094722,Derrick White,BOS,PA,PTS+ASTS,1,21.5,OVER,GOBLIN,1,0,21.5,0,0,goblin,2026-02-24T21:10:00.000-05:00,2026-02-24T23:15:27.795000+00:00
10099612|Sam Hauser|PR|GOBLIN|13.5|OVER,10099612,Sam Hauser,BOS,PR,PTS+REBS,1,13.5,OVER,GOBLIN,1,0,13.5,0,0,goblin,2026-02-24T21:10:00.000-05:00,2026-02-24T23:15:27.513000+00:00
10071832|Grayson Allen|FG3M|DEMON|6.5|OVER,10071832,Grayson Allen,PHX,FG3M,3-PT MADE,1,6.5,OVER,DEMON,1,0,6.5,0,0,demon,2026-02-24T21:10:00.000-05:00,2026-02-24T23:15:13.673000+00:00
10089350|Tristan Silva|PR|GOBLIN|7.5|OVER,10089350,Tristan Silva,ORL,PR,PTS+REBS,1,7.5,OVER,GOBLIN,1,0,7.5,0,0,goblin,2026-02-24T22:40:00.000-05:00,2026-02-24T23:14:06.876000+00:00
10071664|Mark Williams|PRA|STANDARD|20|OVER,10071664,Mark Williams,PHX,PRA,PTS+REBS+ASTS,1,20.0,OVER,STANDARD,1,0,20.0,0,0,standard,2026-02-24T21:10:00.000-05:00,2026-02-24T23:13:37.777000+00:00
10071664|Mark Williams|PRA|STANDARD|20|UNDER,10071664,Mark Williams,PHX,PRA,PTS+REBS+ASTS,1,20.0,UNDER,STANDARD,0,1,20.0,0,0,standard,2026-02-24T21:10:00.000-05:00,2026-02-24T23:13:37.777000+00:00
10102636|DeMar DeRozan|PTS|DEMON|18.5|OVER,10102636,DeMar DeRozan,SAC,PTS,POINTS,1,18.5,OVER,DEMON,1,0,18.5,0,0,demon,2026-02-25T20:10:00.000-05:00,2026-02-24T23:13:25.570000+00:00
10103715|Dorian Finney-Smith|STL|DEMON|0.5|OVER,10103715,Dorian Finney-Smith,HOU,STL,STEALS,1,0.5,OVER,DEMON,1,0,0.5,0,0,demon,2026-02-25T20:10:00.000-05:00,2026-02-24T23:13:23.489000+00:00
10071939|Payton Pritchard|PTS|STANDARD|22|OVER,10071939,Payton Pritchard,BOS,PTS,POINTS,1,22.0,OVER,STANDARD,1,0,22.0,0,0,standard,2026-02-24T21:10:00.000-05:00,2026-02-24T23:12:44.826000+00:00
10071939|Payton Pritchard|PTS|STANDARD|22|UNDER,10071939,Payton Pritchard,BOS,PTS,POINTS,1,22.0,UNDER,STANDARD,0,1,22.0,0,0,standard,2026-02-24T21:10:00.000-05:00,2026-02-24T23:12:44.826000+00:00
10102754|Malik Monk|PRA|DEMON|18.5|OVER,10102754,Malik Monk,SAC,PRA,PTS+REBS+ASTS,1,18.5,OVER,DEMON,1,0,18.5,0,0,demon,2026-02-25T20:10:00.000-05:00,2026-02-24T23:12:31.975000+00:00
10071738|Sam Hauser|AST|GOBLIN|1.5|OVER,10071738,Sam Hauser,BOS,AST,ASSISTS,1,1.5,OVER,GOBLIN,1,0,1.5,0,0,goblin,2026-02-24T21:10:00.000-05:00,2026-02-24T23:12:22.680000+00:00
10102728|Kevin Durant|PTS|DEMON|29.5|OVER,10102728,Kevin Durant,HOU,PTS,POINTS,1,29.5,OVER,DEMON,1,0,29.5,0,0,demon,2026-02-25T20:10:00.000-05:00,2026-02-24T23:12:10.093000+00:00
10102773|Maxime Raynaud|REB|GOBLIN|8.5|OVER,10102773,Maxime Raynaud,SAC,REB,REBOUNDS,1,8.5,OVER,GOBLIN,1,0,8.5,0,0,goblin,2026-02-25T20:10:00.000-05:00,2026-02-24T23:12:06.037000+00:00
10100885|Malik Monk|REB|GOBLIN|1.5|OVER,10100885,Malik Monk,SAC,REB,REBOUNDS,1,1.5,OVER,GOBLIN,1,0,1.5,0,0,goblin,2026-02-25T20:10:00.000-05:00,2026-02-24T23:11:33.484000+00:00
10102639|DeMar DeRozan|PRA|GOBLIN|18.5|OVER,10102639,DeMar DeRozan,SAC,PRA,PTS+REBS+ASTS,1,18.5,OVER,GOBLIN,1,0,18.5,0,0,goblin,2026-02-25T20:10:00.000-05:00,2026-02-24T23:11:07.352000+00:00
10089235|Ryan Dunn|PTS|DEMON|9.5|OVER,10089235,Ryan Dunn,PHX,PTS,POINTS,1,9.5,OVER,DEMON,1,0,9.5,0,0,demon,2026-02-24T21:10:00.000-05:00,2026-02-24T23:10:54.126000+00:00
10099566|Moritz Wagner|PR|GOBLIN|8.5|OVER,10099566,Moritz Wagner,ORL,PR,PTS+REBS,1,8.5,OVER,GOBLIN,1,0,8.5,0,0,goblin,2026-02-24T22:40:00.000-05:00,2026-02-24T23:10:37.864000+00:00
10102748|Malik Monk|PTS|GOBLIN|9.5|OVER,10102748,Malik Monk,SAC,PTS,POINTS,1,9.5,OVER,GOBLIN,1,0,9.5,0,0,goblin,2026-02-25T20:10:00.000-05:00,2026-02-24T23:10:30.390000+00:00
10102814|Precious Achiuwa|PRA|DEMON|20.5|OVER,10102814,Precious Achiuwa,SAC,PRA,PTS+REBS+ASTS,1,20.5,OVER,DEMON,1,0,20.5,0,0,demon,2026-02-25T20:10:00.000-05:00,2026-02-24T23:10:28.546000+00:00
10097479|Sam Hauser|FG3M|DEMON|5.5|OVER,10097479,Sam Hauser,BOS,FG3M,3-PT MADE,1,5.5,OVER,DEMON,1,0,5.5,0,0,demon,2026-02-24T21:10:00.000-05:00,2026-02-24T23:10:16.241000+00:00
10102798|Nique Clifford|RA|DEMON|7.5|OVER,10102798,Nique Clifford,SAC,RA,REBS+ASTS,1,7.5,OVER,DEMON,1,0,7.5,0,0,demon,2026-02-25T20:10:00.000-05:00,2026-02-24T23:10:10.525000+00:00
10102622|Alperen Sengun|REB|GOBLIN|8.5|OVER,10102622,Alperen Sengun,HOU,REB,REBOUNDS,1,8.5,OVER,GOBLIN,1,0,8.5,0,0,goblin,2026-02-25T20:10:00.000-05:00,2026-02-24T23:09:36.859000+00:00
10100767|Alperen Sengun|TOV|STANDARD|2.5|OVER,10100767,Alperen Sengun,HOU,TOV,TURNOVERS,1,2.5,OVER,STANDARD,1,0,2.5,0,0,standard,2026-02-25T20:10:00.000-05:00,2026-02-24T23:08:45.745000+00:00
10100767|Alperen Sengun|TOV|STANDARD|2.5|UNDER,10100767,Alperen Sengun,HOU,TOV,TURNOVERS,1,2.5,UNDER,STANDARD,0,1,2.5,0,0,standard,2026-02-25T20:10:00.000-05:00,2026-02-24T23:08:45.745000+00:00
10102703|Keegan Murray|PTS|GOBLIN|12.5|OVER,10102703,Keegan Murray,SAC,PTS,POINTS,1,12.5,OVER,GOBLIN,1,0,12.5,0,0,goblin,2026-02-25T20:10:00.000-05:00,2026-02-24T23:08:38.047000+00:00
10065731|LeBron James|PR|STANDARD|25|OVER,10065731,LeBron James,LAL,PR,PTS+REBS,1,25.0,OVER,STANDARD,1,0,25.0,0,0,standard,2026-02-24T22:40:00.000-05:00,2026-02-24T23:07:51.192000+00:00
10065731|LeBron James|PR|STANDARD|25|UNDER,10065731,LeBron James,LAL,PR,PTS+REBS,1,25.0,UNDER,STANDARD,0,1,25.0,0,0,standard,2026-02-24T22:40:00.000-05:00,2026-02-24T23:07:51.192000+00:00
10069109|Payton Pritchard|PR|STANDARD|26|OVER,10069109,Payton Pritchard,BOS,PR,PTS+REBS,1,26.0,OVER,STANDARD,1,0,26.0,0,0,standard,2026-02-24T21:10:00.000-05:00,2026-02-24T23:07:40.862000+00:00
10069109|Payton Pritchard|PR|STANDARD|26|UNDER,10069109,Payton Pritchard,BOS,PR,PTS+REBS,1,26.0,UNDER,STANDARD,0,1,26.0,0,0,standard,2026-02-24T21:10:00.000-05:00,2026-02-24T23:07:40.862000+00:00
10100918|Nique Clifford|PTS|STANDARD|9.5|OVER,10100918,Nique Clifford,SAC,PTS,POINTS,1,9.5,OVER,STANDARD,1,0,9.5,0,0,standard,2026-02-25T20:10:00.000-05:00,2026-02-24T23:07:34.799000+00:00
10100918|Nique Clifford|PTS|STANDARD|9.5|UNDER,10100918,Nique Clifford,SAC,PTS,POINTS,1,9.5,UNDER,STANDARD,0,1,9.5,0,0,standard,2026-02-25T20:10:00.000-05:00,2026-02-24T23:07:34.799000+00:00
10065691|Austin Reaves|AST|DEMON|4.5|OVER,10065691,Austin Reaves,LAL,AST,ASSISTS,1,4.5,OVER,DEMON,1,0,4.5,0,0,demon,2026-02-24T22:40:00.000-05:00,2026-02-24T23:07:34.389000+00:00
10102857|Russell Westbrook|PTS|DEMON|14.5|OVER,10102857,Russell Westbrook,SAC,PTS,POINTS,1,14.5,OVER,DEMON,1,0,14.5,0,0,demon,2026-02-25T20:10:00.000-05:00,2026-02-24T23:07:27.780000+00:00
10071876|Mark Williams|PRA|DEMON|23.5|OVER,10071876,Mark Williams,PHX,PRA,PTS+REBS+ASTS,1,23.5,OVER,DEMON,1,0,23.5,0,0,demon,2026-02-24T21:10:00.000-05:00,2026-02-24T23:07:20.471000+00:00
10088236|Naz Reid|REB|DEMON|6.5|OVER,10088236,Naz Reid,MIN,REB,REBOUNDS,1,6.5,OVER,DEMON,1,0,6.5,0,0,demon,2026-02-24T22:10:00.000-05:00,2026-02-24T23:06:33.798000+00:00
10086906|Rudy Gobert|REB|DEMON|11.5|OVER,10086906,Rudy Gobert,MIN,REB,REBOUNDS,1,11.5,OVER,DEMON,1,0,11.5,0,0,demon,2026-02-24T22:10:00.000-05:00,2026-02-24T23:06:33.731000+00:00
10065899|Payton Pritchard|REB|GOBLIN|3.5|OVER,10065899,Payton Pritchard,BOS,REB,REBOUNDS,1,3.5,OVER,GOBLIN,1,0,3.5,0,0,goblin,2026-02-24T21:10:00.000-05:00,2026-02-24T23:06:33.445000+00:00
10071682|Neemias Queta|REB|DEMON|7.5|OVER,10071682,Neemias Queta,BOS,REB,REBOUNDS,1,7.5,OVER,DEMON,1,0,7.5,0,0,demon,2026-02-24T21:10:00.000-05:00,2026-02-24T23:06:33.304000+00:00
10102837|Reed Sheppard|PRA|DEMON|23.5|OVER,10102837,Reed Sheppard,HOU,PRA,PTS+REBS+ASTS,1,23.5,OVER,DEMON,1,0,23.5,0,0,demon,2026-02-25T20:10:00.000-05:00,2026-02-24T23:06:28.649000+00:00
10097843|Neemias Queta|BS|DEMON|2.5|OVER,10097843,Neemias Queta,BOS,BS,BLKS+STLS,1,2.5,OVER,DEMON,1,0,2.5,0,0,demon,2026-02-24T21:10:00.000-05:00,2026-02-24T23:06:21.331000+00:00
10093313|Tristan Silva|REB|DEMON|4.5|OVER,10093313,Tristan Silva,ORL,REB,REBOUNDS,1,4.5,OVER,DEMON,1,0,4.5,0,0,demon,2026-02-24T22:40:00.000-05:00,2026-02-24T23:06:11.144000+00:00
10100786|DeMar DeRozan|TOV|DEMON|1.5|OVER,10100786,DeMar DeRozan,SAC,TOV,TURNOVERS,1,1.5,OVER,DEMON,1,0,1.5,0,0,demon,2026-02-25T20:10:00.000-05:00,2026-02-24T23:05:52.488000+00:00
10102885|Tari Eason|PRA|DEMON|24.5|OVER,10102885,Tari Eason,HOU,PRA,PTS+REBS+ASTS,1,24.5,OVER,DEMON,1,0,24.5,0,0,demon,2026-02-25T20:10:00.000-05:00,2026-02-24T23:05:43.159000+00:00
10102862|Russell Westbrook|PRA|DEMON|23.5|OVER,10102862,Russell Westbrook,SAC,PRA,PTS+REBS+ASTS,1,23.5,OVER,DEMON,1,0,23.5,0,0,demon,2026-02-25T20:10:00.000-05:00,2026-02-24T23:05:43.143000+00:00
10102683|Jabari Smith|PRA|GOBLIN|22.5|OVER,10102683,Jabari Smith,HOU,PRA,PTS+REBS+ASTS,1,22.5,OVER,GOBLIN,1,0,22.5,0,0,goblin,2026-02-25T20:10:00.000-05:00,2026-02-24T23:05:03.690000+00:00
10102719|Kevin Durant|FG3M|GOBLIN|1.5|OVER,10102719,Kevin Durant,HOU,FG3M,3-PT MADE,1,1.5,OVER,GOBLIN,1,0,1.5,0,0,goblin,2026-02-25T20:10:00.000-05:00,2026-02-24T23:04:23.574000+00:00
10090388|Julius Randle|RA|STANDARD|11.5|OVER,10090388,Julius Randle,MIN,RA,REBS+ASTS,1,11.5,OVER,STANDARD,1,0,11.5,0,0,standard,2026-02-24T22:10:00.000-05:00,2026-02-24T23:04:18.396000+00:00
10090388|Julius Randle|RA|STANDARD|11.5|UNDER,10090388,Julius Randle,MIN,RA,REBS+ASTS,1,11.5,UNDER,STANDARD,0,1,11.5,0,0,standard,2026-02-24T22:10:00.000-05:00,2026-02-24T23:04:18.396000+00:00
10102723|Kevin Durant|AST|DEMON|5.5|OVER,10102723,Kevin Durant,HOU,AST,ASSISTS,1,5.5,OVER,DEMON,1,0,5.5,0,0,demon,2026-02-25T20:10:00.000-05:00,2026-02-24T23:03:53.855000+00:00
10102735|Kevin Durant|REB|GOBLIN|3.5|OVER,10102735,Kevin Durant,HOU,REB,REBOUNDS,1,3.5,OVER,GOBLIN,1,0,3.5,0,0,goblin,2026-02-25T20:10:00.000-05:00,2026-02-24T23:03:00.429000+00:00
10102722|Kevin Durant|AST|GOBLIN|3.5|OVER,10102722,Kevin Durant,HOU,AST,ASSISTS,1,3.5,OVER,GOBLIN,1,0,3.5,0,0,goblin,2026-02-25T20:10:00.000-05:00,2026-02-24T23:02:28.841000+00:00
10102688|Jabari Smith|REB|DEMON|8.5|OVER,10102688,Jabari Smith,HOU,REB,REBOUNDS,1,8.5,OVER,DEMON,1,0,8.5,0,0,demon,2026-02-25T20:10:00.000-05:00,2026-02-24T23:01:39.030000+00:00
10102893|Tari Eason|RA|DEMON|9.5|OVER,10102893,Tari Eason,HOU,RA,REBS+ASTS,1,9.5,OVER,DEMON,1,0,9.5,0,0,demon,2026-02-25T20:10:00.000-05:00,2026-02-24T23:01:09.861000+00:00
10102649|DeMar DeRozan|RA|DEMON|8.5|OVER,10102649,DeMar DeRozan,SAC,RA,REBS+ASTS,1,8.5,OVER,DEMON,1,0,8.5,0,0,demon,2026-02-25T20:10:00.000-05:00,2026-02-24T23:00:25.313000+00:00
10102855|Russell Westbrook|PTS|GOBLIN|10.5|OVER,10102855,Russell Westbrook,SAC,PTS,POINTS,1,10.5,OVER,GOBLIN,1,0,10.5,0,0,goblin,2026-02-25T20:10:00.000-05:00,2026-02-24T23:00:14.641000+00:00
10102681|Jabari Smith|PTS|DEMON|17.5|OVER,10102681,Jabari Smith,HOU,PTS,POINTS,1,17.5,OVER,DEMON,1,0,17.5,0,0,demon,2026-02-25T20:10:00.000-05:00,2026-02-24T23:00:14.188000+00:00
10095924|Moritz Wagner|REB|DEMON|4.5|OVER,10095924,Moritz Wagner,ORL,REB,REBOUNDS,1,4.5,OVER,DEMON,1,0,4.5,0,0,demon,2026-02-24T22:40:00.000-05:00,2026-02-24T22:59:46.246000+00:00
10084552|Payton Pritchard|PTS|GOBLIN|16.5|OVER,10084552,Payton Pritchard,BOS,PTS,POINTS,1,16.5,OVER,GOBLIN,1,0,16.5,0,0,goblin,2026-02-24T21:10:00.000-05:00,2026-02-24T22:59:44.640000+00:00
10065894|Payton Pritchard|PTS|GOBLIN|14.5|OVER,10065894,Payton Pritchard,BOS,PTS,POINTS,1,14.5,OVER,GOBLIN,1,0,14.5,0,0,goblin,2026-02-24T21:10:00.000-05:00,2026-02-24T22:59:44.609000+00:00
10071940|Payton Pritchard|PTS|GOBLIN|15.5|OVER,10071940,Payton Pritchard,BOS,PTS,POINTS,1,15.5,OVER,GOBLIN,1,0,15.5,0,0,goblin,2026-02-24T21:10:00.000-05:00,2026-02-24T22:59:44.510000+00:00
10077541|Luka Dončić|FG3M|STANDARD|3.5|OVER,10077541,Luka Dončić,LAL,FG3M,3-PT MADE,1,3.5,OVER,STANDARD,1,0,3.5,0,0,standard,2026-02-24T22:40:00.000-05:00,2026-02-24T22:59:39.292000+00:00
10077541|Luka Dončić|FG3M|STANDARD|3.5|UNDER,10077541,Luka Dončić,LAL,FG3M,3-PT MADE,1,3.5,UNDER,STANDARD,0,1,3.5,0,0,standard,2026-02-24T22:40:00.000-05:00,2026-02-24T22:59:39.292000+00:00
10086471|Ayo Dosunmu|FG3M|STANDARD|1.5|OVER,10086471,Ayo Dosunmu,MIN,FG3M,3-PT MADE,1,1.5,OVER,STANDARD,1,0,1.5,0,0,standard,2026-02-24T22:10:00.000-05:00,2026-02-24T22:59:39.215000+00:00
10086471|Ayo Dosunmu|FG3M|STANDARD|1.5|UNDER,10086471,Ayo Dosunmu,MIN,FG3M,3-PT MADE,1,1.5,UNDER,STANDARD,0,1,1.5,0,0,standard,2026-02-24T22:10:00.000-05:00,2026-02-24T22:59:39.215000+00:00
10088292|Anthony Edwards|FG3M|DEMON|3.5|OVER,10088292,Anthony Edwards,MIN,FG3M,3-PT MADE,1,3.5,OVER,DEMON,1,0,3.5,0,0,demon,2026-02-24T22:10:00.000-05:00,2026-02-24T22:59:39.145000+00:00
10071736|Sam Hauser|FG3M|GOBLIN|2.5|OVER,10071736,Sam Hauser,BOS,FG3M,3-PT MADE,1,2.5,OVER,GOBLIN,1,0,2.5,0,0,goblin,2026-02-24T21:10:00.000-05:00,2026-02-24T22:59:39.071000+00:00
10065826|Derrick White|FG3M|GOBLIN|2.5|OVER,10065826,Derrick White,BOS,FG3M,3-PT MADE,1,2.5,OVER,GOBLIN,1,0,2.5,0,0,goblin,2026-02-24T21:10:00.000-05:00,2026-02-24T22:59:38.992000+00:00
10102777|Maxime Raynaud|RA|DEMON|12.5|OVER,10102777,Maxime Raynaud,SAC,RA,REBS+ASTS,1,12.5,OVER,DEMON,1,0,12.5,0,0,demon,2026-02-25T20:10:00.000-05:00,2026-02-24T22:59:18.454000+00:00
10102637|DeMar DeRozan|PTS|DEMON|16.5|OVER,10102637,DeMar DeRozan,SAC,PTS,POINTS,1,16.5,OVER,DEMON,1,0,16.5,0,0,demon,2026-02-25T20:10:00.000-05:00,2026-02-24T22:58:52.829000+00:00
10102679|Jabari Smith|PTS|GOBLIN|13.5|OVER,10102679,Jabari Smith,HOU,PTS,POINTS,1,13.5,OVER,GOBLIN,1,0,13.5,0,0,goblin,2026-02-25T20:10:00.000-05:00,2026-02-24T22:58:48.276000+00:00
10102732|Kevin Durant|PRA|DEMON|39.5|OVER,10102732,Kevin Durant,HOU,PRA,PTS+REBS+ASTS,1,39.5,OVER,DEMON,1,0,39.5,0,0,demon,2026-02-25T20:10:00.000-05:00,2026-02-24T22:58:27.096000+00:00
10102791|Nique Clifford|PRA|DEMON|17.5|OVER,10102791,Nique Clifford,SAC,PRA,PTS+REBS+ASTS,1,17.5,OVER,DEMON,1,0,17.5,0,0,demon,2026-02-25T20:10:00.000-05:00,2026-02-24T22:58:24.024000+00:00
10102737|Kevin Durant|REB|DEMON|5.5|OVER,10102737,Kevin Durant,HOU,REB,REBOUNDS,1,5.5,OVER,DEMON,1,0,5.5,0,0,demon,2026-02-25T20:10:00.000-05:00,2026-02-24T22:57:53.708000+00:00
10102774|Maxime Raynaud|REB|DEMON|10.5|OVER,10102774,Maxime Raynaud,SAC,REB,REBOUNDS,1,10.5,OVER,DEMON,1,0,10.5,0,0,demon,2026-02-25T20:10:00.000-05:00,2026-02-24T22:57:18.622000+00:00
10069640|Mark Williams|PR|DEMON|24.5|OVER,10069640,Mark Williams,PHX,PR,PTS+REBS,1,24.5,OVER,DEMON,1,0,24.5,0,0,demon,2026-02-24T21:10:00.000-05:00,2026-02-24T22:56:46.285000+00:00
10100774|DeMar DeRozan|BS|GOBLIN|0.5|OVER,10100774,DeMar DeRozan,SAC,BS,BLKS+STLS,1,0.5,OVER,GOBLIN,1,0,0.5,0,0,goblin,2026-02-25T20:10:00.000-05:00,2026-02-24T22:56:35.788000+00:00
10102609|Alperen Sengun|AST|DEMON|7.5|OVER,10102609,Alperen Sengun,HOU,AST,ASSISTS,1,7.5,OVER,DEMON,1,0,7.5,0,0,demon,2026-02-25T20:10:00.000-05:00,2026-02-24T22:56:16.224000+00:00
10065680|Anthony Black|PA|STANDARD|20.5|OVER,10065680,Anthony Black,ORL,PA,PTS+ASTS,1,20.5,OVER,STANDARD,1,0,20.5,0,0,standard,2026-02-24T22:40:00.000-05:00,2026-02-24T22:55:58.359000+00:00
10065680|Anthony Black|PA|STANDARD|20.5|UNDER,10065680,Anthony Black,ORL,PA,PTS+ASTS,1,20.5,UNDER,STANDARD,0,1,20.5,0,0,standard,2026-02-24T22:40:00.000-05:00,2026-02-24T22:55:58.359000+00:00
10100846|Keegan Murray|TOV|DEMON|1.5|OVER,10100846,Keegan Murray,SAC,TOV,TURNOVERS,1,1.5,OVER,DEMON,1,0,1.5,0,0,demon,2026-02-25T20:10:00.000-05:00,2026-02-24T22:55:44.452000+00:00
10100832|Keegan Murray|BS|DEMON|2.5|OVER,10100832,Keegan Murray,SAC,BS,BLKS+STLS,1,2.5,OVER,DEMON,1,0,2.5,0,0,demon,2026-02-25T20:10:00.000-05:00,2026-02-24T22:55:44.442000+00:00
10102769|Maxime Raynaud|PRA|GOBLIN|21.5|OVER,10102769,Maxime Raynaud,SAC,PRA,PTS+REBS+ASTS,1,21.5,OVER,GOBLIN,1,0,21.5,0,0,goblin,2026-02-25T20:10:00.000-05:00,2026-02-24T22:55:41.582000+00:00
10102813|Precious Achiuwa|PRA|DEMON|18.5|OVER,10102813,Precious Achiuwa,SAC,PRA,PTS+REBS+ASTS,1,18.5,OVER,DEMON,1,0,18.5,0,0,demon,2026-02-25T20:10:00.000-05:00,2026-02-24T22:55:18.642000+00:00
10100989|Russell Westbrook|STL|GOBLIN|0.5|OVER,10100989,Russell Westbrook,SAC,STL,STEALS,1,0.5,OVER,GOBLIN,1,0,0.5,0,0,goblin,2026-02-25T20:10:00.000-05:00,2026-02-24T22:55:10.977000+00:00
10086613|Jaden McDaniels|PA|STANDARD|16.5|OVER,10086613,Jaden McDaniels,MIN,PA,PTS+ASTS,1,16.5,OVER,STANDARD,1,0,16.5,0,0,standard,2026-02-24T22:10:00.000-05:00,2026-02-24T22:54:55.887000+00:00
10086613|Jaden McDaniels|PA|STANDARD|16.5|UNDER,10086613,Jaden McDaniels,MIN,PA,PTS+ASTS,1,16.5,UNDER,STANDARD,0,1,16.5,0,0,standard,2026-02-24T22:10:00.000-05:00,2026-02-24T22:54:55.887000+00:00
10102810|Precious Achiuwa|PTS|DEMON|10.5|OVER,10102810,Precious Achiuwa,SAC,PTS,POINTS,1,10.5,OVER,DEMON,1,0,10.5,0,0,demon,2026-02-25T20:10:00.000-05:00,2026-02-24T22:54:50.906000+00:00
10065715|Desmond Bane|PRA|STANDARD|28.5|OVER,10065715,Desmond Bane,ORL,PRA,PTS+REBS+ASTS,1,28.5,OVER,STANDARD,1,0,28.5,0,0,standard,2026-02-24T22:40:00.000-05:00,2026-02-24T22:54:35.073000+00:00
10065715|Desmond Bane|PRA|STANDARD|28.5|UNDER,10065715,Desmond Bane,ORL,PRA,PTS+REBS+ASTS,1,28.5,UNDER,STANDARD,0,1,28.5,0,0,standard,2026-02-24T22:40:00.000-05:00,2026-02-24T22:54:35.073000+00:00
10102641|DeMar DeRozan|PRA|DEMON|22.5|OVER,10102641,DeMar DeRozan,SAC,PRA,PTS+REBS+ASTS,1,22.5,OVER,DEMON,1,0,22.5,0,0,demon,2026-02-25T20:10:00.000-05:00,2026-02-24T22:53:56.192000+00:00
10102686|Jabari Smith|PRA|DEMON|26.5|OVER,10102686,Jabari Smith,HOU,PRA,PTS+REBS+ASTS,1,26.5,OVER,DEMON,1,0,26.5,0,0,demon,2026-02-25T20:10:00.000-05:00,2026-02-24T22:53:56.183000+00:00
10102731|Kevin Durant|PRA|GOBLIN|33.5|OVER,10102731,Kevin Durant,HOU,PRA,PTS+REBS+ASTS,1,33.5,OVER,GOBLIN,1,0,33.5,0,0,goblin,2026-02-25T20:10:00.000-05:00,2026-02-24T22:53:56.171000+00:00
10095039|Rudy Gobert|FANTASY SCORE|STANDARD|33.5|OVER,10095039,Rudy Gobert,MIN,FANTASY SCORE,FANTASY SCORE,0,33.5,OVER,STANDARD,1,0,33.5,0,0,standard,2026-02-24T22:10:00.000-05:00,2026-02-24T22:52:13.057000+00:00
10095039|Rudy Gobert|FANTASY SCORE|STANDARD|33.5|UNDER,10095039,Rudy Gobert,MIN,FANTASY SCORE,FANTASY SCORE,0,33.5,UNDER,STANDARD,0,1,33.5,0,0,standard,2026-02-24T22:10:00.000-05:00,2026-02-24T22:52:13.057000+00:00
10065882|Mark Williams|REB|STANDARD|8|OVER,10065882,Mark Williams,PHX,REB,REBOUNDS,1,8.0,OVER,STANDARD,1,0,8.0,0,0,standard,2026-02-24T21:10:00.000-05:00,2026-02-24T22:52:08.815000+00:00
10065882|Mark Williams|REB|STANDARD|8|UNDER,10065882,Mark Williams,PHX,REB,REBOUNDS,1,8.0,UNDER,STANDARD,0,1,8.0,0,0,standard,2026-02-24T21:10:00.000-05:00,2026-02-24T22:52:08.815000+00:00
10102789|Nique Clifford|PRA|GOBLIN|13.5|OVER,10102789,Nique Clifford,SAC,PRA,PTS+REBS+ASTS,1,13.5,OVER,GOBLIN,1,0,13.5,0,0,goblin,2026-02-25T20:10:00.000-05:00,2026-02-24T22:51:34.484000+00:00
10102739|Kevin Durant|RA|GOBLIN|8.5|OVER,10102739,Kevin Durant,HOU,RA,REBS+ASTS,1,8.5,OVER,GOBLIN,1,0,8.5,0,0,goblin,2026-02-25T20:10:00.000-05:00,2026-02-24T22:51:33.831000+00:00
10102635|DeMar DeRozan|PTS|GOBLIN|12.5|OVER,10102635,DeMar DeRozan,SAC,PTS,POINTS,1,12.5,OVER,GOBLIN,1,0,12.5,0,0,goblin,2026-02-25T20:10:00.000-05:00,2026-02-24T22:50:51.798000+00:00
10071660|Mark Williams|FREE THROWS ATTEMPTED|DEMON|2.5|OVER,10071660,Mark Williams,PHX,FREE THROWS ATTEMPTED,FREE THROWS ATTEMPTED,0,2.5,OVER,DEMON,1,0,2.5,0,0,demon,2026-02-24T21:10:00.000-05:00,2026-02-24T22:50:25.767000+00:00
10102727|Kevin Durant|PTS|GOBLIN|23.5|OVER,10102727,Kevin Durant,HOU,PTS,POINTS,1,23.5,OVER,GOBLIN,1,0,23.5,0,0,goblin,2026-02-25T20:10:00.000-05:00,2026-02-24T22:50:20.715000+00:00
10077501|Jalen Suggs|PTS|DEMON|19.5|OVER,10077501,Jalen Suggs,ORL,PTS,POINTS,1,19.5,OVER,DEMON,1,0,19.5,0,0,demon,2026-02-24T22:40:00.000-05:00,2026-02-24T22:49:14.600000+00:00
10100790|Dorian Finney-Smith|FG3M|DEMON|1.5|OVER,10100790,Dorian Finney-Smith,HOU,FG3M,3-PT MADE,1,1.5,OVER,DEMON,1,0,1.5,0,0,demon,2026-02-25T20:10:00.000-05:00,2026-02-24T22:49:06.931000+00:00
10099573|Rui Hachimura|PR|GOBLIN|8.5|OVER,10099573,Rui Hachimura,LAL,PR,PTS+REBS,1,8.5,OVER,GOBLIN,1,0,8.5,0,0,goblin,2026-02-24T22:40:00.000-05:00,2026-02-24T22:48:23.984000+00:00
10086998|Toumani Camara|FG3M|DEMON|4.5|OVER,10086998,Toumani Camara,POR,FG3M,3-PT MADE,1,4.5,OVER,DEMON,1,0,4.5,0,0,demon,2026-02-24T22:10:00.000-05:00,2026-02-24T22:48:00.983000+00:00
10102894|Tari Eason|STL|DEMON|2.5|OVER,10102894,Tari Eason,HOU,STL,STEALS,1,2.5,OVER,DEMON,1,0,2.5,0,0,demon,2026-02-25T20:10:00.000-05:00,2026-02-24T22:46:28.108000+00:00
10091915|Anthony Edwards|BS|STANDARD|2.5|OVER,10091915,Anthony Edwards,MIN,BS,BLKS+STLS,1,2.5,OVER,STANDARD,1,0,2.5,0,0,standard,2026-02-24T22:10:00.000-05:00,2026-02-24T22:46:27.888000+00:00
10091915|Anthony Edwards|BS|STANDARD|2.5|UNDER,10091915,Anthony Edwards,MIN,BS,BLKS+STLS,1,2.5,UNDER,STANDARD,0,1,2.5,0,0,standard,2026-02-24T22:10:00.000-05:00,2026-02-24T22:46:27.888000+00:00
10102892|Tari Eason|RA|DEMON|11.5|OVER,10102892,Tari Eason,HOU,RA,REBS+ASTS,1,11.5,OVER,DEMON,1,0,11.5,0,0,demon,2026-02-25T20:10:00.000-05:00,2026-02-24T22:46:27.762000+00:00
10102891|Tari Eason|RA|DEMON|10.5|OVER,10102891,Tari Eason,HOU,RA,REBS+ASTS,1,10.5,OVER,DEMON,1,0,10.5,0,0,demon,2026-02-25T20:10:00.000-05:00,2026-02-24T22:46:27.658000+00:00
10102890|Tari Eason|RA|GOBLIN|7.5|OVER,10102890,Tari Eason,HOU,RA,REBS+ASTS,1,7.5,OVER,GOBLIN,1,0,7.5,0,0,goblin,2026-02-25T20:10:00.000-05:00,2026-02-24T22:46:27.554000+00:00
10102887|Tari Eason|REB|DEMON|8.5|OVER,10102887,Tari Eason,HOU,REB,REBOUNDS,1,8.5,OVER,DEMON,1,0,8.5,0,0,demon,2026-02-25T20:10:00.000-05:00,2026-02-24T22:46:27.083000+00:00
10102884|Tari Eason|PRA|DEMON|28.5|OVER,10102884,Tari Eason,HOU,PRA,PTS+REBS+ASTS,1,28.5,OVER,DEMON,1,0,28.5,0,0,demon,2026-02-25T20:10:00.000-05:00,2026-02-24T22:46:26.567000+00:00
10102883|Tari Eason|PRA|DEMON|26.5|OVER,10102883,Tari Eason,HOU,PRA,PTS+REBS+ASTS,1,26.5,OVER,DEMON,1,0,26.5,0,0,demon,2026-02-25T20:10:00.000-05:00,2026-02-24T22:46:26.461000+00:00
10102880|Tari Eason|PTS|DEMON|19.5|OVER,10102880,Tari Eason,HOU,PTS,POINTS,1,19.5,OVER,DEMON,1,0,19.5,0,0,demon,2026-02-25T20:10:00.000-05:00,2026-02-24T22:46:25.934000+00:00
10102879|Tari Eason|PTS|DEMON|17.5|OVER,10102879,Tari Eason,HOU,PTS,POINTS,1,17.5,OVER,DEMON,1,0,17.5,0,0,demon,2026-02-25T20:10:00.000-05:00,2026-02-24T22:46:25.816000+00:00
10102878|Tari Eason|PTS|GOBLIN|11.5|OVER,10102878,Tari Eason,HOU,PTS,POINTS,1,11.5,OVER,GOBLIN,1,0,11.5,0,0,goblin,2026-02-25T20:10:00.000-05:00,2026-02-24T22:46:25.712000+00:00
10102877|Tari Eason|BLOCKED SHOTS|DEMON|1.5|OVER,10102877,Tari Eason,HOU,BLOCKED SHOTS,BLOCKED SHOTS,0,1.5,OVER,DEMON,1,0,1.5,0,0,demon,2026-02-25T20:10:00.000-05:00,2026-02-24T22:46:25.349000+00:00
10102874|Tari Eason|FG3M|DEMON|3.5|OVER,10102874,Tari Eason,HOU,FG3M,3-PT MADE,1,3.5,OVER,DEMON,1,0,3.5,0,0,demon,2026-02-25T20:10:00.000-05:00,2026-02-24T22:46:24.721000+00:00
10102873|Tari Eason|FG3M|GOBLIN|1.5|OVER,10102873,Tari Eason,HOU,FG3M,3-PT MADE,1,1.5,OVER,GOBLIN,1,0,1.5,0,0,goblin,2026-02-25T20:10:00.000-05:00,2026-02-24T22:46:24.601000+00:00
10102872|Russell Westbrook|STL|DEMON|2.5|OVER,10102872,Russell Westbrook,SAC,STL,STEALS,1,2.5,OVER,DEMON,1,0,2.5,0,0,demon,2026-02-25T20:10:00.000-05:00,2026-02-24T22:46:24.280000+00:00
10102871|Russell Westbrook|STL|DEMON|1.5|OVER,10102871,Russell Westbrook,SAC,STL,STEALS,1,1.5,OVER,DEMON,1,0,1.5,0,0,demon,2026-02-25T20:10:00.000-05:00,2026-02-24T22:46:24.164000+00:00
10102868|Russell Westbrook|RA|DEMON|10.5|OVER,10102868,Russell Westbrook,SAC,RA,REBS+ASTS,1,10.5,OVER,DEMON,1,0,10.5,0,0,demon,2026-02-25T20:10:00.000-05:00,2026-02-24T22:46:23.715000+00:00
10102863|Russell Westbrook|PRA|DEMON|27.5|OVER,10102863,Russell Westbrook,SAC,PRA,PTS+REBS+ASTS,1,27.5,OVER,DEMON,1,0,27.5,0,0,demon,2026-02-25T20:10:00.000-05:00,2026-02-24T22:46:22.913000+00:00
10102861|Russell Westbrook|PRA|DEMON|25.5|OVER,10102861,Russell Westbrook,SAC,PRA,PTS+REBS+ASTS,1,25.5,OVER,DEMON,1,0,25.5,0,0,demon,2026-02-25T20:10:00.000-05:00,2026-02-24T22:46:22.724000+00:00
10102859|Russell Westbrook|PR|STANDARD|16.5|OVER,10102859,Russell Westbrook,SAC,PR,PTS+REBS,1,16.5,OVER,STANDARD,1,0,16.5,0,0,standard,2026-02-25T20:10:00.000-05:00,2026-02-24T22:46:22.412000+00:00
10102859|Russell Westbrook|PR|STANDARD|16.5|UNDER,10102859,Russell Westbrook,SAC,PR,PTS+REBS,1,16.5,UNDER,STANDARD,0,1,16.5,0,0,standard,2026-02-25T20:10:00.000-05:00,2026-02-24T22:46:22.412000+00:00
10102858|Russell Westbrook|PTS|DEMON|18.5|OVER,10102858,Russell Westbrook,SAC,PTS,POINTS,1,18.5,OVER,DEMON,1,0,18.5,0,0,demon,2026-02-25T20:10:00.000-05:00,2026-02-24T22:46:22.178000+00:00
10102856|Russell Westbrook|PTS|DEMON|16.5|OVER,10102856,Russell Westbrook,SAC,PTS,POINTS,1,16.5,OVER,DEMON,1,0,16.5,0,0,demon,2026-02-25T20:10:00.000-05:00,2026-02-24T22:46:21.992000+00:00
10102853|Russell Westbrook|AST|DEMON|8.5|OVER,10102853,Russell Westbrook,SAC,AST,ASSISTS,1,8.5,OVER,DEMON,1,0,8.5,0,0,demon,2026-02-25T20:10:00.000-05:00,2026-02-24T22:46:21.318000+00:00
10102852|Russell Westbrook|AST|DEMON|7.5|OVER,10102852,Russell Westbrook,SAC,AST,ASSISTS,1,7.5,OVER,DEMON,1,0,7.5,0,0,demon,2026-02-25T20:10:00.000-05:00,2026-02-24T22:46:21.225000+00:00
10102850|Russell Westbrook|AST|GOBLIN|4.5|OVER,10102850,Russell Westbrook,SAC,AST,ASSISTS,1,4.5,OVER,GOBLIN,1,0,4.5,0,0,goblin,2026-02-25T20:10:00.000-05:00,2026-02-24T22:46:21.026000+00:00
10102848|Russell Westbrook|FG3M|DEMON|2.5|OVER,10102848,Russell Westbrook,SAC,FG3M,3-PT MADE,1,2.5,OVER,DEMON,1,0,2.5,0,0,demon,2026-02-25T20:10:00.000-05:00,2026-02-24T22:46:20.672000+00:00
10102846|Reed Sheppard|STL|DEMON|2.5|OVER,10102846,Reed Sheppard,HOU,STL,STEALS,1,2.5,OVER,DEMON,1,0,2.5,0,0,demon,2026-02-25T20:10:00.000-05:00,2026-02-24T22:46:20.192000+00:00
10102844|Reed Sheppard|RA|DEMON|10.5|OVER,10102844,Reed Sheppard,HOU,RA,REBS+ASTS,1,10.5,OVER,DEMON,1,0,10.5,0,0,demon,2026-02-25T20:10:00.000-05:00,2026-02-24T22:46:19.870000+00:00
10102843|Reed Sheppard|RA|DEMON|9.5|OVER,10102843,Reed Sheppard,HOU,RA,REBS+ASTS,1,9.5,OVER,DEMON,1,0,9.5,0,0,demon,2026-02-25T20:10:00.000-05:00,2026-02-24T22:46:19.779000+00:00
10102841|Reed Sheppard|RA|GOBLIN|6.5|OVER,10102841,Reed Sheppard,HOU,RA,REBS+ASTS,1,6.5,OVER,GOBLIN,1,0,6.5,0,0,goblin,2026-02-25T20:10:00.000-05:00,2026-02-24T22:46:19.585000+00:00
10102840|Reed Sheppard|REB|DEMON|4.5|OVER,10102840,Reed Sheppard,HOU,REB,REBOUNDS,1,4.5,OVER,DEMON,1,0,4.5,0,0,demon,2026-02-25T20:10:00.000-05:00,2026-02-24T22:46:19.330000+00:00
10102839|Reed Sheppard|REB|DEMON|3.5|OVER,10102839,Reed Sheppard,HOU,REB,REBOUNDS,1,3.5,OVER,DEMON,1,0,3.5,0,0,demon,2026-02-25T20:10:00.000-05:00,2026-02-24T22:46:19.238000+00:00
10102838|Reed Sheppard|PRA|DEMON|27.5|OVER,10102838,Reed Sheppard,HOU,PRA,PTS+REBS+ASTS,1,27.5,OVER,DEMON,1,0,27.5,0,0,demon,2026-02-25T20:10:00.000-05:00,2026-02-24T22:46:18.979000+00:00
10102836|Reed Sheppard|PRA|DEMON|25.5|OVER,10102836,Reed Sheppard,HOU,PRA,PTS+REBS+ASTS,1,25.5,OVER,DEMON,1,0,25.5,0,0,demon,2026-02-25T20:10:00.000-05:00,2026-02-24T22:46:18.801000+00:00
10102835|Reed Sheppard|PRA|GOBLIN|19.5|OVER,10102835,Reed Sheppard,HOU,PRA,PTS+REBS+ASTS,1,19.5,OVER,GOBLIN,1,0,19.5,0,0,goblin,2026-02-25T20:10:00.000-05:00,2026-02-24T22:46:18.709000+00:00
10102834|Reed Sheppard|PTS|DEMON|19.5|OVER,10102834,Reed Sheppard,HOU,PTS,POINTS,1,19.5,OVER,DEMON,1,0,19.5,0,0,demon,2026-02-25T20:10:00.000-05:00,2026-02-24T22:46:18.431000+00:00
10102833|Reed Sheppard|PTS|DEMON|15.5|OVER,10102833,Reed Sheppard,HOU,PTS,POINTS,1,15.5,OVER,DEMON,1,0,15.5,0,0,demon,2026-02-25T20:10:00.000-05:00,2026-02-24T22:46:18.342000+00:00
10102832|Reed Sheppard|PTS|DEMON|17.5|OVER,10102832,Reed Sheppard,HOU,PTS,POINTS,1,17.5,OVER,DEMON,1,0,17.5,0,0,demon,2026-02-25T20:10:00.000-05:00,2026-02-24T22:46:18.255000+00:00
10102830|Reed Sheppard|BLOCKED SHOTS|DEMON|1.5|OVER,10102830,Reed Sheppard,HOU,BLOCKED SHOTS,BLOCKED SHOTS,0,1.5,OVER,DEMON,1,0,1.5,0,0,demon,2026-02-25T20:10:00.000-05:00,2026-02-24T22:46:17.817000+00:00
10102829|Reed Sheppard|AST|DEMON|6.5|OVER,10102829,Reed Sheppard,HOU,AST,ASSISTS,1,6.5,OVER,DEMON,1,0,6.5,0,0,demon,2026-02-25T20:10:00.000-05:00,2026-02-24T22:46:17.590000+00:00
10102828|Reed Sheppard|AST|DEMON|5.5|OVER,10102828,Reed Sheppard,HOU,AST,ASSISTS,1,5.5,OVER,DEMON,1,0,5.5,0,0,demon,2026-02-25T20:10:00.000-05:00,2026-02-24T22:46:17.495000+00:00
10102827|Reed Sheppard|AST|GOBLIN|3.5|OVER,10102827,Reed Sheppard,HOU,AST,ASSISTS,1,3.5,OVER,GOBLIN,1,0,3.5,0,0,goblin,2026-02-25T20:10:00.000-05:00,2026-02-24T22:46:17.396000+00:00
10102826|Reed Sheppard|FG3M|DEMON|4.5|OVER,10102826,Reed Sheppard,HOU,FG3M,3-PT MADE,1,4.5,OVER,DEMON,1,0,4.5,0,0,demon,2026-02-25T20:10:00.000-05:00,2026-02-24T22:46:17.135000+00:00
10102823|Precious Achiuwa|STL|DEMON|2.5|OVER,10102823,Precious Achiuwa,SAC,STL,STEALS,1,2.5,OVER,DEMON,1,0,2.5,0,0,demon,2026-02-25T20:10:00.000-05:00,2026-02-24T22:46:16.647000+00:00
10102822|Precious Achiuwa|STL|DEMON|1.5|OVER,10102822,Precious Achiuwa,SAC,STL,STEALS,1,1.5,OVER,DEMON,1,0,1.5,0,0,demon,2026-02-25T20:10:00.000-05:00,2026-02-24T22:46:16.543000+00:00
10102821|Precious Achiuwa|RA|DEMON|9.5|OVER,10102821,Precious Achiuwa,SAC,RA,REBS+ASTS,1,9.5,OVER,DEMON,1,0,9.5,0,0,demon,2026-02-25T20:10:00.000-05:00,2026-02-24T22:46:16.310000+00:00
10102819|Precious Achiuwa|RA|GOBLIN|6.5|OVER,10102819,Precious Achiuwa,SAC,RA,REBS+ASTS,1,6.5,OVER,GOBLIN,1,0,6.5,0,0,goblin,2026-02-25T20:10:00.000-05:00,2026-02-24T22:46:16.121000+00:00
10102818|Precious Achiuwa|REB|DEMON|8.5|OVER,10102818,Precious Achiuwa,SAC,REB,REBOUNDS,1,8.5,OVER,DEMON,1,0,8.5,0,0,demon,2026-02-25T20:10:00.000-05:00,2026-02-24T22:46:15.871000+00:00
10102817|Precious Achiuwa|REB|DEMON|7.5|OVER,10102817,Precious Achiuwa,SAC,REB,REBOUNDS,1,7.5,OVER,DEMON,1,0,7.5,0,0,demon,2026-02-25T20:10:00.000-05:00,2026-02-24T22:46:15.768000+00:00
10102809|Precious Achiuwa|PTS|DEMON|11.5|OVER,10102809,Precious Achiuwa,SAC,PTS,POINTS,1,11.5,OVER,DEMON,1,0,11.5,0,0,demon,2026-02-25T20:10:00.000-05:00,2026-02-24T22:46:14.607000+00:00
10102807|Precious Achiuwa|BLOCKED SHOTS|DEMON|1.5|OVER,10102807,Precious Achiuwa,SAC,BLOCKED SHOTS,BLOCKED SHOTS,0,1.5,OVER,DEMON,1,0,1.5,0,0,demon,2026-02-25T20:10:00.000-05:00,2026-02-24T22:46:14.165000+00:00
10102805|Precious Achiuwa|AST|DEMON|2.5|OVER,10102805,Precious Achiuwa,SAC,AST,ASSISTS,1,2.5,OVER,DEMON,1,0,2.5,0,0,demon,2026-02-25T20:10:00.000-05:00,2026-02-24T22:46:13.812000+00:00
10102804|Precious Achiuwa|AST|GOBLIN|0.5|OVER,10102804,Precious Achiuwa,SAC,AST,ASSISTS,1,0.5,OVER,GOBLIN,1,0,0.5,0,0,goblin,2026-02-25T20:10:00.000-05:00,2026-02-24T22:46:13.718000+00:00
10102802|Nique Clifford|STL|DEMON|2.5|OVER,10102802,Nique Clifford,SAC,STL,STEALS,1,2.5,OVER,DEMON,1,0,2.5,0,0,demon,2026-02-25T20:10:00.000-05:00,2026-02-24T22:46:13.220000+00:00
10102801|Nique Clifford|STL|DEMON|1.5|OVER,10102801,Nique Clifford,SAC,STL,STEALS,1,1.5,OVER,DEMON,1,0,1.5,0,0,demon,2026-02-25T20:10:00.000-05:00,2026-02-24T22:46:13.126000+00:00
10102800|Nique Clifford|RA|DEMON|9.5|OVER,10102800,Nique Clifford,SAC,RA,REBS+ASTS,1,9.5,OVER,DEMON,1,0,9.5,0,0,demon,2026-02-25T20:10:00.000-05:00,2026-02-24T22:46:12.893000+00:00
10102797|Nique Clifford|RA|GOBLIN|5.5|OVER,10102797,Nique Clifford,SAC,RA,REBS+ASTS,1,5.5,OVER,GOBLIN,1,0,5.5,0,0,goblin,2026-02-25T20:10:00.000-05:00,2026-02-24T22:46:12.611000+00:00
10102796|Nique Clifford|REB|DEMON|6.5|OVER,10102796,Nique Clifford,SAC,REB,REBOUNDS,1,6.5,OVER,DEMON,1,0,6.5,0,0,demon,2026-02-25T20:10:00.000-05:00,2026-02-24T22:46:12.359000+00:00
10102795|Nique Clifford|REB|DEMON|5.5|OVER,10102795,Nique Clifford,SAC,REB,REBOUNDS,1,5.5,OVER,DEMON,1,0,5.5,0,0,demon,2026-02-25T20:10:00.000-05:00,2026-02-24T22:46:12.269000+00:00
10102792|Nique Clifford|PRA|DEMON|21.5|OVER,10102792,Nique Clifford,SAC,PRA,PTS+REBS+ASTS,1,21.5,OVER,DEMON,1,0,21.5,0,0,demon,2026-02-25T20:10:00.000-05:00,2026-02-24T22:46:11.820000+00:00
10102788|Nique Clifford|PTS|DEMON|13.5|OVER,10102788,Nique Clifford,SAC,PTS,POINTS,1,13.5,OVER,DEMON,1,0,13.5,0,0,demon,2026-02-25T20:10:00.000-05:00,2026-02-24T22:46:11.212000+00:00
10102786|Nique Clifford|PTS|DEMON|12.5|OVER,10102786,Nique Clifford,SAC,PTS,POINTS,1,12.5,OVER,DEMON,1,0,12.5,0,0,demon,2026-02-25T20:10:00.000-05:00,2026-02-24T22:46:11.031000+00:00
10102785|Nique Clifford|PTS|GOBLIN|8.5|OVER,10102785,Nique Clifford,SAC,PTS,POINTS,1,8.5,OVER,GOBLIN,1,0,8.5,0,0,goblin,2026-02-25T20:10:00.000-05:00,2026-02-24T22:46:10.934000+00:00
10102784|Nique Clifford|AST|DEMON|4.5|OVER,10102784,Nique Clifford,SAC,AST,ASSISTS,1,4.5,OVER,DEMON,1,0,4.5,0,0,demon,2026-02-25T20:10:00.000-05:00,2026-02-24T22:46:10.533000+00:00
10102782|Nique Clifford|AST|GOBLIN|1.5|OVER,10102782,Nique Clifford,SAC,AST,ASSISTS,1,1.5,OVER,GOBLIN,1,0,1.5,0,0,goblin,2026-02-25T20:10:00.000-05:00,2026-02-24T22:46:10.333000+00:00
10102781|Nique Clifford|FG3M|DEMON|2.5|OVER,10102781,Nique Clifford,SAC,FG3M,3-PT MADE,1,2.5,OVER,DEMON,1,0,2.5,0,0,demon,2026-02-25T20:10:00.000-05:00,2026-02-24T22:46:10.068000+00:00
10102780|Nique Clifford|FG3M|DEMON|1.5|OVER,10102780,Nique Clifford,SAC,FG3M,3-PT MADE,1,1.5,OVER,DEMON,1,0,1.5,0,0,demon,2026-02-25T20:10:00.000-05:00,2026-02-24T22:46:09.966000+00:00
10102779|Maxime Raynaud|STL|DEMON|1.5|OVER,10102779,Maxime Raynaud,SAC,STL,STEALS,1,1.5,OVER,DEMON,1,0,1.5,0,0,demon,2026-02-25T20:10:00.000-05:00,2026-02-24T22:46:09.668000+00:00
10102778|Maxime Raynaud|RA|DEMON|14.5|OVER,10102778,Maxime Raynaud,SAC,RA,REBS+ASTS,1,14.5,OVER,DEMON,1,0,14.5,0,0,demon,2026-02-25T20:10:00.000-05:00,2026-02-24T22:46:09.457000+00:00
10102776|Maxime Raynaud|RA|GOBLIN|8.5|OVER,10102776,Maxime Raynaud,SAC,RA,REBS+ASTS,1,8.5,OVER,GOBLIN,1,0,8.5,0,0,goblin,2026-02-25T20:10:00.000-05:00,2026-02-24T22:46:09.258000+00:00
10102772|Maxime Raynaud|PRA|DEMON|29.5|OVER,10102772,Maxime Raynaud,SAC,PRA,PTS+REBS+ASTS,1,29.5,OVER,DEMON,1,0,29.5,0,0,demon,2026-02-25T20:10:00.000-05:00,2026-02-24T22:46:08.557000+00:00
10102770|Maxime Raynaud|PRA|DEMON|27.5|OVER,10102770,Maxime Raynaud,SAC,PRA,PTS+REBS+ASTS,1,27.5,OVER,DEMON,1,0,27.5,0,0,demon,2026-02-25T20:10:00.000-05:00,2026-02-24T22:46:08.377000+00:00
10102768|Maxime Raynaud|PTS|DEMON|18.5|OVER,10102768,Maxime Raynaud,SAC,PTS,POINTS,1,18.5,OVER,DEMON,1,0,18.5,0,0,demon,2026-02-25T20:10:00.000-05:00,2026-02-24T22:46:07.994000+00:00
10102766|Maxime Raynaud|PTS|DEMON|16.5|OVER,10102766,Maxime Raynaud,SAC,PTS,POINTS,1,16.5,OVER,DEMON,1,0,16.5,0,0,demon,2026-02-25T20:10:00.000-05:00,2026-02-24T22:46:07.811000+00:00
10102764|Maxime Raynaud|BLOCKED SHOTS|DEMON|1.5|OVER,10102764,Maxime Raynaud,SAC,BLOCKED SHOTS,BLOCKED SHOTS,0,1.5,OVER,DEMON,1,0,1.5,0,0,demon,2026-02-25T20:10:00.000-05:00,2026-02-24T22:46:07.298000+00:00
10102762|Malik Monk|STL|DEMON|1.5|OVER,10102762,Malik Monk,SAC,STL,STEALS,1,1.5,OVER,DEMON,1,0,1.5,0,0,demon,2026-02-25T20:10:00.000-05:00,2026-02-24T22:46:06.705000+00:00
10102761|Malik Monk|RA|DEMON|7.5|OVER,10102761,Malik Monk,SAC,RA,REBS+ASTS,1,7.5,OVER,DEMON,1,0,7.5,0,0,demon,2026-02-25T20:10:00.000-05:00,2026-02-24T22:46:06.460000+00:00
10102760|Malik Monk|RA|DEMON|5.5|OVER,10102760,Malik Monk,SAC,RA,REBS+ASTS,1,5.5,OVER,DEMON,1,0,5.5,0,0,demon,2026-02-25T20:10:00.000-05:00,2026-02-24T22:46:06.354000+00:00
10102759|Malik Monk|RA|DEMON|6.5|OVER,10102759,Malik Monk,SAC,RA,REBS+ASTS,1,6.5,OVER,DEMON,1,0,6.5,0,0,demon,2026-02-25T20:10:00.000-05:00,2026-02-24T22:46:06.248000+00:00
10102758|Malik Monk|RA|GOBLIN|3.5|OVER,10102758,Malik Monk,SAC,RA,REBS+ASTS,1,3.5,OVER,GOBLIN,1,0,3.5,0,0,goblin,2026-02-25T20:10:00.000-05:00,2026-02-24T22:46:06.127000+00:00
10102757|Malik Monk|REB|DEMON|3.5|OVER,10102757,Malik Monk,SAC,REB,REBOUNDS,1,3.5,OVER,DEMON,1,0,3.5,0,0,demon,2026-02-25T20:10:00.000-05:00,2026-02-24T22:46:05.844000+00:00
10102756|Malik Monk|REB|DEMON|2.5|OVER,10102756,Malik Monk,SAC,REB,REBOUNDS,1,2.5,OVER,DEMON,1,0,2.5,0,0,demon,2026-02-25T20:10:00.000-05:00,2026-02-24T22:46:05.742000+00:00
10102755|Malik Monk|PRA|DEMON|22.5|OVER,10102755,Malik Monk,SAC,PRA,PTS+REBS+ASTS,1,22.5,OVER,DEMON,1,0,22.5,0,0,demon,2026-02-25T20:10:00.000-05:00,2026-02-24T22:46:05.459000+00:00
10102753|Malik Monk|PRA|DEMON|20.5|OVER,10102753,Malik Monk,SAC,PRA,PTS+REBS+ASTS,1,20.5,OVER,DEMON,1,0,20.5,0,0,demon,2026-02-25T20:10:00.000-05:00,2026-02-24T22:46:05.239000+00:00
10102750|Malik Monk|PTS|DEMON|15.5|OVER,10102750,Malik Monk,SAC,PTS,POINTS,1,15.5,OVER,DEMON,1,0,15.5,0,0,demon,2026-02-25T20:10:00.000-05:00,2026-02-24T22:46:04.694000+00:00
10102747|Malik Monk|AST|DEMON|4.5|OVER,10102747,Malik Monk,SAC,AST,ASSISTS,1,4.5,OVER,DEMON,1,0,4.5,0,0,demon,2026-02-25T20:10:00.000-05:00,2026-02-24T22:46:04.034000+00:00
10102746|Malik Monk|AST|DEMON|3.5|OVER,10102746,Malik Monk,SAC,AST,ASSISTS,1,3.5,OVER,DEMON,1,0,3.5,0,0,demon,2026-02-25T20:10:00.000-05:00,2026-02-24T22:46:03.929000+00:00
10102743|Kevin Durant|STL|DEMON|1.5|OVER,10102743,Kevin Durant,HOU,STL,STEALS,1,1.5,OVER,DEMON,1,0,1.5,0,0,demon,2026-02-25T20:10:00.000-05:00,2026-02-24T22:46:03.138000+00:00
10102738|Kevin Durant|REB|DEMON|7.5|OVER,10102738,Kevin Durant,HOU,REB,REBOUNDS,1,7.5,OVER,DEMON,1,0,7.5,0,0,demon,2026-02-25T20:10:00.000-05:00,2026-02-24T22:46:02.203000+00:00
10102736|Kevin Durant|REB|DEMON|6.5|OVER,10102736,Kevin Durant,HOU,REB,REBOUNDS,1,6.5,OVER,DEMON,1,0,6.5,0,0,demon,2026-02-25T20:10:00.000-05:00,2026-02-24T22:46:01.988000+00:00
10102733|Kevin Durant|PRA|DEMON|41.5|OVER,10102733,Kevin Durant,HOU,PRA,PTS+REBS+ASTS,1,41.5,OVER,DEMON,1,0,41.5,0,0,demon,2026-02-25T20:10:00.000-05:00,2026-02-24T22:46:01.416000+00:00
10102726|Kevin Durant|BLOCKED SHOTS|DEMON|1.5|OVER,10102726,Kevin Durant,HOU,BLOCKED SHOTS,BLOCKED SHOTS,0,1.5,OVER,DEMON,1,0,1.5,0,0,demon,2026-02-25T20:10:00.000-05:00,2026-02-24T22:46:00.142000+00:00
10102725|Kevin Durant|AST|DEMON|7.5|OVER,10102725,Kevin Durant,HOU,AST,ASSISTS,1,7.5,OVER,DEMON,1,0,7.5,0,0,demon,2026-02-25T20:10:00.000-05:00,2026-02-24T22:45:59.881000+00:00
10102721|Kevin Durant|FG3M|DEMON|4.5|OVER,10102721,Kevin Durant,HOU,FG3M,3-PT MADE,1,4.5,OVER,DEMON,1,0,4.5,0,0,demon,2026-02-25T20:10:00.000-05:00,2026-02-24T22:45:59.332000+00:00
10102718|Keegan Murray|STL|DEMON|1.5|OVER,10102718,Keegan Murray,SAC,STL,STEALS,1,1.5,OVER,DEMON,1,0,1.5,0,0,demon,2026-02-25T20:10:00.000-05:00,2026-02-24T22:45:58.817000+00:00
10102717|Keegan Murray|RA|DEMON|9.5|OVER,10102717,Keegan Murray,SAC,RA,REBS+ASTS,1,9.5,OVER,DEMON,1,0,9.5,0,0,demon,2026-02-25T20:10:00.000-05:00,2026-02-24T22:45:58.594000+00:00
10102715|Keegan Murray|RA|DEMON|8.5|OVER,10102715,Keegan Murray,SAC,RA,REBS+ASTS,1,8.5,OVER,DEMON,1,0,8.5,0,0,demon,2026-02-25T20:10:00.000-05:00,2026-02-24T22:45:58.397000+00:00
10102714|Keegan Murray|RA|GOBLIN|5.5|OVER,10102714,Keegan Murray,SAC,RA,REBS+ASTS,1,5.5,OVER,GOBLIN,1,0,5.5,0,0,goblin,2026-02-25T20:10:00.000-05:00,2026-02-24T22:45:58.300000+00:00
10102713|Keegan Murray|REB|DEMON|7.5|OVER,10102713,Keegan Murray,SAC,REB,REBOUNDS,1,7.5,OVER,DEMON,1,0,7.5,0,0,demon,2026-02-25T20:10:00.000-05:00,2026-02-24T22:45:58.036000+00:00
10102712|Keegan Murray|REB|DEMON|6.5|OVER,10102712,Keegan Murray,SAC,REB,REBOUNDS,1,6.5,OVER,DEMON,1,0,6.5,0,0,demon,2026-02-25T20:10:00.000-05:00,2026-02-24T22:45:57.940000+00:00
10102711|Keegan Murray|REB|GOBLIN|4.5|OVER,10102711,Keegan Murray,SAC,REB,REBOUNDS,1,4.5,OVER,GOBLIN,1,0,4.5,0,0,goblin,2026-02-25T20:10:00.000-05:00,2026-02-24T22:45:57.846000+00:00
10102709|Keegan Murray|PRA|DEMON|27.5|OVER,10102709,Keegan Murray,SAC,PRA,PTS+REBS+ASTS,1,27.5,OVER,DEMON,1,0,27.5,0,0,demon,2026-02-25T20:10:00.000-05:00,2026-02-24T22:45:57.495000+00:00
10102708|Keegan Murray|PRA|DEMON|25.5|OVER,10102708,Keegan Murray,SAC,PRA,PTS+REBS+ASTS,1,25.5,OVER,DEMON,1,0,25.5,0,0,demon,2026-02-25T20:10:00.000-05:00,2026-02-24T22:45:57.403000+00:00
10102707|Keegan Murray|PRA|GOBLIN|19.5|OVER,10102707,Keegan Murray,SAC,PRA,PTS+REBS+ASTS,1,19.5,OVER,GOBLIN,1,0,19.5,0,0,goblin,2026-02-25T20:10:00.000-05:00,2026-02-24T22:45:57.305000+00:00
10102705|Keegan Murray|PTS|DEMON|16.5|OVER,10102705,Keegan Murray,SAC,PTS,POINTS,1,16.5,OVER,DEMON,1,0,16.5,0,0,demon,2026-02-25T20:10:00.000-05:00,2026-02-24T22:45:56.926000+00:00
10102702|Keegan Murray|BLOCKED SHOTS|DEMON|2.5|OVER,10102702,Keegan Murray,SAC,BLOCKED SHOTS,BLOCKED SHOTS,0,2.5,OVER,DEMON,1,0,2.5,0,0,demon,2026-02-25T20:10:00.000-05:00,2026-02-24T22:45:56.393000+00:00
10102700|Keegan Murray|AST|DEMON|3.5|OVER,10102700,Keegan Murray,SAC,AST,ASSISTS,1,3.5,OVER,DEMON,1,0,3.5,0,0,demon,2026-02-25T20:10:00.000-05:00,2026-02-24T22:45:56.048000+00:00
10102698|Keegan Murray|FG3M|DEMON|3.5|OVER,10102698,Keegan Murray,SAC,FG3M,3-PT MADE,1,3.5,OVER,DEMON,1,0,3.5,0,0,demon,2026-02-25T20:10:00.000-05:00,2026-02-24T22:45:55.704000+00:00
10102697|Keegan Murray|FG3M|DEMON|2.5|OVER,10102697,Keegan Murray,SAC,FG3M,3-PT MADE,1,2.5,OVER,DEMON,1,0,2.5,0,0,demon,2026-02-25T20:10:00.000-05:00,2026-02-24T22:45:55.600000+00:00
10102696|Jabari Smith|STL|DEMON|2.5|OVER,10102696,Jabari Smith,HOU,STL,STEALS,1,2.5,OVER,DEMON,1,0,2.5,0,0,demon,2026-02-25T20:10:00.000-05:00,2026-02-24T22:45:55.301000+00:00
10102695|Jabari Smith|STL|DEMON|1.5|OVER,10102695,Jabari Smith,HOU,STL,STEALS,1,1.5,OVER,DEMON,1,0,1.5,0,0,demon,2026-02-25T20:10:00.000-05:00,2026-02-24T22:45:55.203000+00:00
10102694|Jabari Smith|RA|DEMON|12.5|OVER,10102694,Jabari Smith,HOU,RA,REBS+ASTS,1,12.5,OVER,DEMON,1,0,12.5,0,0,demon,2026-02-25T20:10:00.000-05:00,2026-02-24T22:45:54.978000+00:00
10102693|Jabari Smith|RA|DEMON|10.5|OVER,10102693,Jabari Smith,HOU,RA,REBS+ASTS,1,10.5,OVER,DEMON,1,0,10.5,0,0,demon,2026-02-25T20:10:00.000-05:00,2026-02-24T22:45:54.883000+00:00
10102692|Jabari Smith|RA|DEMON|11.5|OVER,10102692,Jabari Smith,HOU,RA,REBS+ASTS,1,11.5,OVER,DEMON,1,0,11.5,0,0,demon,2026-02-25T20:10:00.000-05:00,2026-02-24T22:45:54.785000+00:00
10102690|Jabari Smith|REB|DEMON|10.5|OVER,10102690,Jabari Smith,HOU,REB,REBOUNDS,1,10.5,OVER,DEMON,1,0,10.5,0,0,demon,2026-02-25T20:10:00.000-05:00,2026-02-24T22:45:54.456000+00:00
10102689|Jabari Smith|REB|DEMON|9.5|OVER,10102689,Jabari Smith,HOU,REB,REBOUNDS,1,9.5,OVER,DEMON,1,0,9.5,0,0,demon,2026-02-25T20:10:00.000-05:00,2026-02-24T22:45:54.363000+00:00
10102687|Jabari Smith|REB|GOBLIN|6.5|OVER,10102687,Jabari Smith,HOU,REB,REBOUNDS,1,6.5,OVER,GOBLIN,1,0,6.5,0,0,goblin,2026-02-25T20:10:00.000-05:00,2026-02-24T22:45:54.156000+00:00
10102684|Jabari Smith|PRA|DEMON|28.5|OVER,10102684,Jabari Smith,HOU,PRA,PTS+REBS+ASTS,1,28.5,OVER,DEMON,1,0,28.5,0,0,demon,2026-02-25T20:10:00.000-05:00,2026-02-24T22:45:53.692000+00:00
10102680|Jabari Smith|PTS|DEMON|19.5|OVER,10102680,Jabari Smith,HOU,PTS,POINTS,1,19.5,OVER,DEMON,1,0,19.5,0,0,demon,2026-02-25T20:10:00.000-05:00,2026-02-24T22:45:53.115000+00:00
10102678|Jabari Smith|BLOCKED SHOTS|DEMON|2.5|OVER,10102678,Jabari Smith,HOU,BLOCKED SHOTS,BLOCKED SHOTS,0,2.5,OVER,DEMON,1,0,2.5,0,0,demon,2026-02-25T20:10:00.000-05:00,2026-02-24T22:45:52.661000+00:00
10102677|Jabari Smith|BLOCKED SHOTS|DEMON|1.5|OVER,10102677,Jabari Smith,HOU,BLOCKED SHOTS,BLOCKED SHOTS,0,1.5,OVER,DEMON,1,0,1.5,0,0,demon,2026-02-25T20:10:00.000-05:00,2026-02-24T22:45:52.563000+00:00
10102676|Jabari Smith|AST|DEMON|3.5|OVER,10102676,Jabari Smith,HOU,AST,ASSISTS,1,3.5,OVER,DEMON,1,0,3.5,0,0,demon,2026-02-25T20:10:00.000-05:00,2026-02-24T22:45:52.317000+00:00
10102675|Jabari Smith|AST|DEMON|2.5|OVER,10102675,Jabari Smith,HOU,AST,ASSISTS,1,2.5,OVER,DEMON,1,0,2.5,0,0,demon,2026-02-25T20:10:00.000-05:00,2026-02-24T22:45:52.223000+00:00
10102674|Jabari Smith|FG3M|DEMON|4.5|OVER,10102674,Jabari Smith,HOU,FG3M,3-PT MADE,1,4.5,OVER,DEMON,1,0,4.5,0,0,demon,2026-02-25T20:10:00.000-05:00,2026-02-24T22:45:51.988000+00:00
10102673|Jabari Smith|FG3M|DEMON|3.5|OVER,10102673,Jabari Smith,HOU,FG3M,3-PT MADE,1,3.5,OVER,DEMON,1,0,3.5,0,0,demon,2026-02-25T20:10:00.000-05:00,2026-02-24T22:45:51.898000+00:00
10102671|Dorian Finney-Smith|STL|DEMON|1.5|OVER,10102671,Dorian Finney-Smith,HOU,STL,STEALS,1,1.5,OVER,DEMON,1,0,1.5,0,0,demon,2026-02-25T20:10:00.000-05:00,2026-02-24T22:45:51.501000+00:00
10102670|Dorian Finney-Smith|RA|DEMON|7.5|OVER,10102670,Dorian Finney-Smith,HOU,RA,REBS+ASTS,1,7.5,OVER,DEMON,1,0,7.5,0,0,demon,2026-02-25T20:10:00.000-05:00,2026-02-24T22:45:51.270000+00:00
10102669|Dorian Finney-Smith|RA|DEMON|6.5|OVER,10102669,Dorian Finney-Smith,HOU,RA,REBS+ASTS,1,6.5,OVER,DEMON,1,0,6.5,0,0,demon,2026-02-25T20:10:00.000-05:00,2026-02-24T22:45:51.175000+00:00
10102668|Dorian Finney-Smith|RA|DEMON|5.5|OVER,10102668,Dorian Finney-Smith,HOU,RA,REBS+ASTS,1,5.5,OVER,DEMON,1,0,5.5,0,0,demon,2026-02-25T20:10:00.000-05:00,2026-02-24T22:45:51.082000+00:00
10102667|Dorian Finney-Smith|RA|GOBLIN|3.5|OVER,10102667,Dorian Finney-Smith,HOU,RA,REBS+ASTS,1,3.5,OVER,GOBLIN,1,0,3.5,0,0,goblin,2026-02-25T20:10:00.000-05:00,2026-02-24T22:45:50.979000+00:00
10102666|Dorian Finney-Smith|REB|DEMON|5.5|OVER,10102666,Dorian Finney-Smith,HOU,REB,REBOUNDS,1,5.5,OVER,DEMON,1,0,5.5,0,0,demon,2026-02-25T20:10:00.000-05:00,2026-02-24T22:45:50.737000+00:00
10102664|Dorian Finney-Smith|REB|DEMON|4.5|OVER,10102664,Dorian Finney-Smith,HOU,REB,REBOUNDS,1,4.5,OVER,DEMON,1,0,4.5,0,0,demon,2026-02-25T20:10:00.000-05:00,2026-02-24T22:45:50.537000+00:00
10102661|Dorian Finney-Smith|PRA|DEMON|14.5|OVER,10102661,Dorian Finney-Smith,HOU,PRA,PTS+REBS+ASTS,1,14.5,OVER,DEMON,1,0,14.5,0,0,demon,2026-02-25T20:10:00.000-05:00,2026-02-24T22:45:50.075000+00:00
10102657|Dorian Finney-Smith|PTS|DEMON|7.5|OVER,10102657,Dorian Finney-Smith,HOU,PTS,POINTS,1,7.5,OVER,DEMON,1,0,7.5,0,0,demon,2026-02-25T20:10:00.000-05:00,2026-02-24T22:45:49.471000+00:00
10102656|Dorian Finney-Smith|PTS|DEMON|8.5|OVER,10102656,Dorian Finney-Smith,HOU,PTS,POINTS,1,8.5,OVER,DEMON,1,0,8.5,0,0,demon,2026-02-25T20:10:00.000-05:00,2026-02-24T22:45:49.374000+00:00
10102655|Dorian Finney-Smith|PTS|GOBLIN|4.5|OVER,10102655,Dorian Finney-Smith,HOU,PTS,POINTS,1,4.5,OVER,GOBLIN,1,0,4.5,0,0,goblin,2026-02-25T20:10:00.000-05:00,2026-02-24T22:45:49.270000+00:00
10102654|Dorian Finney-Smith|AST|DEMON|2.5|OVER,10102654,Dorian Finney-Smith,HOU,AST,ASSISTS,1,2.5,OVER,DEMON,1,0,2.5,0,0,demon,2026-02-25T20:10:00.000-05:00,2026-02-24T22:45:48.876000+00:00
10102652|Dorian Finney-Smith|FG3M|DEMON|2.5|OVER,10102652,Dorian Finney-Smith,HOU,FG3M,3-PT MADE,1,2.5,OVER,DEMON,1,0,2.5,0,0,demon,2026-02-25T20:10:00.000-05:00,2026-02-24T22:45:48.566000+00:00
10102651|Dorian Finney-Smith|FG3M|GOBLIN|0.5|OVER,10102651,Dorian Finney-Smith,HOU,FG3M,3-PT MADE,1,0.5,OVER,GOBLIN,1,0,0.5,0,0,goblin,2026-02-25T20:10:00.000-05:00,2026-02-24T22:45:48.467000+00:00
10102650|DeMar DeRozan|STL|DEMON|1.5|OVER,10102650,DeMar DeRozan,SAC,STL,STEALS,1,1.5,OVER,DEMON,1,0,1.5,0,0,demon,2026-02-25T20:10:00.000-05:00,2026-02-24T22:45:48.164000+00:00
10102648|DeMar DeRozan|RA|DEMON|7.5|OVER,10102648,DeMar DeRozan,SAC,RA,REBS+ASTS,1,7.5,OVER,DEMON,1,0,7.5,0,0,demon,2026-02-25T20:10:00.000-05:00,2026-02-24T22:45:47.834000+00:00
10102647|DeMar DeRozan|RA|DEMON|6.5|OVER,10102647,DeMar DeRozan,SAC,RA,REBS+ASTS,1,6.5,OVER,DEMON,1,0,6.5,0,0,demon,2026-02-25T20:10:00.000-05:00,2026-02-24T22:45:47.742000+00:00
10102646|DeMar DeRozan|RA|GOBLIN|4.5|OVER,10102646,DeMar DeRozan,SAC,RA,REBS+ASTS,1,4.5,OVER,GOBLIN,1,0,4.5,0,0,goblin,2026-02-25T20:10:00.000-05:00,2026-02-24T22:45:47.645000+00:00
10102645|DeMar DeRozan|REB|DEMON|4.5|OVER,10102645,DeMar DeRozan,SAC,REB,REBOUNDS,1,4.5,OVER,DEMON,1,0,4.5,0,0,demon,2026-02-25T20:10:00.000-05:00,2026-02-24T22:45:47.399000+00:00
10102643|DeMar DeRozan|REB|GOBLIN|1.5|OVER,10102643,DeMar DeRozan,SAC,REB,REBOUNDS,1,1.5,OVER,GOBLIN,1,0,1.5,0,0,goblin,2026-02-25T20:10:00.000-05:00,2026-02-24T22:45:47.203000+00:00
10102642|DeMar DeRozan|PRA|DEMON|26.5|OVER,10102642,DeMar DeRozan,SAC,PRA,PTS+REBS+ASTS,1,26.5,OVER,DEMON,1,0,26.5,0,0,demon,2026-02-25T20:10:00.000-05:00,2026-02-24T22:45:46.940000+00:00
10102640|DeMar DeRozan|PRA|DEMON|24.5|OVER,10102640,DeMar DeRozan,SAC,PRA,PTS+REBS+ASTS,1,24.5,OVER,DEMON,1,0,24.5,0,0,demon,2026-02-25T20:10:00.000-05:00,2026-02-24T22:45:46.710000+00:00
10102634|DeMar DeRozan|AST|DEMON|5.5|OVER,10102634,DeMar DeRozan,SAC,AST,ASSISTS,1,5.5,OVER,DEMON,1,0,5.5,0,0,demon,2026-02-25T20:10:00.000-05:00,2026-02-24T22:45:45.570000+00:00
10102633|DeMar DeRozan|AST|DEMON|4.5|OVER,10102633,DeMar DeRozan,SAC,AST,ASSISTS,1,4.5,OVER,DEMON,1,0,4.5,0,0,demon,2026-02-25T20:10:00.000-05:00,2026-02-24T22:45:45.463000+00:00
10102632|DeMar DeRozan|AST|GOBLIN|2.5|OVER,10102632,DeMar DeRozan,SAC,AST,ASSISTS,1,2.5,OVER,GOBLIN,1,0,2.5,0,0,goblin,2026-02-25T20:10:00.000-05:00,2026-02-24T22:45:45.351000+00:00
10102631|DeMar DeRozan|FG3M|DEMON|1.5|OVER,10102631,DeMar DeRozan,SAC,FG3M,3-PT MADE,1,1.5,OVER,DEMON,1,0,1.5,0,0,demon,2026-02-25T20:10:00.000-05:00,2026-02-24T22:45:45.068000+00:00
10102630|Alperen Sengun|STL|DEMON|2.5|OVER,10102630,Alperen Sengun,HOU,STL,STEALS,1,2.5,OVER,DEMON,1,0,2.5,0,0,demon,2026-02-25T20:10:00.000-05:00,2026-02-24T22:45:44.759000+00:00
10102629|Alperen Sengun|STL|GOBLIN|0.5|OVER,10102629,Alperen Sengun,HOU,STL,STEALS,1,0.5,OVER,GOBLIN,1,0,0.5,0,0,goblin,2026-02-25T20:10:00.000-05:00,2026-02-24T22:45:44.644000+00:00
10102628|Alperen Sengun|RA|DEMON|20.5|OVER,10102628,Alperen Sengun,HOU,RA,REBS+ASTS,1,20.5,OVER,DEMON,1,0,20.5,0,0,demon,2026-02-25T20:10:00.000-05:00,2026-02-24T22:45:44.397000+00:00
10102626|Alperen Sengun|RA|GOBLIN|14.5|OVER,10102626,Alperen Sengun,HOU,RA,REBS+ASTS,1,14.5,OVER,GOBLIN,1,0,14.5,0,0,goblin,2026-02-25T20:10:00.000-05:00,2026-02-24T22:45:44.186000+00:00
10102624|Alperen Sengun|REB|DEMON|12.5|OVER,10102624,Alperen Sengun,HOU,REB,REBOUNDS,1,12.5,OVER,DEMON,1,0,12.5,0,0,demon,2026-02-25T20:10:00.000-05:00,2026-02-24T22:45:43.813000+00:00
10102623|Alperen Sengun|REB|DEMON|11.5|OVER,10102623,Alperen Sengun,HOU,REB,REBOUNDS,1,11.5,OVER,DEMON,1,0,11.5,0,0,demon,2026-02-25T20:10:00.000-05:00,2026-02-24T22:45:43.705000+00:00
10102621|Alperen Sengun|PRA|DEMON|37.5|OVER,10102621,Alperen Sengun,HOU,PRA,PTS+REBS+ASTS,1,37.5,OVER,DEMON,1,0,37.5,0,0,demon,2026-02-25T20:10:00.000-05:00,2026-02-24T22:45:43.318000+00:00
10102620|Alperen Sengun|PRA|DEMON|41.5|OVER,10102620,Alperen Sengun,HOU,PRA,PTS+REBS+ASTS,1,41.5,OVER,DEMON,1,0,41.5,0,0,demon,2026-02-25T20:10:00.000-05:00,2026-02-24T22:45:43.205000+00:00
10102619|Alperen Sengun|PRA|DEMON|39.5|OVER,10102619,Alperen Sengun,HOU,PRA,PTS+REBS+ASTS,1,39.5,OVER,DEMON,1,0,39.5,0,0,demon,2026-02-25T20:10:00.000-05:00,2026-02-24T22:45:43.099000+00:00
10102617|Alperen Sengun|PTS|DEMON|25.5|OVER,10102617,Alperen Sengun,HOU,PTS,POINTS,1,25.5,OVER,DEMON,1,0,25.5,0,0,demon,2026-02-25T20:10:00.000-05:00,2026-02-24T22:45:42.663000+00:00
10102615|Alperen Sengun|PTS|DEMON|23.5|OVER,10102615,Alperen Sengun,HOU,PTS,POINTS,1,23.5,OVER,DEMON,1,0,23.5,0,0,demon,2026-02-25T20:10:00.000-05:00,2026-02-24T22:45:42.441000+00:00
10102614|Alperen Sengun|PTS|GOBLIN|17.5|OVER,10102614,Alperen Sengun,HOU,PTS,POINTS,1,17.5,OVER,GOBLIN,1,0,17.5,0,0,goblin,2026-02-25T20:10:00.000-05:00,2026-02-24T22:45:42.333000+00:00
10102612|Alperen Sengun|BLOCKED SHOTS|DEMON|1.5|OVER,10102612,Alperen Sengun,HOU,BLOCKED SHOTS,BLOCKED SHOTS,0,1.5,OVER,DEMON,1,0,1.5,0,0,demon,2026-02-25T20:10:00.000-05:00,2026-02-24T22:45:41.758000+00:00
10102611|Alperen Sengun|AST|DEMON|9.5|OVER,10102611,Alperen Sengun,HOU,AST,ASSISTS,1,9.5,OVER,DEMON,1,0,9.5,0,0,demon,2026-02-25T20:10:00.000-05:00,2026-02-24T22:45:41.503000+00:00
10102610|Alperen Sengun|AST|DEMON|8.5|OVER,10102610,Alperen Sengun,HOU,AST,ASSISTS,1,8.5,OVER,DEMON,1,0,8.5,0,0,demon,2026-02-25T20:10:00.000-05:00,2026-02-24T22:45:41.377000+00:00
10102608|Alperen Sengun|AST|GOBLIN|5.5|OVER,10102608,Alperen Sengun,HOU,AST,ASSISTS,1,5.5,OVER,GOBLIN,1,0,5.5,0,0,goblin,2026-02-25T20:10:00.000-05:00,2026-02-24T22:45:41.138000+00:00
10086658|Jerami Grant|PR|STANDARD|23.5|OVER,10086658,Jerami Grant,POR,PR,PTS+REBS,1,23.5,OVER,STANDARD,1,0,23.5,0,0,standard,2026-02-24T22:10:00.000-05:00,2026-02-24T22:45:18.273000+00:00
10086658|Jerami Grant|PR|STANDARD|23.5|UNDER,10086658,Jerami Grant,POR,PR,PTS+REBS,1,23.5,UNDER,STANDARD,0,1,23.5,0,0,standard,2026-02-24T22:10:00.000-05:00,2026-02-24T22:45:18.273000+00:00
10094654|Jrue Holiday|QUARTERS WITH 3+ POINTS|DEMON|3.5|OVER,10094654,Jrue Holiday,POR,QUARTERS WITH 3+ POINTS,QUARTERS WITH 3+ POINTS,0,3.5,OVER,DEMON,1,0,3.5,0,0,demon,2026-02-24T22:10:00.000-05:00,2026-02-24T22:43:03.388000+00:00
10086449|Anthony Edwards|PR|STANDARD|33.5|OVER,10086449,Anthony Edwards,MIN,PR,PTS+REBS,1,33.5,OVER,STANDARD,1,0,33.5,0,0,standard,2026-02-24T22:10:00.000-05:00,2026-02-24T22:41:41.205000+00:00
10086449|Anthony Edwards|PR|STANDARD|33.5|UNDER,10086449,Anthony Edwards,MIN,PR,PTS+REBS,1,33.5,UNDER,STANDARD,0,1,33.5,0,0,standard,2026-02-24T22:10:00.000-05:00,2026-02-24T22:41:41.205000+00:00
10087061|Vít Krejčí|REB|DEMON|3.5|OVER,10087061,Vít Krejčí,POR,REB,REBOUNDS,1,3.5,OVER,DEMON,1,0,3.5,0,0,demon,2026-02-24T22:10:00.000-05:00,2026-02-24T22:41:21.975000+00:00
10094875|Marcus Smart|FANTASY SCORE|STANDARD|17.5|OVER,10094875,Marcus Smart,LAL,FANTASY SCORE,FANTASY SCORE,0,17.5,OVER,STANDARD,1,0,17.5,0,0,standard,2026-02-24T22:40:00.000-05:00,2026-02-24T22:40:46.241000+00:00
10094875|Marcus Smart|FANTASY SCORE|STANDARD|17.5|UNDER,10094875,Marcus Smart,LAL,FANTASY SCORE,FANTASY SCORE,0,17.5,UNDER,STANDARD,0,1,17.5,0,0,standard,2026-02-24T22:40:00.000-05:00,2026-02-24T22:40:46.241000+00:00
10089344|Deandre Ayton|PR|DEMON|24.5|OVER,10089344,Deandre Ayton,LAL,PR,PTS+REBS,1,24.5,OVER,DEMON,1,0,24.5,0,0,demon,2026-02-24T22:40:00.000-05:00,2026-02-24T22:40:26.756000+00:00
10102098|Austin Reaves|REB|GOBLIN|2.5|OVER,10102098,Austin Reaves,LAL,REB,REBOUNDS,1,2.5,OVER,GOBLIN,1,0,2.5,0,0,goblin,2026-02-24T22:40:00.000-05:00,2026-02-24T22:40:11.385000+00:00
10100968|Reed Sheppard|PA|STANDARD|18.5|OVER,10100968,Reed Sheppard,HOU,PA,PTS+ASTS,1,18.5,OVER,STANDARD,1,0,18.5,0,0,standard,2026-02-25T20:10:00.000-05:00,2026-02-24T22:39:19.376000+00:00
10100968|Reed Sheppard|PA|STANDARD|18.5|UNDER,10100968,Reed Sheppard,HOU,PA,PTS+ASTS,1,18.5,UNDER,STANDARD,0,1,18.5,0,0,standard,2026-02-25T20:10:00.000-05:00,2026-02-24T22:39:19.376000+00:00
10095129|Neemias Queta|FANTASY SCORE|STANDARD|24|OVER,10095129,Neemias Queta,BOS,FANTASY SCORE,FANTASY SCORE,0,24.0,OVER,STANDARD,1,0,24.0,0,0,standard,2026-02-24T21:10:00.000-05:00,2026-02-24T22:38:40.217000+00:00
10095129|Neemias Queta|FANTASY SCORE|STANDARD|24|UNDER,10095129,Neemias Queta,BOS,FANTASY SCORE,FANTASY SCORE,0,24.0,UNDER,STANDARD,0,1,24.0,0,0,standard,2026-02-24T21:10:00.000-05:00,2026-02-24T22:38:40.217000+00:00
10082138|Neemias Queta|PRA|STANDARD|18.5|OVER,10082138,Neemias Queta,BOS,PRA,PTS+REBS+ASTS,1,18.5,OVER,STANDARD,1,0,18.5,0,0,standard,2026-02-24T21:10:00.000-05:00,2026-02-24T22:38:36.742000+00:00
10082138|Neemias Queta|PRA|STANDARD|18.5|UNDER,10082138,Neemias Queta,BOS,PRA,PTS+REBS+ASTS,1,18.5,UNDER,STANDARD,0,1,18.5,0,0,standard,2026-02-24T21:10:00.000-05:00,2026-02-24T22:38:36.742000+00:00
10086965|Sidy Cissoko|BLOCKED SHOTS|DEMON|0.5|OVER,10086965,Sidy Cissoko,POR,BLOCKED SHOTS,BLOCKED SHOTS,0,0.5,OVER,DEMON,1,0,0.5,0,0,demon,2026-02-24T22:10:00.000-05:00,2026-02-24T22:37:23.007000+00:00
10065879|Mark Williams|PR|STANDARD|18.5|OVER,10065879,Mark Williams,PHX,PR,PTS+REBS,1,18.5,OVER,STANDARD,1,0,18.5,0,0,standard,2026-02-24T21:10:00.000-05:00,2026-02-24T22:36:54.998000+00:00
10065879|Mark Williams|PR|STANDARD|18.5|UNDER,10065879,Mark Williams,PHX,PR,PTS+REBS,1,18.5,UNDER,STANDARD,0,1,18.5,0,0,standard,2026-02-24T21:10:00.000-05:00,2026-02-24T22:36:54.998000+00:00
10071680|Neemias Queta|PR|STANDARD|16.5|OVER,10071680,Neemias Queta,BOS,PR,PTS+REBS,1,16.5,OVER,STANDARD,1,0,16.5,0,0,standard,2026-02-24T21:10:00.000-05:00,2026-02-24T22:36:51.542000+00:00
10071680|Neemias Queta|PR|STANDARD|16.5|UNDER,10071680,Neemias Queta,BOS,PR,PTS+REBS,1,16.5,UNDER,STANDARD,0,1,16.5,0,0,standard,2026-02-24T21:10:00.000-05:00,2026-02-24T22:36:51.542000+00:00
10086567|Donte DiVincenzo|PTS|DEMON|13.5|OVER,10086567,Donte DiVincenzo,MIN,PTS,POINTS,1,13.5,OVER,DEMON,1,0,13.5,0,0,demon,2026-02-24T22:10:00.000-05:00,2026-02-24T22:36:46.395000+00:00
10065855|Jalen Green|RA|STANDARD|8|OVER,10065855,Jalen Green,PHX,RA,REBS+ASTS,1,8.0,OVER,STANDARD,1,0,8.0,0,0,standard,2026-02-24T21:10:00.000-05:00,2026-02-24T22:36:35.282000+00:00
10065855|Jalen Green|RA|STANDARD|8|UNDER,10065855,Jalen Green,PHX,RA,REBS+ASTS,1,8.0,UNDER,STANDARD,0,1,8.0,0,0,standard,2026-02-24T21:10:00.000-05:00,2026-02-24T22:36:35.282000+00:00
10097800|Donte DiVincenzo|TWO POINTERS ATTEMPTED|STANDARD|1.5|OVER,10097800,Donte DiVincenzo,MIN,TWO POINTERS ATTEMPTED,TWO POINTERS ATTEMPTED,0,1.5,OVER,STANDARD,1,0,1.5,0,0,standard,2026-02-24T22:10:00.000-05:00,2026-02-24T22:35:43.647000+00:00
10097800|Donte DiVincenzo|TWO POINTERS ATTEMPTED|STANDARD|1.5|UNDER,10097800,Donte DiVincenzo,MIN,TWO POINTERS ATTEMPTED,TWO POINTERS ATTEMPTED,0,1.5,UNDER,STANDARD,0,1,1.5,0,0,standard,2026-02-24T22:10:00.000-05:00,2026-02-24T22:35:43.647000+00:00
10077655|Paolo Banchero|TWO POINTERS MADE|DEMON|6.5|OVER,10077655,Paolo Banchero,ORL,TWO POINTERS MADE,TWO POINTERS MADE,0,6.5,OVER,DEMON,1,0,6.5,0,0,demon,2026-02-24T22:40:00.000-05:00,2026-02-24T22:35:41.995000+00:00
10077383|Anthony Black|TWO POINTERS ATTEMPTED|STANDARD|7.5|OVER,10077383,Anthony Black,ORL,TWO POINTERS ATTEMPTED,TWO POINTERS ATTEMPTED,0,7.5,OVER,STANDARD,1,0,7.5,0,0,standard,2026-02-24T22:40:00.000-05:00,2026-02-24T22:35:40.364000+00:00
10077383|Anthony Black|TWO POINTERS ATTEMPTED|STANDARD|7.5|UNDER,10077383,Anthony Black,ORL,TWO POINTERS ATTEMPTED,TWO POINTERS ATTEMPTED,0,7.5,UNDER,STANDARD,0,1,7.5,0,0,standard,2026-02-24T22:40:00.000-05:00,2026-02-24T22:35:40.364000+00:00
10077435|Deandre Ayton|TWO POINTERS ATTEMPTED|GOBLIN|5.5|OVER,10077435,Deandre Ayton,LAL,TWO POINTERS ATTEMPTED,TWO POINTERS ATTEMPTED,0,5.5,OVER,GOBLIN,1,0,5.5,0,0,goblin,2026-02-24T22:40:00.000-05:00,2026-02-24T22:35:40.353000+00:00
10086993|Sidy Cissoko|TOV|GOBLIN|0.5|OVER,10086993,Sidy Cissoko,POR,TOV,TURNOVERS,1,0.5,OVER,GOBLIN,1,0,0.5,0,0,goblin,2026-02-24T22:10:00.000-05:00,2026-02-24T22:35:40.010000+00:00
10071585|Baylor Scheierman|STL|GOBLIN|0.5|OVER,10071585,Baylor Scheierman,BOS,STL,STEALS,1,0.5,OVER,GOBLIN,1,0,0.5,0,0,goblin,2026-02-24T21:10:00.000-05:00,2026-02-24T22:35:20.475000+00:00
10091074|Rui Hachimura|3-PT ATTEMPTED|GOBLIN|2.5|OVER,10091074,Rui Hachimura,LAL,3-PT ATTEMPTED,3-PT ATTEMPTED,0,2.5,OVER,GOBLIN,1,0,2.5,0,0,goblin,2026-02-24T22:40:00.000-05:00,2026-02-24T22:34:40.916000+00:00
10077523|Jalen Suggs|TWO POINTERS ATTEMPTED|DEMON|4.5|OVER,10077523,Jalen Suggs,ORL,TWO POINTERS ATTEMPTED,TWO POINTERS ATTEMPTED,0,4.5,OVER,DEMON,1,0,4.5,0,0,demon,2026-02-24T22:40:00.000-05:00,2026-02-24T22:34:40.016000+00:00
10088755|Julius Randle|PR|DEMON|34.5|OVER,10088755,Julius Randle,MIN,PR,PTS+REBS,1,34.5,OVER,DEMON,1,0,34.5,0,0,demon,2026-02-24T22:10:00.000-05:00,2026-02-24T22:33:45.994000+00:00
10100860|Kevin Durant|PR|STANDARD|31.5|OVER,10100860,Kevin Durant,HOU,PR,PTS+REBS,1,31.5,OVER,STANDARD,1,0,31.5,0,0,standard,2026-02-25T20:10:00.000-05:00,2026-02-24T22:33:27.431000+00:00
10100860|Kevin Durant|PR|STANDARD|31.5|UNDER,10100860,Kevin Durant,HOU,PR,PTS+REBS,1,31.5,UNDER,STANDARD,0,1,31.5,0,0,standard,2026-02-25T20:10:00.000-05:00,2026-02-24T22:33:27.431000+00:00
10091962|Baylor Scheierman|PTS|GOBLIN|6.5|OVER,10091962,Baylor Scheierman,BOS,PTS,POINTS,1,6.5,OVER,GOBLIN,1,0,6.5,0,0,goblin,2026-02-24T21:10:00.000-05:00,2026-02-24T22:32:31.856000+00:00
10100892|Maxime Raynaud|FG3M|DEMON|0.5|OVER,10100892,Maxime Raynaud,SAC,FG3M,3-PT MADE,1,0.5,OVER,DEMON,1,0,0.5,0,0,demon,2026-02-25T20:10:00.000-05:00,2026-02-24T22:32:19.675000+00:00
10093314|Tristan Silva|REB|GOBLIN|2.5|OVER,10093314,Tristan Silva,ORL,REB,REBOUNDS,1,2.5,OVER,GOBLIN,1,0,2.5,0,0,goblin,2026-02-24T22:40:00.000-05:00,2026-02-24T22:32:02.497000+00:00
10093103|Naz Reid|PR|GOBLIN|17.5|OVER,10093103,Naz Reid,MIN,PR,PTS+REBS,1,17.5,OVER,GOBLIN,1,0,17.5,0,0,goblin,2026-02-24T22:10:00.000-05:00,2026-02-24T22:31:29.316000+00:00
10071570|Baylor Scheierman|3-PT ATTEMPTED|GOBLIN|4.5|OVER,10071570,Baylor Scheierman,BOS,3-PT ATTEMPTED,3-PT ATTEMPTED,0,4.5,OVER,GOBLIN,1,0,4.5,0,0,goblin,2026-02-24T21:10:00.000-05:00,2026-02-24T22:31:16.348000+00:00
10077566|Luke Kennard|AST|DEMON|1.5|OVER,10077566,Luke Kennard,LAL,AST,ASSISTS,1,1.5,OVER,DEMON,1,0,1.5,0,0,demon,2026-02-24T22:40:00.000-05:00,2026-02-24T22:30:55.644000+00:00
10095918|Moritz Wagner|AST|DEMON|1.5|OVER,10095918,Moritz Wagner,ORL,AST,ASSISTS,1,1.5,OVER,DEMON,1,0,1.5,0,0,demon,2026-02-24T22:40:00.000-05:00,2026-02-24T22:30:55.609000+00:00
10077661|Rui Hachimura|AST|DEMON|1.5|OVER,10077661,Rui Hachimura,LAL,AST,ASSISTS,1,1.5,OVER,DEMON,1,0,1.5,0,0,demon,2026-02-24T22:40:00.000-05:00,2026-02-24T22:30:55.585000+00:00
10077459|Jake LaRavia|AST|DEMON|1.5|OVER,10077459,Jake LaRavia,LAL,AST,ASSISTS,1,1.5,OVER,DEMON,1,0,1.5,0,0,demon,2026-02-24T22:40:00.000-05:00,2026-02-24T22:30:55.570000+00:00
10093415|Tristan Silva|AST|GOBLIN|0.5|OVER,10093415,Tristan Silva,ORL,AST,ASSISTS,1,0.5,OVER,GOBLIN,1,0,0.5,0,0,goblin,2026-02-24T22:40:00.000-05:00,2026-02-24T22:30:55.537000+00:00
10077475|Jake LaRavia|RA|DEMON|5.5|OVER,10077475,Jake LaRavia,LAL,RA,REBS+ASTS,1,5.5,OVER,DEMON,1,0,5.5,0,0,demon,2026-02-24T22:40:00.000-05:00,2026-02-24T22:30:55.516000+00:00
10077401|Deandre Ayton|AST|DEMON|1.5|OVER,10077401,Deandre Ayton,LAL,AST,ASSISTS,1,1.5,OVER,DEMON,1,0,1.5,0,0,demon,2026-02-24T22:40:00.000-05:00,2026-02-24T22:30:55.497000+00:00
10093426|Tristan Silva|RA|DEMON|5.5|OVER,10093426,Tristan Silva,ORL,RA,REBS+ASTS,1,5.5,OVER,DEMON,1,0,5.5,0,0,demon,2026-02-24T22:40:00.000-05:00,2026-02-24T22:30:55.351000+00:00
10077535|LeBron James|RA|DEMON|16.5|OVER,10077535,LeBron James,LAL,RA,REBS+ASTS,1,16.5,OVER,DEMON,1,0,16.5,0,0,demon,2026-02-24T22:40:00.000-05:00,2026-02-24T22:30:55.284000+00:00
10077687|Rui Hachimura|RA|GOBLIN|2.5|OVER,10077687,Rui Hachimura,LAL,RA,REBS+ASTS,1,2.5,OVER,GOBLIN,1,0,2.5,0,0,goblin,2026-02-24T22:40:00.000-05:00,2026-02-24T22:30:55.209000+00:00
10077473|Jake LaRavia|RA|GOBLIN|2.5|OVER,10077473,Jake LaRavia,LAL,RA,REBS+ASTS,1,2.5,OVER,GOBLIN,1,0,2.5,0,0,goblin,2026-02-24T22:40:00.000-05:00,2026-02-24T22:30:55.150000+00:00
10077430|Deandre Ayton|RA|DEMON|9.5|OVER,10077430,Deandre Ayton,LAL,RA,REBS+ASTS,1,9.5,OVER,DEMON,1,0,9.5,0,0,demon,2026-02-24T22:40:00.000-05:00,2026-02-24T22:30:55.144000+00:00
10093425|Tristan Silva|RA|DEMON|6.5|OVER,10093425,Tristan Silva,ORL,RA,REBS+ASTS,1,6.5,OVER,DEMON,1,0,6.5,0,0,demon,2026-02-24T22:40:00.000-05:00,2026-02-24T22:30:55.108000+00:00
10077593|Luke Kennard|RA|DEMON|4.5|OVER,10077593,Luke Kennard,LAL,RA,REBS+ASTS,1,4.5,OVER,DEMON,1,0,4.5,0,0,demon,2026-02-24T22:40:00.000-05:00,2026-02-24T22:30:55.097000+00:00
10077632|Marcus Smart|RA|DEMON|6.5|OVER,10077632,Marcus Smart,LAL,RA,REBS+ASTS,1,6.5,OVER,DEMON,1,0,6.5,0,0,demon,2026-02-24T22:40:00.000-05:00,2026-02-24T22:30:55.053000+00:00
10077725|Wendell Carter|RA|DEMON|12.5|OVER,10077725,Wendell Carter,ORL,RA,REBS+ASTS,1,12.5,OVER,DEMON,1,0,12.5,0,0,demon,2026-02-24T22:40:00.000-05:00,2026-02-24T22:30:55.009000+00:00
10077688|Rui Hachimura|RA|DEMON|4.5|OVER,10077688,Rui Hachimura,LAL,RA,REBS+ASTS,1,4.5,OVER,DEMON,1,0,4.5,0,0,demon,2026-02-24T22:40:00.000-05:00,2026-02-24T22:30:55.002000+00:00
10095928|Moritz Wagner|RA|DEMON|7.5|OVER,10095928,Moritz Wagner,ORL,RA,REBS+ASTS,1,7.5,OVER,DEMON,1,0,7.5,0,0,demon,2026-02-24T22:40:00.000-05:00,2026-02-24T22:30:54.977000+00:00
10095929|Moritz Wagner|RA|GOBLIN|3.5|OVER,10095929,Moritz Wagner,ORL,RA,REBS+ASTS,1,3.5,OVER,GOBLIN,1,0,3.5,0,0,goblin,2026-02-24T22:40:00.000-05:00,2026-02-24T22:30:54.964000+00:00
10077429|Deandre Ayton|RA|DEMON|10.5|OVER,10077429,Deandre Ayton,LAL,RA,REBS+ASTS,1,10.5,OVER,DEMON,1,0,10.5,0,0,demon,2026-02-24T22:40:00.000-05:00,2026-02-24T22:30:54.956000+00:00
10093427|Tristan Silva|RA|DEMON|7.5|OVER,10093427,Tristan Silva,ORL,RA,REBS+ASTS,1,7.5,OVER,DEMON,1,0,7.5,0,0,demon,2026-02-24T22:40:00.000-05:00,2026-02-24T22:30:54.956000+00:00
10077723|Wendell Carter|RA|DEMON|11.5|OVER,10077723,Wendell Carter,ORL,RA,REBS+ASTS,1,11.5,OVER,DEMON,1,0,11.5,0,0,demon,2026-02-24T22:40:00.000-05:00,2026-02-24T22:30:54.951000+00:00
10077679|Rui Hachimura|PRA|DEMON|14.5|OVER,10077679,Rui Hachimura,LAL,PRA,PTS+REBS+ASTS,1,14.5,OVER,DEMON,1,0,14.5,0,0,demon,2026-02-24T22:40:00.000-05:00,2026-02-24T22:30:54.926000+00:00
10077428|Deandre Ayton|RA|GOBLIN|7.5|OVER,10077428,Deandre Ayton,LAL,RA,REBS+ASTS,1,7.5,OVER,GOBLIN,1,0,7.5,0,0,goblin,2026-02-24T22:40:00.000-05:00,2026-02-24T22:30:54.901000+00:00
10077474|Jake LaRavia|RA|DEMON|4.5|OVER,10077474,Jake LaRavia,LAL,RA,REBS+ASTS,1,4.5,OVER,DEMON,1,0,4.5,0,0,demon,2026-02-24T22:40:00.000-05:00,2026-02-24T22:30:54.886000+00:00
10077595|Luke Kennard|RA|DEMON|5.5|OVER,10077595,Luke Kennard,LAL,RA,REBS+ASTS,1,5.5,OVER,DEMON,1,0,5.5,0,0,demon,2026-02-24T22:40:00.000-05:00,2026-02-24T22:30:54.874000+00:00
10077689|Rui Hachimura|RA|DEMON|5.5|OVER,10077689,Rui Hachimura,LAL,RA,REBS+ASTS,1,5.5,OVER,DEMON,1,0,5.5,0,0,demon,2026-02-24T22:40:00.000-05:00,2026-02-24T22:30:54.869000+00:00
10087070|Luke Kennard|PRA|GOBLIN|8.5|OVER,10087070,Luke Kennard,LAL,PRA,PTS+REBS+ASTS,1,8.5,OVER,GOBLIN,1,0,8.5,0,0,goblin,2026-02-24T22:40:00.000-05:00,2026-02-24T22:30:54.863000+00:00
10077476|Jake LaRavia|RA|DEMON|6.5|OVER,10077476,Jake LaRavia,LAL,RA,REBS+ASTS,1,6.5,OVER,DEMON,1,0,6.5,0,0,demon,2026-02-24T22:40:00.000-05:00,2026-02-24T22:30:54.852000+00:00
10077724|Wendell Carter|RA|DEMON|10.5|OVER,10077724,Wendell Carter,ORL,RA,REBS+ASTS,1,10.5,OVER,DEMON,1,0,10.5,0,0,demon,2026-02-24T22:40:00.000-05:00,2026-02-24T22:30:54.840000+00:00
10093428|Tristan Silva|RA|GOBLIN|3.5|OVER,10093428,Tristan Silva,ORL,RA,REBS+ASTS,1,3.5,OVER,GOBLIN,1,0,3.5,0,0,goblin,2026-02-24T22:40:00.000-05:00,2026-02-24T22:30:54.838000+00:00
10077690|Rui Hachimura|RA|DEMON|6.5|OVER,10077690,Rui Hachimura,LAL,RA,REBS+ASTS,1,6.5,OVER,DEMON,1,0,6.5,0,0,demon,2026-02-24T22:40:00.000-05:00,2026-02-24T22:30:54.818000+00:00
10077592|Luke Kennard|RA|GOBLIN|2.5|OVER,10077592,Luke Kennard,LAL,RA,REBS+ASTS,1,2.5,OVER,GOBLIN,1,0,2.5,0,0,goblin,2026-02-24T22:40:00.000-05:00,2026-02-24T22:30:54.776000+00:00
10077680|Rui Hachimura|PRA|DEMON|16.5|OVER,10077680,Rui Hachimura,LAL,PRA,PTS+REBS+ASTS,1,16.5,OVER,DEMON,1,0,16.5,0,0,demon,2026-02-24T22:40:00.000-05:00,2026-02-24T22:30:54.760000+00:00
10077376|Anthony Black|PRA|GOBLIN|21.5|OVER,10077376,Anthony Black,ORL,PRA,PTS+REBS+ASTS,1,21.5,OVER,GOBLIN,1,0,21.5,0,0,goblin,2026-02-24T22:40:00.000-05:00,2026-02-24T22:30:54.746000+00:00
10077417|Deandre Ayton|PRA|GOBLIN|15.5|OVER,10077417,Deandre Ayton,LAL,PRA,PTS+REBS+ASTS,1,15.5,OVER,GOBLIN,1,0,15.5,0,0,goblin,2026-02-24T22:40:00.000-05:00,2026-02-24T22:30:54.725000+00:00
10077583|Luke Kennard|PRA|GOBLIN|7.5|OVER,10077583,Luke Kennard,LAL,PRA,PTS+REBS+ASTS,1,7.5,OVER,GOBLIN,1,0,7.5,0,0,goblin,2026-02-24T22:40:00.000-05:00,2026-02-24T22:30:54.713000+00:00
10077586|Luke Kennard|PRA|DEMON|12.5|OVER,10077586,Luke Kennard,LAL,PRA,PTS+REBS+ASTS,1,12.5,OVER,DEMON,1,0,12.5,0,0,demon,2026-02-24T22:40:00.000-05:00,2026-02-24T22:30:54.702000+00:00
10077418|Deandre Ayton|PRA|DEMON|19.5|OVER,10077418,Deandre Ayton,LAL,PRA,PTS+REBS+ASTS,1,19.5,OVER,DEMON,1,0,19.5,0,0,demon,2026-02-24T22:40:00.000-05:00,2026-02-24T22:30:54.700000+00:00
10077584|Luke Kennard|PRA|DEMON|11.5|OVER,10077584,Luke Kennard,LAL,PRA,PTS+REBS+ASTS,1,11.5,OVER,DEMON,1,0,11.5,0,0,demon,2026-02-24T22:40:00.000-05:00,2026-02-24T22:30:54.699000+00:00
10077681|Rui Hachimura|PRA|DEMON|18.5|OVER,10077681,Rui Hachimura,LAL,PRA,PTS+REBS+ASTS,1,18.5,OVER,DEMON,1,0,18.5,0,0,demon,2026-02-24T22:40:00.000-05:00,2026-02-24T22:30:54.652000+00:00
10077419|Deandre Ayton|PRA|DEMON|21.5|OVER,10077419,Deandre Ayton,LAL,PRA,PTS+REBS+ASTS,1,21.5,OVER,DEMON,1,0,21.5,0,0,demon,2026-02-24T22:40:00.000-05:00,2026-02-24T22:30:54.607000+00:00
10077678|Rui Hachimura|PRA|GOBLIN|10.5|OVER,10077678,Rui Hachimura,LAL,PRA,PTS+REBS+ASTS,1,10.5,OVER,GOBLIN,1,0,10.5,0,0,goblin,2026-02-24T22:40:00.000-05:00,2026-02-24T22:30:54.597000+00:00
10085642|Rui Hachimura|PRA|GOBLIN|11.5|OVER,10085642,Rui Hachimura,LAL,PRA,PTS+REBS+ASTS,1,11.5,OVER,GOBLIN,1,0,11.5,0,0,goblin,2026-02-24T22:40:00.000-05:00,2026-02-24T22:30:54.593000+00:00
10077420|Deandre Ayton|PRA|DEMON|23.5|OVER,10077420,Deandre Ayton,LAL,PRA,PTS+REBS+ASTS,1,23.5,OVER,DEMON,1,0,23.5,0,0,demon,2026-02-24T22:40:00.000-05:00,2026-02-24T22:30:54.576000+00:00
10085625|Deandre Ayton|PRA|GOBLIN|16.5|OVER,10085625,Deandre Ayton,LAL,PRA,PTS+REBS+ASTS,1,16.5,OVER,GOBLIN,1,0,16.5,0,0,goblin,2026-02-24T22:40:00.000-05:00,2026-02-24T22:30:54.572000+00:00
10077624|Marcus Smart|PRA|DEMON|16.5|OVER,10077624,Marcus Smart,LAL,PRA,PTS+REBS+ASTS,1,16.5,OVER,DEMON,1,0,16.5,0,0,demon,2026-02-24T22:40:00.000-05:00,2026-02-24T22:30:54.556000+00:00
10077621|Marcus Smart|PRA|GOBLIN|8.5|OVER,10077621,Marcus Smart,LAL,PRA,PTS+REBS+ASTS,1,8.5,OVER,GOBLIN,1,0,8.5,0,0,goblin,2026-02-24T22:40:00.000-05:00,2026-02-24T22:30:54.545000+00:00
10077585|Luke Kennard|PRA|DEMON|10.5|OVER,10077585,Luke Kennard,LAL,PRA,PTS+REBS+ASTS,1,10.5,OVER,DEMON,1,0,10.5,0,0,demon,2026-02-24T22:40:00.000-05:00,2026-02-24T22:30:54.501000+00:00
10077588|Luke Kennard|REB|GOBLIN|1.5|OVER,10077588,Luke Kennard,LAL,REB,REBOUNDS,1,1.5,OVER,GOBLIN,1,0,1.5,0,0,goblin,2026-02-24T22:40:00.000-05:00,2026-02-24T22:30:54.448000+00:00
10077469|Jake LaRavia|REB|GOBLIN|1.5|OVER,10077469,Jake LaRavia,LAL,REB,REBOUNDS,1,1.5,OVER,GOBLIN,1,0,1.5,0,0,goblin,2026-02-24T22:40:00.000-05:00,2026-02-24T22:30:54.433000+00:00
10077577|Luke Kennard|PTS|DEMON|7.5|OVER,10077577,Luke Kennard,LAL,PTS,POINTS,1,7.5,OVER,DEMON,1,0,7.5,0,0,demon,2026-02-24T22:40:00.000-05:00,2026-02-24T22:30:53.916000+00:00
10089468|Jake LaRavia|BLOCKED SHOTS|DEMON|1.5|OVER,10089468,Jake LaRavia,LAL,BLOCKED SHOTS,BLOCKED SHOTS,0,1.5,OVER,DEMON,1,0,1.5,0,0,demon,2026-02-24T22:40:00.000-05:00,2026-02-24T22:30:53.806000+00:00
10077618|Marcus Smart|PTS|DEMON|10.5|OVER,10077618,Marcus Smart,LAL,PTS,POINTS,1,10.5,OVER,DEMON,1,0,10.5,0,0,demon,2026-02-24T22:40:00.000-05:00,2026-02-24T22:30:53.714000+00:00
10077579|Luke Kennard|PTS|DEMON|6.5|OVER,10077579,Luke Kennard,LAL,PTS,POINTS,1,6.5,OVER,DEMON,1,0,6.5,0,0,demon,2026-02-24T22:40:00.000-05:00,2026-02-24T22:30:53.634000+00:00
10077578|Luke Kennard|PTS|DEMON|8.5|OVER,10077578,Luke Kennard,LAL,PTS,POINTS,1,8.5,OVER,DEMON,1,0,8.5,0,0,demon,2026-02-24T22:40:00.000-05:00,2026-02-24T22:30:53.590000+00:00
10077433|Deandre Ayton|STL|DEMON|1.5|OVER,10077433,Deandre Ayton,LAL,STL,STEALS,1,1.5,OVER,DEMON,1,0,1.5,0,0,demon,2026-02-24T22:40:00.000-05:00,2026-02-24T22:30:53.347000+00:00
10077597|Luke Kennard|STL|DEMON|1.5|OVER,10077597,Luke Kennard,LAL,STL,STEALS,1,1.5,OVER,DEMON,1,0,1.5,0,0,demon,2026-02-24T22:40:00.000-05:00,2026-02-24T22:30:53.268000+00:00
10077691|Rui Hachimura|STL|DEMON|1.5|OVER,10077691,Rui Hachimura,LAL,STL,STEALS,1,1.5,OVER,DEMON,1,0,1.5,0,0,demon,2026-02-24T22:40:00.000-05:00,2026-02-24T22:30:53.180000+00:00
10093429|Tristan Silva|STL|DEMON|1.5|OVER,10093429,Tristan Silva,ORL,STL,STEALS,1,1.5,OVER,DEMON,1,0,1.5,0,0,demon,2026-02-24T22:40:00.000-05:00,2026-02-24T22:30:53.145000+00:00
10077478|Jake LaRavia|STL|DEMON|1.5|OVER,10077478,Jake LaRavia,LAL,STL,STEALS,1,1.5,OVER,DEMON,1,0,1.5,0,0,demon,2026-02-24T22:40:00.000-05:00,2026-02-24T22:30:53.049000+00:00
10086614|Jaden McDaniels|PR|STANDARD|18.5|OVER,10086614,Jaden McDaniels,MIN,PR,PTS+REBS,1,18.5,OVER,STANDARD,1,0,18.5,0,0,standard,2026-02-24T22:10:00.000-05:00,2026-02-24T22:28:51.758000+00:00
10086614|Jaden McDaniels|PR|STANDARD|18.5|UNDER,10086614,Jaden McDaniels,MIN,PR,PTS+REBS,1,18.5,UNDER,STANDARD,0,1,18.5,0,0,standard,2026-02-24T22:10:00.000-05:00,2026-02-24T22:28:51.758000+00:00
10102048|Luka Dončić|AST|GOBLIN|5.5|OVER,10102048,Luka Dončić,LAL,AST,ASSISTS,1,5.5,OVER,GOBLIN,1,0,5.5,0,0,goblin,2026-02-24T22:40:00.000-05:00,2026-02-24T22:28:48.838000+00:00
10077628|Marcus Smart|REB|DEMON|3.5|OVER,10077628,Marcus Smart,LAL,REB,REBOUNDS,1,3.5,OVER,DEMON,1,0,3.5,0,0,demon,2026-02-24T22:40:00.000-05:00,2026-02-24T22:27:56.664000+00:00
10071599|Collin Gillespie|STL|DEMON|1.5|OVER,10071599,Collin Gillespie,PHX,STL,STEALS,1,1.5,OVER,DEMON,1,0,1.5,0,0,demon,2026-02-24T21:10:00.000-05:00,2026-02-24T22:27:24.105000+00:00
10069204|Jalen Green|REB|DEMON|6.5|OVER,10069204,Jalen Green,PHX,REB,REBOUNDS,1,6.5,OVER,DEMON,1,0,6.5,0,0,demon,2026-02-24T21:10:00.000-05:00,2026-02-24T22:27:09.930000+00:00
10100753|Alperen Sengun|FG3M|DEMON|0.5|OVER,10100753,Alperen Sengun,HOU,FG3M,3-PT MADE,1,0.5,OVER,DEMON,1,0,0.5,0,0,demon,2026-02-25T20:10:00.000-05:00,2026-02-24T22:26:08.441000+00:00
10077399|Austin Reaves|TOV|STANDARD|2.5|OVER,10077399,Austin Reaves,LAL,TOV,TURNOVERS,1,2.5,OVER,STANDARD,1,0,2.5,0,0,standard,2026-02-24T22:40:00.000-05:00,2026-02-24T22:26:08.036000+00:00
10077399|Austin Reaves|TOV|STANDARD|2.5|UNDER,10077399,Austin Reaves,LAL,TOV,TURNOVERS,1,2.5,UNDER,STANDARD,0,1,2.5,0,0,standard,2026-02-24T22:40:00.000-05:00,2026-02-24T22:26:08.036000+00:00
10077427|Deandre Ayton|RA|STANDARD|8.5|OVER,10077427,Deandre Ayton,LAL,RA,REBS+ASTS,1,8.5,OVER,STANDARD,1,0,8.5,0,0,standard,2026-02-24T22:40:00.000-05:00,2026-02-24T22:26:08.019000+00:00
10077427|Deandre Ayton|RA|STANDARD|8.5|UNDER,10077427,Deandre Ayton,LAL,RA,REBS+ASTS,1,8.5,UNDER,STANDARD,0,1,8.5,0,0,standard,2026-02-24T22:40:00.000-05:00,2026-02-24T22:26:08.019000+00:00
10100539|Desmond Bane|RA|GOBLIN|5.5|OVER,10100539,Desmond Bane,ORL,RA,REBS+ASTS,1,5.5,OVER,GOBLIN,1,0,5.5,0,0,goblin,2026-02-24T22:40:00.000-05:00,2026-02-24T22:24:41.384000+00:00
10100948|Precious Achiuwa|PR|STANDARD|15.5|OVER,10100948,Precious Achiuwa,SAC,PR,PTS+REBS,1,15.5,OVER,STANDARD,1,0,15.5,0,0,standard,2026-02-25T20:10:00.000-05:00,2026-02-24T22:24:04.852000+00:00
10100948|Precious Achiuwa|PR|STANDARD|15.5|UNDER,10100948,Precious Achiuwa,SAC,PR,PTS+REBS,1,15.5,UNDER,STANDARD,0,1,15.5,0,0,standard,2026-02-25T20:10:00.000-05:00,2026-02-24T22:24:04.852000+00:00
10072049|Austin Reaves|PRA|DEMON|44.5|OVER,10072049,Austin Reaves,LAL,PRA,PTS+REBS+ASTS,1,44.5,OVER,DEMON,1,0,44.5,0,0,demon,2026-02-24T22:40:00.000-05:00,2026-02-24T22:23:32.794000+00:00
10077529|LeBron James|FG MADE|STANDARD|7.5|OVER,10077529,LeBron James,LAL,FG MADE,FG MADE,0,7.5,OVER,STANDARD,1,0,7.5,0,0,standard,2026-02-24T22:40:00.000-05:00,2026-02-24T22:23:21.593000+00:00
10077529|LeBron James|FG MADE|STANDARD|7.5|UNDER,10077529,LeBron James,LAL,FG MADE,FG MADE,0,7.5,UNDER,STANDARD,0,1,7.5,0,0,standard,2026-02-24T22:40:00.000-05:00,2026-02-24T22:23:21.593000+00:00
10089322|Ryan Dunn|REB|DEMON|6.5|OVER,10089322,Ryan Dunn,PHX,REB,REBOUNDS,1,6.5,OVER,DEMON,1,0,6.5,0,0,demon,2026-02-24T21:10:00.000-05:00,2026-02-24T22:23:21.088000+00:00
10083725|LeBron James|FG ATTEMPTED|STANDARD|15.5|OVER,10083725,LeBron James,LAL,FG ATTEMPTED,FG ATTEMPTED,0,15.5,OVER,STANDARD,1,0,15.5,0,0,standard,2026-02-24T22:40:00.000-05:00,2026-02-24T22:23:10.037000+00:00
10083725|LeBron James|FG ATTEMPTED|STANDARD|15.5|UNDER,10083725,LeBron James,LAL,FG ATTEMPTED,FG ATTEMPTED,0,15.5,UNDER,STANDARD,0,1,15.5,0,0,standard,2026-02-24T22:40:00.000-05:00,2026-02-24T22:23:10.037000+00:00
10088847|Moritz Wagner|PTS|STANDARD|9.5|OVER,10088847,Moritz Wagner,ORL,PTS,POINTS,1,9.5,OVER,STANDARD,1,0,9.5,0,0,standard,2026-02-24T22:40:00.000-05:00,2026-02-24T22:23:00.753000+00:00
10088847|Moritz Wagner|PTS|STANDARD|9.5|UNDER,10088847,Moritz Wagner,ORL,PTS,POINTS,1,9.5,UNDER,STANDARD,0,1,9.5,0,0,standard,2026-02-24T22:40:00.000-05:00,2026-02-24T22:23:00.753000+00:00
10077554|Luka Dončić|RA|GOBLIN|13.5|OVER,10077554,Luka Dončić,LAL,RA,REBS+ASTS,1,13.5,OVER,GOBLIN,1,0,13.5,0,0,goblin,2026-02-24T22:40:00.000-05:00,2026-02-24T22:22:53.742000+00:00
10084747|LeBron James|PRA|GOBLIN|28.5|OVER,10084747,LeBron James,LAL,PRA,PTS+REBS+ASTS,1,28.5,OVER,GOBLIN,1,0,28.5,0,0,goblin,2026-02-24T22:40:00.000-05:00,2026-02-24T22:22:53.045000+00:00
10077619|Marcus Smart|PA|STANDARD|9.5|OVER,10077619,Marcus Smart,LAL,PA,PTS+ASTS,1,9.5,OVER,STANDARD,1,0,9.5,0,0,standard,2026-02-24T22:40:00.000-05:00,2026-02-24T22:22:38.787000+00:00
10077619|Marcus Smart|PA|STANDARD|9.5|UNDER,10077619,Marcus Smart,LAL,PA,PTS+ASTS,1,9.5,UNDER,STANDARD,0,1,9.5,0,0,standard,2026-02-24T22:40:00.000-05:00,2026-02-24T22:22:38.787000+00:00
10086560|Donte DiVincenzo|FG MADE|STANDARD|3.5|OVER,10086560,Donte DiVincenzo,MIN,FG MADE,FG MADE,0,3.5,OVER,STANDARD,1,0,3.5,0,0,standard,2026-02-24T22:10:00.000-05:00,2026-02-24T22:21:39.635000+00:00
10086560|Donte DiVincenzo|FG MADE|STANDARD|3.5|UNDER,10086560,Donte DiVincenzo,MIN,FG MADE,FG MADE,0,3.5,UNDER,STANDARD,0,1,3.5,0,0,standard,2026-02-24T22:10:00.000-05:00,2026-02-24T22:21:39.635000+00:00
10085632|Luke Kennard|BS|STANDARD|0.5|OVER,10085632,Luke Kennard,LAL,BS,BLKS+STLS,1,0.5,OVER,STANDARD,1,0,0.5,0,0,standard,2026-02-24T22:40:00.000-05:00,2026-02-24T22:21:39.492000+00:00
10085632|Luke Kennard|BS|STANDARD|0.5|UNDER,10085632,Luke Kennard,LAL,BS,BLKS+STLS,1,0.5,UNDER,STANDARD,0,1,0.5,0,0,standard,2026-02-24T22:40:00.000-05:00,2026-02-24T22:21:39.492000+00:00
10086968|Sidy Cissoko|FREE THROWS MADE|DEMON|0.5|OVER,10086968,Sidy Cissoko,POR,FREE THROWS MADE,FREE THROWS MADE,0,0.5,OVER,DEMON,1,0,0.5,0,0,demon,2026-02-24T22:10:00.000-05:00,2026-02-24T22:21:36.993000+00:00
10077551|Luka Dončić|PRA|GOBLIN|43.5|OVER,10077551,Luka Dončić,LAL,PRA,PTS+REBS+ASTS,1,43.5,OVER,GOBLIN,1,0,43.5,0,0,goblin,2026-02-24T22:40:00.000-05:00,2026-02-24T22:20:39.946000+00:00
10095855|Moritz Wagner|PRA|STANDARD|14.5|OVER,10095855,Moritz Wagner,ORL,PRA,PTS+REBS+ASTS,1,14.5,OVER,STANDARD,1,0,14.5,0,0,standard,2026-02-24T22:40:00.000-05:00,2026-02-24T22:20:36.259000+00:00
10095855|Moritz Wagner|PRA|STANDARD|14.5|UNDER,10095855,Moritz Wagner,ORL,PRA,PTS+REBS+ASTS,1,14.5,UNDER,STANDARD,0,1,14.5,0,0,standard,2026-02-24T22:40:00.000-05:00,2026-02-24T22:20:36.259000+00:00
10086457|Anthony Edwards|REB|STANDARD|5|OVER,10086457,Anthony Edwards,MIN,REB,REBOUNDS,1,5.0,OVER,STANDARD,1,0,5.0,0,0,standard,2026-02-24T22:10:00.000-05:00,2026-02-24T22:20:30.086000+00:00
10086457|Anthony Edwards|REB|STANDARD|5|UNDER,10086457,Anthony Edwards,MIN,REB,REBOUNDS,1,5.0,UNDER,STANDARD,0,1,5.0,0,0,standard,2026-02-24T22:10:00.000-05:00,2026-02-24T22:20:30.086000+00:00
10077612|Marcus Smart|FREE THROWS MADE|STANDARD|0.5|OVER,10077612,Marcus Smart,LAL,FREE THROWS MADE,FREE THROWS MADE,0,0.5,OVER,STANDARD,1,0,0.5,0,0,standard,2026-02-24T22:40:00.000-05:00,2026-02-24T22:20:22.774000+00:00
10077612|Marcus Smart|FREE THROWS MADE|STANDARD|0.5|UNDER,10077612,Marcus Smart,LAL,FREE THROWS MADE,FREE THROWS MADE,0,0.5,UNDER,STANDARD,0,1,0.5,0,0,standard,2026-02-24T22:40:00.000-05:00,2026-02-24T22:20:22.774000+00:00
10065685|Anthony Black|RA|STANDARD|8|OVER,10065685,Anthony Black,ORL,RA,REBS+ASTS,1,8.0,OVER,STANDARD,1,0,8.0,0,0,standard,2026-02-24T22:40:00.000-05:00,2026-02-24T22:20:20.284000+00:00
10065685|Anthony Black|RA|STANDARD|8|UNDER,10065685,Anthony Black,ORL,RA,REBS+ASTS,1,8.0,UNDER,STANDARD,0,1,8.0,0,0,standard,2026-02-24T22:40:00.000-05:00,2026-02-24T22:20:20.284000+00:00
10068011|Austin Reaves|PA|DEMON|34.5|OVER,10068011,Austin Reaves,LAL,PA,PTS+ASTS,1,34.5,OVER,DEMON,1,0,34.5,0,0,demon,2026-02-24T22:40:00.000-05:00,2026-02-24T22:19:56.814000+00:00
10086911|Rudy Gobert|RA|STANDARD|12.5|OVER,10086911,Rudy Gobert,MIN,RA,REBS+ASTS,1,12.5,OVER,STANDARD,1,0,12.5,0,0,standard,2026-02-24T22:10:00.000-05:00,2026-02-24T22:19:56.282000+00:00
10086911|Rudy Gobert|RA|STANDARD|12.5|UNDER,10086911,Rudy Gobert,MIN,RA,REBS+ASTS,1,12.5,UNDER,STANDARD,0,1,12.5,0,0,standard,2026-02-24T22:10:00.000-05:00,2026-02-24T22:19:56.282000+00:00
10091616|Paolo Banchero|PRA|GOBLIN|32.5|OVER,10091616,Paolo Banchero,ORL,PRA,PTS+REBS+ASTS,1,32.5,OVER,GOBLIN,1,0,32.5,0,0,goblin,2026-02-24T22:40:00.000-05:00,2026-02-24T22:19:53.830000+00:00
10071577|Baylor Scheierman|FREE THROWS ATTEMPTED|DEMON|0.5|OVER,10071577,Baylor Scheierman,BOS,FREE THROWS ATTEMPTED,FREE THROWS ATTEMPTED,0,0.5,OVER,DEMON,1,0,0.5,0,0,demon,2026-02-24T21:10:00.000-05:00,2026-02-24T22:19:40.975000+00:00
10086549|Donte DiVincenzo|FG3M|STANDARD|2.5|OVER,10086549,Donte DiVincenzo,MIN,FG3M,3-PT MADE,1,2.5,OVER,STANDARD,1,0,2.5,0,0,standard,2026-02-24T22:10:00.000-05:00,2026-02-24T22:19:36.677000+00:00
10086549|Donte DiVincenzo|FG3M|STANDARD|2.5|UNDER,10086549,Donte DiVincenzo,MIN,FG3M,3-PT MADE,1,2.5,UNDER,STANDARD,0,1,2.5,0,0,standard,2026-02-24T22:10:00.000-05:00,2026-02-24T22:19:36.677000+00:00
10102049|Tristan Silva|AST|DEMON|3.5|OVER,10102049,Tristan Silva,ORL,AST,ASSISTS,1,3.5,OVER,DEMON,1,0,3.5,0,0,demon,2026-02-24T22:40:00.000-05:00,2026-02-24T22:18:41.114000+00:00
10096797|Ayo Dosunmu|REB|GOBLIN|1.5|OVER,10096797,Ayo Dosunmu,MIN,REB,REBOUNDS,1,1.5,OVER,GOBLIN,1,0,1.5,0,0,goblin,2026-02-24T22:10:00.000-05:00,2026-02-24T22:17:57.242000+00:00
10101934|Jaden McDaniels|AST|GOBLIN|1.5|OVER,10101934,Jaden McDaniels,MIN,AST,ASSISTS,1,1.5,OVER,GOBLIN,1,0,1.5,0,0,goblin,2026-02-24T22:10:00.000-05:00,2026-02-24T22:16:42.055000+00:00
10077444|Desmond Bane|FREE THROWS MADE|GOBLIN|2.5|OVER,10077444,Desmond Bane,ORL,FREE THROWS MADE,FREE THROWS MADE,0,2.5,OVER,GOBLIN,1,0,2.5,0,0,goblin,2026-02-24T22:40:00.000-05:00,2026-02-24T22:16:37.181000+00:00
10094139|Donovan Clingan|OFFENSIVE REBOUNDS|STANDARD|4.5|OVER,10094139,Donovan Clingan,POR,OFFENSIVE REBOUNDS,OFFENSIVE REBOUNDS,0,4.5,OVER,STANDARD,1,0,4.5,0,0,standard,2026-02-24T22:10:00.000-05:00,2026-02-24T22:16:35.729000+00:00
10094139|Donovan Clingan|OFFENSIVE REBOUNDS|STANDARD|4.5|UNDER,10094139,Donovan Clingan,POR,OFFENSIVE REBOUNDS,OFFENSIVE REBOUNDS,0,4.5,UNDER,STANDARD,0,1,4.5,0,0,standard,2026-02-24T22:10:00.000-05:00,2026-02-24T22:16:35.729000+00:00
10086583|Donte DiVincenzo|RA|STANDARD|7.5|OVER,10086583,Donte DiVincenzo,MIN,RA,REBS+ASTS,1,7.5,OVER,STANDARD,1,0,7.5,0,0,standard,2026-02-24T22:10:00.000-05:00,2026-02-24T22:16:02.410000+00:00
10086583|Donte DiVincenzo|RA|STANDARD|7.5|UNDER,10086583,Donte DiVincenzo,MIN,RA,REBS+ASTS,1,7.5,UNDER,STANDARD,0,1,7.5,0,0,standard,2026-02-24T22:10:00.000-05:00,2026-02-24T22:16:02.410000+00:00
10100775|DeMar DeRozan|BLOCKED SHOTS|DEMON|0.5|OVER,10100775,DeMar DeRozan,SAC,BLOCKED SHOTS,BLOCKED SHOTS,0,0.5,OVER,DEMON,1,0,0.5,0,0,demon,2026-02-25T20:10:00.000-05:00,2026-02-24T22:15:49.803000+00:00
10094653|Jerami Grant|QUARTERS WITH 3+ POINTS|DEMON|3.5|OVER,10094653,Jerami Grant,POR,QUARTERS WITH 3+ POINTS,QUARTERS WITH 3+ POINTS,0,3.5,OVER,DEMON,1,0,3.5,0,0,demon,2026-02-24T22:10:00.000-05:00,2026-02-24T22:14:48.807000+00:00
10092473|Marcus Smart|PR|DEMON|10.5|OVER,10092473,Marcus Smart,LAL,PR,PTS+REBS,1,10.5,OVER,DEMON,1,0,10.5,0,0,demon,2026-02-24T22:40:00.000-05:00,2026-02-24T22:14:42.575000+00:00
10091615|Jalen Suggs|PRA|GOBLIN|20.5|OVER,10091615,Jalen Suggs,ORL,PRA,PTS+REBS+ASTS,1,20.5,OVER,GOBLIN,1,0,20.5,0,0,goblin,2026-02-24T22:40:00.000-05:00,2026-02-24T22:14:15.985000+00:00
10079612|Wendell Carter|PRA|GOBLIN|16.5|OVER,10079612,Wendell Carter,ORL,PRA,PTS+REBS+ASTS,1,16.5,OVER,GOBLIN,1,0,16.5,0,0,goblin,2026-02-24T22:40:00.000-05:00,2026-02-24T22:14:15.949000+00:00
10077622|Marcus Smart|PRA|DEMON|12.5|OVER,10077622,Marcus Smart,LAL,PRA,PTS+REBS+ASTS,1,12.5,OVER,DEMON,1,0,12.5,0,0,demon,2026-02-24T22:40:00.000-05:00,2026-02-24T22:14:15.807000+00:00
10071903|Neemias Queta|RA|GOBLIN|7.5|OVER,10071903,Neemias Queta,BOS,RA,REBS+ASTS,1,7.5,OVER,GOBLIN,1,0,7.5,0,0,goblin,2026-02-24T21:10:00.000-05:00,2026-02-24T22:14:15.108000+00:00
10085639|Marcus Smart|RA|GOBLIN|3.5|OVER,10085639,Marcus Smart,LAL,RA,REBS+ASTS,1,3.5,OVER,GOBLIN,1,0,3.5,0,0,goblin,2026-02-24T22:40:00.000-05:00,2026-02-24T22:14:13.517000+00:00
10097068|Wendell Carter|RA|GOBLIN|7.5|OVER,10097068,Wendell Carter,ORL,RA,REBS+ASTS,1,7.5,OVER,GOBLIN,1,0,7.5,0,0,goblin,2026-02-24T22:40:00.000-05:00,2026-02-24T22:14:13.512000+00:00
10077631|Marcus Smart|RA|DEMON|5.5|OVER,10077631,Marcus Smart,LAL,RA,REBS+ASTS,1,5.5,OVER,DEMON,1,0,5.5,0,0,demon,2026-02-24T22:40:00.000-05:00,2026-02-24T22:14:13.499000+00:00
10077378|Anthony Black|RA|GOBLIN|6.5|OVER,10077378,Anthony Black,ORL,RA,REBS+ASTS,1,6.5,OVER,GOBLIN,1,0,6.5,0,0,goblin,2026-02-24T22:40:00.000-05:00,2026-02-24T22:14:13.487000+00:00
10077722|Wendell Carter|RA|GOBLIN|8.5|OVER,10077722,Wendell Carter,ORL,RA,REBS+ASTS,1,8.5,OVER,GOBLIN,1,0,8.5,0,0,goblin,2026-02-24T22:40:00.000-05:00,2026-02-24T22:14:13.436000+00:00
10077375|Anthony Black|PTS|GOBLIN|13.5|OVER,10077375,Anthony Black,ORL,PTS,POINTS,1,13.5,OVER,GOBLIN,1,0,13.5,0,0,goblin,2026-02-24T22:40:00.000-05:00,2026-02-24T22:14:13.189000+00:00
10077393|Austin Reaves|PTS|DEMON|25.5|OVER,10077393,Austin Reaves,LAL,PTS,POINTS,1,25.5,OVER,DEMON,1,0,25.5,0,0,demon,2026-02-24T22:40:00.000-05:00,2026-02-24T22:14:12.968000+00:00
10077617|Marcus Smart|PTS|DEMON|8.5|OVER,10077617,Marcus Smart,LAL,PTS,POINTS,1,8.5,OVER,DEMON,1,0,8.5,0,0,demon,2026-02-24T22:40:00.000-05:00,2026-02-24T22:14:12.813000+00:00
10090170|Austin Reaves|PTS|GOBLIN|18.5|OVER,10090170,Austin Reaves,LAL,PTS,POINTS,1,18.5,OVER,GOBLIN,1,0,18.5,0,0,goblin,2026-02-24T22:40:00.000-05:00,2026-02-24T22:14:12.744000+00:00
10100976|Russell Westbrook|AST|STANDARD|5.5|OVER,10100976,Russell Westbrook,SAC,AST,ASSISTS,1,5.5,OVER,STANDARD,1,0,5.5,0,0,standard,2026-02-25T20:10:00.000-05:00,2026-02-24T22:14:06.023000+00:00
10100976|Russell Westbrook|AST|STANDARD|5.5|UNDER,10100976,Russell Westbrook,SAC,AST,ASSISTS,1,5.5,UNDER,STANDARD,0,1,5.5,0,0,standard,2026-02-25T20:10:00.000-05:00,2026-02-24T22:14:06.023000+00:00
10090175|Marcus Smart|PR|GOBLIN|8.5|OVER,10090175,Marcus Smart,LAL,PR,PTS+REBS,1,8.5,OVER,GOBLIN,1,0,8.5,0,0,goblin,2026-02-24T22:40:00.000-05:00,2026-02-24T22:14:05.652000+00:00
10095035|Jrue Holiday|FANTASY SCORE|STANDARD|35|OVER,10095035,Jrue Holiday,POR,FANTASY SCORE,FANTASY SCORE,0,35.0,OVER,STANDARD,1,0,35.0,0,0,standard,2026-02-24T22:10:00.000-05:00,2026-02-24T22:12:58.470000+00:00
10095035|Jrue Holiday|FANTASY SCORE|STANDARD|35|UNDER,10095035,Jrue Holiday,POR,FANTASY SCORE,FANTASY SCORE,0,35.0,UNDER,STANDARD,0,1,35.0,0,0,standard,2026-02-24T22:10:00.000-05:00,2026-02-24T22:12:58.470000+00:00
10086733|Julius Randle|FG MADE|DEMON|7.5|OVER,10086733,Julius Randle,MIN,FG MADE,FG MADE,0,7.5,OVER,DEMON,1,0,7.5,0,0,demon,2026-02-24T22:10:00.000-05:00,2026-02-24T22:10:40.927000+00:00
10089329|Moritz Wagner|PR|GOBLIN|9.5|OVER,10089329,Moritz Wagner,ORL,PR,PTS+REBS,1,9.5,OVER,GOBLIN,1,0,9.5,0,0,goblin,2026-02-24T22:40:00.000-05:00,2026-02-24T22:10:02.581000+00:00
10100852|Kevin Durant|BS|STANDARD|1.5|OVER,10100852,Kevin Durant,HOU,BS,BLKS+STLS,1,1.5,OVER,STANDARD,1,0,1.5,0,0,standard,2026-02-25T20:10:00.000-05:00,2026-02-24T22:09:38.802000+00:00
10100852|Kevin Durant|BS|STANDARD|1.5|UNDER,10100852,Kevin Durant,HOU,BS,BLKS+STLS,1,1.5,UNDER,STANDARD,0,1,1.5,0,0,standard,2026-02-25T20:10:00.000-05:00,2026-02-24T22:09:38.802000+00:00
10065732|LeBron James|PRA|STANDARD|31.5|OVER,10065732,LeBron James,LAL,PRA,PTS+REBS+ASTS,1,31.5,OVER,STANDARD,1,0,31.5,0,0,standard,2026-02-24T22:40:00.000-05:00,2026-02-24T22:08:58.634000+00:00
10065732|LeBron James|PRA|STANDARD|31.5|UNDER,10065732,LeBron James,LAL,PRA,PTS+REBS+ASTS,1,31.5,UNDER,STANDARD,0,1,31.5,0,0,standard,2026-02-24T22:40:00.000-05:00,2026-02-24T22:08:58.634000+00:00
10085629|Jake LaRavia|TWO POINTERS MADE|DEMON|1.5|OVER,10085629,Jake LaRavia,LAL,TWO POINTERS MADE,TWO POINTERS MADE,0,1.5,OVER,DEMON,1,0,1.5,0,0,demon,2026-02-24T22:40:00.000-05:00,2026-02-24T22:08:54.498000+00:00
10077409|Deandre Ayton|PTS|STANDARD|9|OVER,10077409,Deandre Ayton,LAL,PTS,POINTS,1,9.0,OVER,STANDARD,1,0,9.0,0,0,standard,2026-02-24T22:40:00.000-05:00,2026-02-24T22:08:51.123000+00:00
10077409|Deandre Ayton|PTS|STANDARD|9|UNDER,10077409,Deandre Ayton,LAL,PTS,POINTS,1,9.0,UNDER,STANDARD,0,1,9.0,0,0,standard,2026-02-24T22:40:00.000-05:00,2026-02-24T22:08:51.123000+00:00
10089392|Neemias Queta|PR|DEMON|24.5|OVER,10089392,Neemias Queta,BOS,PR,PTS+REBS,1,24.5,OVER,DEMON,1,0,24.5,0,0,demon,2026-02-24T21:10:00.000-05:00,2026-02-24T22:08:18.673000+00:00
10086474|Ayo Dosunmu|AST|STANDARD|3.5|OVER,10086474,Ayo Dosunmu,MIN,AST,ASSISTS,1,3.5,OVER,STANDARD,1,0,3.5,0,0,standard,2026-02-24T22:10:00.000-05:00,2026-02-24T22:07:57.706000+00:00
10086474|Ayo Dosunmu|AST|STANDARD|3.5|UNDER,10086474,Ayo Dosunmu,MIN,AST,ASSISTS,1,3.5,UNDER,STANDARD,0,1,3.5,0,0,standard,2026-02-24T22:10:00.000-05:00,2026-02-24T22:07:57.706000+00:00
10089191|Jalen Suggs|PR|DEMON|19.5|OVER,10089191,Jalen Suggs,ORL,PR,PTS+REBS,1,19.5,OVER,DEMON,1,0,19.5,0,0,demon,2026-02-24T22:40:00.000-05:00,2026-02-24T22:07:13.777000+00:00
10100978|Russell Westbrook|BLOCKED SHOTS|DEMON|0.5|OVER,10100978,Russell Westbrook,SAC,BLOCKED SHOTS,BLOCKED SHOTS,0,0.5,OVER,DEMON,1,0,0.5,0,0,demon,2026-02-25T20:10:00.000-05:00,2026-02-24T22:07:02.107000+00:00
10069603|Wendell Carter|PTS|STANDARD|9|OVER,10069603,Wendell Carter,ORL,PTS,POINTS,1,9.0,OVER,STANDARD,1,0,9.0,0,0,standard,2026-02-24T22:40:00.000-05:00,2026-02-24T22:06:55.845000+00:00
10069603|Wendell Carter|PTS|STANDARD|9|UNDER,10069603,Wendell Carter,ORL,PTS,POINTS,1,9.0,UNDER,STANDARD,0,1,9.0,0,0,standard,2026-02-24T22:40:00.000-05:00,2026-02-24T22:06:55.845000+00:00
10071583|Baylor Scheierman|PRA|STANDARD|15.5|OVER,10071583,Baylor Scheierman,BOS,PRA,PTS+REBS+ASTS,1,15.5,OVER,STANDARD,1,0,15.5,0,0,standard,2026-02-24T21:10:00.000-05:00,2026-02-24T22:06:55.428000+00:00
10071583|Baylor Scheierman|PRA|STANDARD|15.5|UNDER,10071583,Baylor Scheierman,BOS,PRA,PTS+REBS+ASTS,1,15.5,UNDER,STANDARD,0,1,15.5,0,0,standard,2026-02-24T21:10:00.000-05:00,2026-02-24T22:06:55.428000+00:00
10086653|Jerami Grant|PTS|STANDARD|20|OVER,10086653,Jerami Grant,POR,PTS,POINTS,1,20.0,OVER,STANDARD,1,0,20.0,0,0,standard,2026-02-24T22:10:00.000-05:00,2026-02-24T22:06:34.394000+00:00
10086653|Jerami Grant|PTS|STANDARD|20|UNDER,10086653,Jerami Grant,POR,PTS,POINTS,1,20.0,UNDER,STANDARD,0,1,20.0,0,0,standard,2026-02-24T22:10:00.000-05:00,2026-02-24T22:06:34.394000+00:00
10086577|Donte DiVincenzo|REB|STANDARD|3.5|OVER,10086577,Donte DiVincenzo,MIN,REB,REBOUNDS,1,3.5,OVER,STANDARD,1,0,3.5,0,0,standard,2026-02-24T22:10:00.000-05:00,2026-02-24T22:06:31.211000+00:00
10086577|Donte DiVincenzo|REB|STANDARD|3.5|UNDER,10086577,Donte DiVincenzo,MIN,REB,REBOUNDS,1,3.5,UNDER,STANDARD,0,1,3.5,0,0,standard,2026-02-24T22:10:00.000-05:00,2026-02-24T22:06:31.211000+00:00
10087011|Toumani Camara|PTS|STANDARD|13|OVER,10087011,Toumani Camara,POR,PTS,POINTS,1,13.0,OVER,STANDARD,1,0,13.0,0,0,standard,2026-02-24T22:10:00.000-05:00,2026-02-24T22:06:20.038000+00:00
10087011|Toumani Camara|PTS|STANDARD|13|UNDER,10087011,Toumani Camara,POR,PTS,POINTS,1,13.0,UNDER,STANDARD,0,1,13.0,0,0,standard,2026-02-24T22:10:00.000-05:00,2026-02-24T22:06:20.038000+00:00
10095832|Donovan Clingan|TWO POINTERS MADE|GOBLIN|3.5|OVER,10095832,Donovan Clingan,POR,TWO POINTERS MADE,TWO POINTERS MADE,0,3.5,OVER,GOBLIN,1,0,3.5,0,0,goblin,2026-02-24T22:10:00.000-05:00,2026-02-24T22:04:59.835000+00:00
10096873|Donte DiVincenzo|RA|GOBLIN|5.5|OVER,10096873,Donte DiVincenzo,MIN,RA,REBS+ASTS,1,5.5,OVER,GOBLIN,1,0,5.5,0,0,goblin,2026-02-24T22:10:00.000-05:00,2026-02-24T22:04:45.629000+00:00
10065750|Luka Dončić|PRA|STANDARD|47|OVER,10065750,Luka Dončić,LAL,PRA,PTS+REBS+ASTS,1,47.0,OVER,STANDARD,1,0,47.0,0,0,standard,2026-02-24T22:40:00.000-05:00,2026-02-24T22:04:43.461000+00:00
10065750|Luka Dončić|PRA|STANDARD|47|UNDER,10065750,Luka Dončić,LAL,PRA,PTS+REBS+ASTS,1,47.0,UNDER,STANDARD,0,1,47.0,0,0,standard,2026-02-24T22:40:00.000-05:00,2026-02-24T22:04:43.461000+00:00
10077532|LeBron James|PTS|DEMON|23.5|OVER,10077532,LeBron James,LAL,PTS,POINTS,1,23.5,OVER,DEMON,1,0,23.5,0,0,demon,2026-02-24T22:40:00.000-05:00,2026-02-24T22:04:40.329000+00:00
10099553|Desmond Bane|PA|GOBLIN|18.5|OVER,10099553,Desmond Bane,ORL,PA,PTS+ASTS,1,18.5,OVER,GOBLIN,1,0,18.5,0,0,goblin,2026-02-24T22:40:00.000-05:00,2026-02-24T22:04:38.918000+00:00
10077394|Austin Reaves|PRA|GOBLIN|27.5|OVER,10077394,Austin Reaves,LAL,PRA,PTS+REBS+ASTS,1,27.5,OVER,GOBLIN,1,0,27.5,0,0,goblin,2026-02-24T22:40:00.000-05:00,2026-02-24T22:04:38.308000+00:00
10083723|Jake LaRavia|PRA|STANDARD|9|OVER,10083723,Jake LaRavia,LAL,PRA,PTS+REBS+ASTS,1,9.0,OVER,STANDARD,1,0,9.0,0,0,standard,2026-02-24T22:40:00.000-05:00,2026-02-24T22:04:16.997000+00:00
10083723|Jake LaRavia|PRA|STANDARD|9|UNDER,10083723,Jake LaRavia,LAL,PRA,PTS+REBS+ASTS,1,9.0,UNDER,STANDARD,0,1,9.0,0,0,standard,2026-02-24T22:40:00.000-05:00,2026-02-24T22:04:16.997000+00:00
10100881|Malik Monk|PA|STANDARD|14.5|OVER,10100881,Malik Monk,SAC,PA,PTS+ASTS,1,14.5,OVER,STANDARD,1,0,14.5,0,0,standard,2026-02-25T20:10:00.000-05:00,2026-02-24T22:04:07.061000+00:00
10100881|Malik Monk|PA|STANDARD|14.5|UNDER,10100881,Malik Monk,SAC,PA,PTS+ASTS,1,14.5,UNDER,STANDARD,0,1,14.5,0,0,standard,2026-02-25T20:10:00.000-05:00,2026-02-24T22:04:07.061000+00:00
10069598|LeBron James|RA|DEMON|17.5|OVER,10069598,LeBron James,LAL,RA,REBS+ASTS,1,17.5,OVER,DEMON,1,0,17.5,0,0,demon,2026-02-24T22:40:00.000-05:00,2026-02-24T22:03:59.409000+00:00
10089328|Moritz Wagner|PR|DEMON|24.5|OVER,10089328,Moritz Wagner,ORL,PR,PTS+REBS,1,24.5,OVER,DEMON,1,0,24.5,0,0,demon,2026-02-24T22:40:00.000-05:00,2026-02-24T22:03:28.945000+00:00
10089421|Marcus Smart|PA|DEMON|11.5|OVER,10089421,Marcus Smart,LAL,PA,PTS+ASTS,1,11.5,OVER,DEMON,1,0,11.5,0,0,demon,2026-02-24T22:40:00.000-05:00,2026-02-24T22:02:59.938000+00:00
10077555|Luka Dončić|RA|DEMON|17.5|OVER,10077555,Luka Dončić,LAL,RA,REBS+ASTS,1,17.5,OVER,DEMON,1,0,17.5,0,0,demon,2026-02-24T22:40:00.000-05:00,2026-02-24T22:02:59.855000+00:00
10077556|Luka Dončić|RA|DEMON|19.5|OVER,10077556,Luka Dončić,LAL,RA,REBS+ASTS,1,19.5,OVER,DEMON,1,0,19.5,0,0,demon,2026-02-24T22:40:00.000-05:00,2026-02-24T22:02:59.847000+00:00
10073728|Austin Reaves|RA|DEMON|14.5|OVER,10073728,Austin Reaves,LAL,RA,REBS+ASTS,1,14.5,OVER,DEMON,1,0,14.5,0,0,demon,2026-02-24T22:40:00.000-05:00,2026-02-24T22:02:59.695000+00:00
10077629|Marcus Smart|RA|GOBLIN|2.5|OVER,10077629,Marcus Smart,LAL,RA,REBS+ASTS,1,2.5,OVER,GOBLIN,1,0,2.5,0,0,goblin,2026-02-24T22:40:00.000-05:00,2026-02-24T22:02:59.678000+00:00
10088851|Moritz Wagner|PR|STANDARD|13|OVER,10088851,Moritz Wagner,ORL,PR,PTS+REBS,1,13.0,OVER,STANDARD,1,0,13.0,0,0,standard,2026-02-24T22:40:00.000-05:00,2026-02-24T22:02:16.147000+00:00
10088851|Moritz Wagner|PR|STANDARD|13|UNDER,10088851,Moritz Wagner,ORL,PR,PTS+REBS,1,13.0,UNDER,STANDARD,0,1,13.0,0,0,standard,2026-02-24T22:40:00.000-05:00,2026-02-24T22:02:16.147000+00:00
10095934|Tristan Silva|3-PT ATTEMPTED|GOBLIN|3.5|OVER,10095934,Tristan Silva,ORL,3-PT ATTEMPTED,3-PT ATTEMPTED,0,3.5,OVER,GOBLIN,1,0,3.5,0,0,goblin,2026-02-24T22:40:00.000-05:00,2026-02-24T22:01:40.107000+00:00
10077456|Desmond Bane|TWO POINTERS MADE|GOBLIN|4.5|OVER,10077456,Desmond Bane,ORL,TWO POINTERS MADE,TWO POINTERS MADE,0,4.5,OVER,GOBLIN,1,0,4.5,0,0,goblin,2026-02-24T22:40:00.000-05:00,2026-02-24T22:01:39.730000+00:00
10095037|Naz Reid|FANTASY SCORE|STANDARD|29|OVER,10095037,Naz Reid,MIN,FANTASY SCORE,FANTASY SCORE,0,29.0,OVER,STANDARD,1,0,29.0,0,0,standard,2026-02-24T22:10:00.000-05:00,2026-02-24T22:01:12.610000+00:00
10095037|Naz Reid|FANTASY SCORE|STANDARD|29|UNDER,10095037,Naz Reid,MIN,FANTASY SCORE,FANTASY SCORE,0,29.0,UNDER,STANDARD,0,1,29.0,0,0,standard,2026-02-24T22:10:00.000-05:00,2026-02-24T22:01:12.610000+00:00
10065728|LeBron James|PTS|STANDARD|19.5|OVER,10065728,LeBron James,LAL,PTS,POINTS,1,19.5,OVER,STANDARD,1,0,19.5,0,0,standard,2026-02-24T22:40:00.000-05:00,2026-02-24T22:01:08.142000+00:00
10065728|LeBron James|PTS|STANDARD|19.5|UNDER,10065728,LeBron James,LAL,PTS,POINTS,1,19.5,UNDER,STANDARD,0,1,19.5,0,0,standard,2026-02-24T22:40:00.000-05:00,2026-02-24T22:01:08.142000+00:00
10095029|Anthony Edwards|FANTASY SCORE|STANDARD|45|OVER,10095029,Anthony Edwards,MIN,FANTASY SCORE,FANTASY SCORE,0,45.0,OVER,STANDARD,1,0,45.0,0,0,standard,2026-02-24T22:10:00.000-05:00,2026-02-24T22:01:03.923000+00:00
10095029|Anthony Edwards|FANTASY SCORE|STANDARD|45|UNDER,10095029,Anthony Edwards,MIN,FANTASY SCORE,FANTASY SCORE,0,45.0,UNDER,STANDARD,0,1,45.0,0,0,standard,2026-02-24T22:10:00.000-05:00,2026-02-24T22:01:03.923000+00:00
10094872|Jalen Suggs|FANTASY SCORE|STANDARD|31.5|OVER,10094872,Jalen Suggs,ORL,FANTASY SCORE,FANTASY SCORE,0,31.5,OVER,STANDARD,1,0,31.5,0,0,standard,2026-02-24T22:40:00.000-05:00,2026-02-24T22:00:53.699000+00:00
10094872|Jalen Suggs|FANTASY SCORE|STANDARD|31.5|UNDER,10094872,Jalen Suggs,ORL,FANTASY SCORE,FANTASY SCORE,0,31.5,UNDER,STANDARD,0,1,31.5,0,0,standard,2026-02-24T22:40:00.000-05:00,2026-02-24T22:00:53.699000+00:00
10069597|LeBron James|RA|DEMON|14.5|OVER,10069597,LeBron James,LAL,RA,REBS+ASTS,1,14.5,OVER,DEMON,1,0,14.5,0,0,demon,2026-02-24T22:40:00.000-05:00,2026-02-24T22:00:11.087000+00:00
10069599|LeBron James|RA|GOBLIN|9.5|OVER,10069599,LeBron James,LAL,RA,REBS+ASTS,1,9.5,OVER,GOBLIN,1,0,9.5,0,0,goblin,2026-02-24T22:40:00.000-05:00,2026-02-24T22:00:11.031000+00:00
10072050|LeBron James|PRA|DEMON|44.5|OVER,10072050,LeBron James,LAL,PRA,PTS+REBS+ASTS,1,44.5,OVER,DEMON,1,0,44.5,0,0,demon,2026-02-24T22:40:00.000-05:00,2026-02-24T22:00:08.504000+00:00
10089347|Moritz Wagner|PR|GOBLIN|7.5|OVER,10089347,Moritz Wagner,ORL,PR,PTS+REBS,1,7.5,OVER,GOBLIN,1,0,7.5,0,0,goblin,2026-02-24T22:40:00.000-05:00,2026-02-24T21:59:39.501000+00:00
10100986|Russell Westbrook|PA|STANDARD|18.5|OVER,10100986,Russell Westbrook,SAC,PA,PTS+ASTS,1,18.5,OVER,STANDARD,1,0,18.5,0,0,standard,2026-02-25T20:10:00.000-05:00,2026-02-24T21:56:20.916000+00:00
10100986|Russell Westbrook|PA|STANDARD|18.5|UNDER,10100986,Russell Westbrook,SAC,PA,PTS+ASTS,1,18.5,UNDER,STANDARD,0,1,18.5,0,0,standard,2026-02-25T20:10:00.000-05:00,2026-02-24T21:56:20.916000+00:00
10065876|Mark Williams|PTS|DEMON|19.5|OVER,10065876,Mark Williams,PHX,PTS,POINTS,1,19.5,OVER,DEMON,1,0,19.5,0,0,demon,2026-02-24T21:10:00.000-05:00,2026-02-24T21:54:53.434000+00:00
10100800|Dorian Finney-Smith|PA|STANDARD|6.5|OVER,10100800,Dorian Finney-Smith,HOU,PA,PTS+ASTS,1,6.5,OVER,STANDARD,1,0,6.5,0,0,standard,2026-02-25T20:10:00.000-05:00,2026-02-24T21:54:50.671000+00:00
10100800|Dorian Finney-Smith|PA|STANDARD|6.5|UNDER,10100800,Dorian Finney-Smith,HOU,PA,PTS+ASTS,1,6.5,UNDER,STANDARD,0,1,6.5,0,0,standard,2026-02-25T20:10:00.000-05:00,2026-02-24T21:54:50.671000+00:00
10100996|Tari Eason|AST|STANDARD|1.5|OVER,10100996,Tari Eason,HOU,AST,ASSISTS,1,1.5,OVER,STANDARD,1,0,1.5,0,0,standard,2026-02-25T20:10:00.000-05:00,2026-02-24T21:53:39.998000+00:00
10100996|Tari Eason|AST|STANDARD|1.5|UNDER,10100996,Tari Eason,HOU,AST,ASSISTS,1,1.5,UNDER,STANDARD,0,1,1.5,0,0,standard,2026-02-25T20:10:00.000-05:00,2026-02-24T21:53:39.998000+00:00
10089326|Moritz Wagner|PR|DEMON|19.5|OVER,10089326,Moritz Wagner,ORL,PR,PTS+REBS,1,19.5,OVER,DEMON,1,0,19.5,0,0,demon,2026-02-24T22:40:00.000-05:00,2026-02-24T21:53:22.984000+00:00
10086655|Jerami Grant|PTS|DEMON|25.5|OVER,10086655,Jerami Grant,POR,PTS,POINTS,1,25.5,OVER,DEMON,1,0,25.5,0,0,demon,2026-02-24T22:10:00.000-05:00,2026-02-24T21:52:40.359000+00:00
10101805|Jaden McDaniels|REB|STANDARD|4.5|OVER,10101805,Jaden McDaniels,MIN,REB,REBOUNDS,1,4.5,OVER,STANDARD,1,0,4.5,0,0,standard,2026-02-24T22:10:00.000-05:00,2026-02-24T21:52:26.702000+00:00
10101805|Jaden McDaniels|REB|STANDARD|4.5|UNDER,10101805,Jaden McDaniels,MIN,REB,REBOUNDS,1,4.5,UNDER,STANDARD,0,1,4.5,0,0,standard,2026-02-24T22:10:00.000-05:00,2026-02-24T21:52:26.702000+00:00
10100924|Nique Clifford|STL|GOBLIN|0.5|OVER,10100924,Nique Clifford,SAC,STL,STEALS,1,0.5,OVER,GOBLIN,1,0,0.5,0,0,goblin,2026-02-25T20:10:00.000-05:00,2026-02-24T21:52:16.104000+00:00
10065835|Derrick White|PA|STANDARD|27|OVER,10065835,Derrick White,BOS,PA,PTS+ASTS,1,27.0,OVER,STANDARD,1,0,27.0,0,0,standard,2026-02-24T21:10:00.000-05:00,2026-02-24T21:50:19.329000+00:00
10065835|Derrick White|PA|STANDARD|27|UNDER,10065835,Derrick White,BOS,PA,PTS+ASTS,1,27.0,UNDER,STANDARD,0,1,27.0,0,0,standard,2026-02-24T21:10:00.000-05:00,2026-02-24T21:50:19.329000+00:00
10089401|Royce O'Neale|PRA|DEMON|24.5|OVER,10089401,Royce O'Neale,PHX,PRA,PTS+REBS+ASTS,1,24.5,OVER,DEMON,1,0,24.5,0,0,demon,2026-02-24T21:10:00.000-05:00,2026-02-24T21:50:05.050000+00:00
10100785|DeMar DeRozan|STL|STANDARD|0.5|OVER,10100785,DeMar DeRozan,SAC,STL,STEALS,1,0.5,OVER,STANDARD,1,0,0.5,0,0,standard,2026-02-25T20:10:00.000-05:00,2026-02-24T21:49:32.795000+00:00
10100785|DeMar DeRozan|STL|STANDARD|0.5|UNDER,10100785,DeMar DeRozan,SAC,STL,STEALS,1,0.5,UNDER,STANDARD,0,1,0.5,0,0,standard,2026-02-25T20:10:00.000-05:00,2026-02-24T21:49:32.795000+00:00
10100938|Precious Achiuwa|BS|STANDARD|1.5|OVER,10100938,Precious Achiuwa,SAC,BS,BLKS+STLS,1,1.5,OVER,STANDARD,1,0,1.5,0,0,standard,2026-02-25T20:10:00.000-05:00,2026-02-24T21:49:23.108000+00:00
10100938|Precious Achiuwa|BS|STANDARD|1.5|UNDER,10100938,Precious Achiuwa,SAC,BS,BLKS+STLS,1,1.5,UNDER,STANDARD,0,1,1.5,0,0,standard,2026-02-25T20:10:00.000-05:00,2026-02-24T21:49:23.108000+00:00
10071875|Mark Williams|PTS|GOBLIN|8.5|OVER,10071875,Mark Williams,PHX,PTS,POINTS,1,8.5,OVER,GOBLIN,1,0,8.5,0,0,goblin,2026-02-24T21:10:00.000-05:00,2026-02-24T21:49:21.226000+00:00
10065837|Derrick White|PRA|STANDARD|31.5|OVER,10065837,Derrick White,BOS,PRA,PTS+REBS+ASTS,1,31.5,OVER,STANDARD,1,0,31.5,0,0,standard,2026-02-24T21:10:00.000-05:00,2026-02-24T21:49:02.895000+00:00
10065837|Derrick White|PRA|STANDARD|31.5|UNDER,10065837,Derrick White,BOS,PRA,PTS+REBS+ASTS,1,31.5,UNDER,STANDARD,0,1,31.5,0,0,standard,2026-02-24T21:10:00.000-05:00,2026-02-24T21:49:02.895000+00:00
10086609|Jaden McDaniels|PTS|STANDARD|13.5|OVER,10086609,Jaden McDaniels,MIN,PTS,POINTS,1,13.5,OVER,STANDARD,1,0,13.5,0,0,standard,2026-02-24T22:10:00.000-05:00,2026-02-24T21:48:36.928000+00:00
10086609|Jaden McDaniels|PTS|STANDARD|13.5|UNDER,10086609,Jaden McDaniels,MIN,PTS,POINTS,1,13.5,UNDER,STANDARD,0,1,13.5,0,0,standard,2026-02-24T22:10:00.000-05:00,2026-02-24T21:48:36.928000+00:00
10095124|Derrick White|FANTASY SCORE|STANDARD|40|OVER,10095124,Derrick White,BOS,FANTASY SCORE,FANTASY SCORE,0,40.0,OVER,STANDARD,1,0,40.0,0,0,standard,2026-02-24T21:10:00.000-05:00,2026-02-24T21:45:44.886000+00:00
10095124|Derrick White|FANTASY SCORE|STANDARD|40|UNDER,10095124,Derrick White,BOS,FANTASY SCORE,FANTASY SCORE,0,40.0,UNDER,STANDARD,0,1,40.0,0,0,standard,2026-02-24T21:10:00.000-05:00,2026-02-24T21:45:44.886000+00:00
10090127|Royce O'Neale|PRA|GOBLIN|15.5|OVER,10090127,Royce O'Neale,PHX,PRA,PTS+REBS+ASTS,1,15.5,OVER,GOBLIN,1,0,15.5,0,0,goblin,2026-02-24T21:10:00.000-05:00,2026-02-24T21:45:41.137000+00:00
10065836|Derrick White|PR|STANDARD|25.5|OVER,10065836,Derrick White,BOS,PR,PTS+REBS,1,25.5,OVER,STANDARD,1,0,25.5,0,0,standard,2026-02-24T21:10:00.000-05:00,2026-02-24T21:45:23.818000+00:00
10065836|Derrick White|PR|STANDARD|25.5|UNDER,10065836,Derrick White,BOS,PR,PTS+REBS,1,25.5,UNDER,STANDARD,0,1,25.5,0,0,standard,2026-02-24T21:10:00.000-05:00,2026-02-24T21:45:23.818000+00:00
10071556|Derrick White|PTS|STANDARD|20.5|OVER,10071556,Derrick White,BOS,PTS,POINTS,1,20.5,OVER,STANDARD,1,0,20.5,0,0,standard,2026-02-24T21:10:00.000-05:00,2026-02-24T21:44:56.553000+00:00
10071556|Derrick White|PTS|STANDARD|20.5|UNDER,10071556,Derrick White,BOS,PTS,POINTS,1,20.5,UNDER,STANDARD,0,1,20.5,0,0,standard,2026-02-24T21:10:00.000-05:00,2026-02-24T21:44:56.553000+00:00
10068622|Payton Pritchard|REB|DEMON|6.5|OVER,10068622,Payton Pritchard,BOS,REB,REBOUNDS,1,6.5,OVER,DEMON,1,0,6.5,0,0,demon,2026-02-24T21:10:00.000-05:00,2026-02-24T21:44:49.434000+00:00
10087278|Derrick White|PTS|GOBLIN|15.5|OVER,10087278,Derrick White,BOS,PTS,POINTS,1,15.5,OVER,GOBLIN,1,0,15.5,0,0,goblin,2026-02-24T21:10:00.000-05:00,2026-02-24T21:44:41.126000+00:00
10091870|Baylor Scheierman|FG3M|DEMON|3.5|OVER,10091870,Baylor Scheierman,BOS,FG3M,3-PT MADE,1,3.5,OVER,DEMON,1,0,3.5,0,0,demon,2026-02-24T21:10:00.000-05:00,2026-02-24T21:41:02.549000+00:00
10086723|Julius Randle|FG3M|DEMON|3.5|OVER,10086723,Julius Randle,MIN,FG3M,3-PT MADE,1,3.5,OVER,DEMON,1,0,3.5,0,0,demon,2026-02-24T22:10:00.000-05:00,2026-02-24T21:41:02.537000+00:00
10100842|Keegan Murray|PR|STANDARD|20.5|OVER,10100842,Keegan Murray,SAC,PR,PTS+REBS,1,20.5,OVER,STANDARD,1,0,20.5,0,0,standard,2026-02-25T20:10:00.000-05:00,2026-02-24T21:40:54.821000+00:00
10100842|Keegan Murray|PR|STANDARD|20.5|UNDER,10100842,Keegan Murray,SAC,PR,PTS+REBS,1,20.5,UNDER,STANDARD,0,1,20.5,0,0,standard,2026-02-25T20:10:00.000-05:00,2026-02-24T21:40:54.821000+00:00
10086813|Naz Reid|FREE THROWS MADE|GOBLIN|0.5|OVER,10086813,Naz Reid,MIN,FREE THROWS MADE,FREE THROWS MADE,0,0.5,OVER,GOBLIN,1,0,0.5,0,0,goblin,2026-02-24T22:10:00.000-05:00,2026-02-24T21:39:22.134000+00:00
10071631|Grayson Allen|TWO POINTERS ATTEMPTED|STANDARD|4.5|OVER,10071631,Grayson Allen,PHX,TWO POINTERS ATTEMPTED,TWO POINTERS ATTEMPTED,0,4.5,OVER,STANDARD,1,0,4.5,0,0,standard,2026-02-24T21:10:00.000-05:00,2026-02-24T21:37:56.244000+00:00
10071631|Grayson Allen|TWO POINTERS ATTEMPTED|STANDARD|4.5|UNDER,10071631,Grayson Allen,PHX,TWO POINTERS ATTEMPTED,TWO POINTERS ATTEMPTED,0,4.5,UNDER,STANDARD,0,1,4.5,0,0,standard,2026-02-24T21:10:00.000-05:00,2026-02-24T21:37:56.244000+00:00
10086838|Naz Reid|STL|DEMON|1.5|OVER,10086838,Naz Reid,MIN,STL,STEALS,1,1.5,OVER,DEMON,1,0,1.5,0,0,demon,2026-02-24T22:10:00.000-05:00,2026-02-24T21:37:33.168000+00:00
10071617|Grayson Allen|FG ATTEMPTED|STANDARD|15|OVER,10071617,Grayson Allen,PHX,FG ATTEMPTED,FG ATTEMPTED,0,15.0,OVER,STANDARD,1,0,15.0,0,0,standard,2026-02-24T21:10:00.000-05:00,2026-02-24T21:37:26.056000+00:00
10071617|Grayson Allen|FG ATTEMPTED|STANDARD|15|UNDER,10071617,Grayson Allen,PHX,FG ATTEMPTED,FG ATTEMPTED,0,15.0,UNDER,STANDARD,0,1,15.0,0,0,standard,2026-02-24T21:10:00.000-05:00,2026-02-24T21:37:26.056000+00:00
10100811|Jabari Smith|BLOCKED SHOTS|GOBLIN|0.5|OVER,10100811,Jabari Smith,HOU,BLOCKED SHOTS,BLOCKED SHOTS,0,0.5,OVER,GOBLIN,1,0,0.5,0,0,goblin,2026-02-25T20:10:00.000-05:00,2026-02-24T21:36:42.125000+00:00
10096497|Naz Reid|PERSONAL FOULS|DEMON|2.5|OVER,10096497,Naz Reid,MIN,PERSONAL FOULS,PERSONAL FOULS,0,2.5,OVER,DEMON,1,0,2.5,0,0,demon,2026-02-24T22:10:00.000-05:00,2026-02-24T21:35:58.988000+00:00
10100781|DeMar DeRozan|PR|STANDARD|17.5|OVER,10100781,DeMar DeRozan,SAC,PR,PTS+REBS,1,17.5,OVER,STANDARD,1,0,17.5,0,0,standard,2026-02-25T20:10:00.000-05:00,2026-02-24T21:34:55.523000+00:00
10100781|DeMar DeRozan|PR|STANDARD|17.5|UNDER,10100781,DeMar DeRozan,SAC,PR,PTS+REBS,1,17.5,UNDER,STANDARD,0,1,17.5,0,0,standard,2026-02-25T20:10:00.000-05:00,2026-02-24T21:34:55.523000+00:00
10090107|Baylor Scheierman|PR|GOBLIN|10.5|OVER,10090107,Baylor Scheierman,BOS,PR,PTS+REBS,1,10.5,OVER,GOBLIN,1,0,10.5,0,0,goblin,2026-02-24T21:10:00.000-05:00,2026-02-24T21:34:40.195000+00:00
10092012|Vít Krejčí|PRA|STANDARD|12.5|OVER,10092012,Vít Krejčí,POR,PRA,PTS+REBS+ASTS,1,12.5,OVER,STANDARD,1,0,12.5,0,0,standard,2026-02-24T22:10:00.000-05:00,2026-02-24T21:33:51.422000+00:00
10092012|Vít Krejčí|PRA|STANDARD|12.5|UNDER,10092012,Vít Krejčí,POR,PRA,PTS+REBS+ASTS,1,12.5,UNDER,STANDARD,0,1,12.5,0,0,standard,2026-02-24T22:10:00.000-05:00,2026-02-24T21:33:51.422000+00:00
10077441|Desmond Bane|BLOCKED SHOTS|DEMON|1.5|OVER,10077441,Desmond Bane,ORL,BLOCKED SHOTS,BLOCKED SHOTS,0,1.5,OVER,DEMON,1,0,1.5,0,0,demon,2026-02-24T22:40:00.000-05:00,2026-02-24T21:33:17.056000+00:00
10077372|Anthony Black|BLOCKED SHOTS|DEMON|1.5|OVER,10077372,Anthony Black,ORL,BLOCKED SHOTS,BLOCKED SHOTS,0,1.5,OVER,DEMON,1,0,1.5,0,0,demon,2026-02-24T22:40:00.000-05:00,2026-02-24T21:33:16.946000+00:00
10089406|Ryan Dunn|PR|GOBLIN|9.5|OVER,10089406,Ryan Dunn,PHX,PR,PTS+REBS,1,9.5,OVER,GOBLIN,1,0,9.5,0,0,goblin,2026-02-24T21:10:00.000-05:00,2026-02-24T21:33:08.984000+00:00
10100957|Reed Sheppard|FG3M|STANDARD|2.5|OVER,10100957,Reed Sheppard,HOU,FG3M,3-PT MADE,1,2.5,OVER,STANDARD,1,0,2.5,0,0,standard,2026-02-25T20:10:00.000-05:00,2026-02-24T21:32:33.401000+00:00
10100957|Reed Sheppard|FG3M|STANDARD|2.5|UNDER,10100957,Reed Sheppard,HOU,FG3M,3-PT MADE,1,2.5,UNDER,STANDARD,0,1,2.5,0,0,standard,2026-02-25T20:10:00.000-05:00,2026-02-24T21:32:33.401000+00:00
10087045|Vít Krejčí|AST|DEMON|2.5|OVER,10087045,Vít Krejčí,POR,AST,ASSISTS,1,2.5,OVER,DEMON,1,0,2.5,0,0,demon,2026-02-24T22:10:00.000-05:00,2026-02-24T21:32:04.455000+00:00
10095122|Baylor Scheierman|FANTASY SCORE|STANDARD|19.5|OVER,10095122,Baylor Scheierman,BOS,FANTASY SCORE,FANTASY SCORE,0,19.5,OVER,STANDARD,1,0,19.5,0,0,standard,2026-02-24T21:10:00.000-05:00,2026-02-24T21:31:46.470000+00:00
10095122|Baylor Scheierman|FANTASY SCORE|STANDARD|19.5|UNDER,10095122,Baylor Scheierman,BOS,FANTASY SCORE,FANTASY SCORE,0,19.5,UNDER,STANDARD,0,1,19.5,0,0,standard,2026-02-24T21:10:00.000-05:00,2026-02-24T21:31:46.470000+00:00
10101520|Moritz Wagner|FG3M|DEMON|2.5|OVER,10101520,Moritz Wagner,ORL,FG3M,3-PT MADE,1,2.5,OVER,DEMON,1,0,2.5,0,0,demon,2026-02-24T22:40:00.000-05:00,2026-02-24T21:31:13.452000+00:00
10071582|Baylor Scheierman|PR|STANDARD|13|OVER,10071582,Baylor Scheierman,BOS,PR,PTS+REBS,1,13.0,OVER,STANDARD,1,0,13.0,0,0,standard,2026-02-24T21:10:00.000-05:00,2026-02-24T21:31:02.872000+00:00
10071582|Baylor Scheierman|PR|STANDARD|13|UNDER,10071582,Baylor Scheierman,BOS,PR,PTS+REBS,1,13.0,UNDER,STANDARD,0,1,13.0,0,0,standard,2026-02-24T21:10:00.000-05:00,2026-02-24T21:31:02.872000+00:00
10071580|Baylor Scheierman|PTS|STANDARD|7.5|OVER,10071580,Baylor Scheierman,BOS,PTS,POINTS,1,7.5,OVER,STANDARD,1,0,7.5,0,0,standard,2026-02-24T21:10:00.000-05:00,2026-02-24T21:30:17.472000+00:00
10071580|Baylor Scheierman|PTS|STANDARD|7.5|UNDER,10071580,Baylor Scheierman,BOS,PTS,POINTS,1,7.5,UNDER,STANDARD,0,1,7.5,0,0,standard,2026-02-24T21:10:00.000-05:00,2026-02-24T21:30:17.472000+00:00
10086451|Anthony Edwards|PRA|STANDARD|37.5|OVER,10086451,Anthony Edwards,MIN,PRA,PTS+REBS+ASTS,1,37.5,OVER,STANDARD,1,0,37.5,0,0,standard,2026-02-24T22:10:00.000-05:00,2026-02-24T21:29:39.721000+00:00
10086451|Anthony Edwards|PRA|STANDARD|37.5|UNDER,10086451,Anthony Edwards,MIN,PRA,PTS+REBS+ASTS,1,37.5,UNDER,STANDARD,0,1,37.5,0,0,standard,2026-02-24T22:10:00.000-05:00,2026-02-24T21:29:39.721000+00:00
10084048|Payton Pritchard|3-PT ATTEMPTED|STANDARD|9.5|OVER,10084048,Payton Pritchard,BOS,3-PT ATTEMPTED,3-PT ATTEMPTED,0,9.5,OVER,STANDARD,1,0,9.5,0,0,standard,2026-02-24T21:10:00.000-05:00,2026-02-24T21:29:08.052000+00:00
10084048|Payton Pritchard|3-PT ATTEMPTED|STANDARD|9.5|UNDER,10084048,Payton Pritchard,BOS,3-PT ATTEMPTED,3-PT ATTEMPTED,0,9.5,UNDER,STANDARD,0,1,9.5,0,0,standard,2026-02-24T21:10:00.000-05:00,2026-02-24T21:29:08.052000+00:00
10071916|Nikola Vučević|PRA|DEMON|27.5|OVER,10071916,Nikola Vučević,BOS,PRA,PTS+REBS+ASTS,1,27.5,OVER,DEMON,1,0,27.5,0,0,demon,2026-02-24T21:10:00.000-05:00,2026-02-24T21:28:24.757000+00:00
10086668|Jerami Grant|REB|DEMON|4.5|OVER,10086668,Jerami Grant,POR,REB,REBOUNDS,1,4.5,OVER,DEMON,1,0,4.5,0,0,demon,2026-02-24T22:10:00.000-05:00,2026-02-24T21:27:52.763000+00:00
10100765|Alperen Sengun|RA|STANDARD|16.5|OVER,10100765,Alperen Sengun,HOU,RA,REBS+ASTS,1,16.5,OVER,STANDARD,1,0,16.5,0,0,standard,2026-02-25T20:10:00.000-05:00,2026-02-24T21:27:31.659000+00:00
10100765|Alperen Sengun|RA|STANDARD|16.5|UNDER,10100765,Alperen Sengun,HOU,RA,REBS+ASTS,1,16.5,UNDER,STANDARD,0,1,16.5,0,0,standard,2026-02-25T20:10:00.000-05:00,2026-02-24T21:27:31.659000+00:00
10086529|Donovan Clingan|PRA|STANDARD|28.5|OVER,10086529,Donovan Clingan,POR,PRA,PTS+REBS+ASTS,1,28.5,OVER,STANDARD,1,0,28.5,0,0,standard,2026-02-24T22:10:00.000-05:00,2026-02-24T21:25:16.086000+00:00
10086529|Donovan Clingan|PRA|STANDARD|28.5|UNDER,10086529,Donovan Clingan,POR,PRA,PTS+REBS+ASTS,1,28.5,UNDER,STANDARD,0,1,28.5,0,0,standard,2026-02-24T22:10:00.000-05:00,2026-02-24T21:25:16.086000+00:00
10086527|Donovan Clingan|PR|STANDARD|26.5|OVER,10086527,Donovan Clingan,POR,PR,PTS+REBS,1,26.5,OVER,STANDARD,1,0,26.5,0,0,standard,2026-02-24T22:10:00.000-05:00,2026-02-24T21:24:12.441000+00:00
10086527|Donovan Clingan|PR|STANDARD|26.5|UNDER,10086527,Donovan Clingan,POR,PR,PTS+REBS,1,26.5,UNDER,STANDARD,0,1,26.5,0,0,standard,2026-02-24T22:10:00.000-05:00,2026-02-24T21:24:12.441000+00:00
10100756|Alperen Sengun|BLOCKED SHOTS|GOBLIN|0.5|OVER,10100756,Alperen Sengun,HOU,BLOCKED SHOTS,BLOCKED SHOTS,0,0.5,OVER,GOBLIN,1,0,0.5,0,0,goblin,2026-02-25T20:10:00.000-05:00,2026-02-24T21:22:59.301000+00:00
10097480|Sam Hauser|REB|GOBLIN|3.5|OVER,10097480,Sam Hauser,BOS,REB,REBOUNDS,1,3.5,OVER,GOBLIN,1,0,3.5,0,0,goblin,2026-02-24T21:10:00.000-05:00,2026-02-24T21:22:47.536000+00:00
10086587|Donte DiVincenzo|STL|DEMON|2.5|OVER,10086587,Donte DiVincenzo,MIN,STL,STEALS,1,2.5,OVER,DEMON,1,0,2.5,0,0,demon,2026-02-24T22:10:00.000-05:00,2026-02-24T21:22:16.565000+00:00
10100859|Kevin Durant|PA|STANDARD|30.5|OVER,10100859,Kevin Durant,HOU,PA,PTS+ASTS,1,30.5,OVER,STANDARD,1,0,30.5,0,0,standard,2026-02-25T20:10:00.000-05:00,2026-02-24T21:22:09.652000+00:00
10100859|Kevin Durant|PA|STANDARD|30.5|UNDER,10100859,Kevin Durant,HOU,PA,PTS+ASTS,1,30.5,UNDER,STANDARD,0,1,30.5,0,0,standard,2026-02-25T20:10:00.000-05:00,2026-02-24T21:22:09.652000+00:00
10100900|Maxime Raynaud|PA|STANDARD|14.5|OVER,10100900,Maxime Raynaud,SAC,PA,PTS+ASTS,1,14.5,OVER,STANDARD,1,0,14.5,0,0,standard,2026-02-25T20:10:00.000-05:00,2026-02-24T21:20:16.625000+00:00
10100900|Maxime Raynaud|PA|STANDARD|14.5|UNDER,10100900,Maxime Raynaud,SAC,PA,PTS+ASTS,1,14.5,UNDER,STANDARD,0,1,14.5,0,0,standard,2026-02-25T20:10:00.000-05:00,2026-02-24T21:20:16.625000+00:00
10096883|Naz Reid|PR|DEMON|23.5|OVER,10096883,Naz Reid,MIN,PR,PTS+REBS,1,23.5,OVER,DEMON,1,0,23.5,0,0,demon,2026-02-24T22:10:00.000-05:00,2026-02-24T21:19:15.916000+00:00
10100967|Reed Sheppard|PTS|STANDARD|13.5|OVER,10100967,Reed Sheppard,HOU,PTS,POINTS,1,13.5,OVER,STANDARD,1,0,13.5,0,0,standard,2026-02-25T20:10:00.000-05:00,2026-02-24T21:19:09.263000+00:00
10100967|Reed Sheppard|PTS|STANDARD|13.5|UNDER,10100967,Reed Sheppard,HOU,PTS,POINTS,1,13.5,UNDER,STANDARD,0,1,13.5,0,0,standard,2026-02-25T20:10:00.000-05:00,2026-02-24T21:19:09.263000+00:00
10095015|Oso Ighodaro|PA|STANDARD|7.5|OVER,10095015,Oso Ighodaro,PHX,PA,PTS+ASTS,1,7.5,OVER,STANDARD,1,0,7.5,0,0,standard,2026-02-24T21:10:00.000-05:00,2026-02-24T21:18:56.980000+00:00
10095015|Oso Ighodaro|PA|STANDARD|7.5|UNDER,10095015,Oso Ighodaro,PHX,PA,PTS+ASTS,1,7.5,UNDER,STANDARD,0,1,7.5,0,0,standard,2026-02-24T21:10:00.000-05:00,2026-02-24T21:18:56.980000+00:00
10086522|Donovan Clingan|PTS|STANDARD|13.5|OVER,10086522,Donovan Clingan,POR,PTS,POINTS,1,13.5,OVER,STANDARD,1,0,13.5,0,0,standard,2026-02-24T22:10:00.000-05:00,2026-02-24T21:18:56.957000+00:00
10086522|Donovan Clingan|PTS|STANDARD|13.5|UNDER,10086522,Donovan Clingan,POR,PTS,POINTS,1,13.5,UNDER,STANDARD,0,1,13.5,0,0,standard,2026-02-24T22:10:00.000-05:00,2026-02-24T21:18:56.957000+00:00
10083704|Royce O'Neale|FG3M|DEMON|4.5|OVER,10083704,Royce O'Neale,PHX,FG3M,3-PT MADE,1,4.5,OVER,DEMON,1,0,4.5,0,0,demon,2026-02-24T21:10:00.000-05:00,2026-02-24T21:18:53.191000+00:00
10087047|Vít Krejčí|BS|GOBLIN|0.5|OVER,10087047,Vít Krejčí,POR,BS,BLKS+STLS,1,0.5,OVER,GOBLIN,1,0,0.5,0,0,goblin,2026-02-24T22:10:00.000-05:00,2026-02-24T21:14:47.620000+00:00
10090156|Naz Reid|PR|GOBLIN|16.5|OVER,10090156,Naz Reid,MIN,PR,PTS+REBS,1,16.5,OVER,GOBLIN,1,0,16.5,0,0,goblin,2026-02-24T22:10:00.000-05:00,2026-02-24T21:13:10.310000+00:00
10100853|Kevin Durant|BLOCKED SHOTS|STANDARD|0.5|OVER,10100853,Kevin Durant,HOU,BLOCKED SHOTS,BLOCKED SHOTS,0,0.5,OVER,STANDARD,1,0,0.5,0,0,standard,2026-02-25T20:10:00.000-05:00,2026-02-24T21:13:02.839000+00:00
10100853|Kevin Durant|BLOCKED SHOTS|STANDARD|0.5|UNDER,10100853,Kevin Durant,HOU,BLOCKED SHOTS,BLOCKED SHOTS,0,0.5,UNDER,STANDARD,0,1,0.5,0,0,standard,2026-02-25T20:10:00.000-05:00,2026-02-24T21:13:02.839000+00:00
10093307|Tristan Silva|AST|DEMON|2.5|OVER,10093307,Tristan Silva,ORL,AST,ASSISTS,1,2.5,OVER,DEMON,1,0,2.5,0,0,demon,2026-02-24T22:40:00.000-05:00,2026-02-24T21:12:30.704000+00:00
10095919|Moritz Wagner|AST|DEMON|2.5|OVER,10095919,Moritz Wagner,ORL,AST,ASSISTS,1,2.5,OVER,DEMON,1,0,2.5,0,0,demon,2026-02-24T22:40:00.000-05:00,2026-02-24T21:12:30.692000+00:00
10100799|Dorian Finney-Smith|PTS|STANDARD|5.5|OVER,10100799,Dorian Finney-Smith,HOU,PTS,POINTS,1,5.5,OVER,STANDARD,1,0,5.5,0,0,standard,2026-02-25T20:10:00.000-05:00,2026-02-24T21:11:59.686000+00:00
10100799|Dorian Finney-Smith|PTS|STANDARD|5.5|UNDER,10100799,Dorian Finney-Smith,HOU,PTS,POINTS,1,5.5,UNDER,STANDARD,0,1,5.5,0,0,standard,2026-02-25T20:10:00.000-05:00,2026-02-24T21:11:59.686000+00:00
10086714|Jrue Holiday|RA|STANDARD|11|OVER,10086714,Jrue Holiday,POR,RA,REBS+ASTS,1,11.0,OVER,STANDARD,1,0,11.0,0,0,standard,2026-02-24T22:10:00.000-05:00,2026-02-24T21:11:58.285000+00:00
10086714|Jrue Holiday|RA|STANDARD|11|UNDER,10086714,Jrue Holiday,POR,RA,REBS+ASTS,1,11.0,UNDER,STANDARD,0,1,11.0,0,0,standard,2026-02-24T22:10:00.000-05:00,2026-02-24T21:11:58.285000+00:00
10096867|Ayo Dosunmu|RA|GOBLIN|4.5|OVER,10096867,Ayo Dosunmu,MIN,RA,REBS+ASTS,1,4.5,OVER,GOBLIN,1,0,4.5,0,0,goblin,2026-02-24T22:10:00.000-05:00,2026-02-24T21:11:12.522000+00:00
10071821|Derrick White|BLOCKED SHOTS|DEMON|2.5|OVER,10071821,Derrick White,BOS,BLOCKED SHOTS,BLOCKED SHOTS,0,2.5,OVER,DEMON,1,0,2.5,0,0,demon,2026-02-24T21:10:00.000-05:00,2026-02-24T21:10:11.650000+00:00
10098817|Derrick White|BS|DEMON|3.5|OVER,10098817,Derrick White,BOS,BS,BLKS+STLS,1,3.5,OVER,DEMON,1,0,3.5,0,0,demon,2026-02-24T21:10:00.000-05:00,2026-02-24T21:08:15.941000+00:00
10100754|Alperen Sengun|AST|STANDARD|6.5|OVER,10100754,Alperen Sengun,HOU,AST,ASSISTS,1,6.5,OVER,STANDARD,1,0,6.5,0,0,standard,2026-02-25T20:10:00.000-05:00,2026-02-24T21:07:19.169000+00:00
10100754|Alperen Sengun|AST|STANDARD|6.5|UNDER,10100754,Alperen Sengun,HOU,AST,ASSISTS,1,6.5,UNDER,STANDARD,0,1,6.5,0,0,standard,2026-02-25T20:10:00.000-05:00,2026-02-24T21:07:19.169000+00:00
10086565|Donte DiVincenzo|PTS|STANDARD|10|OVER,10086565,Donte DiVincenzo,MIN,PTS,POINTS,1,10.0,OVER,STANDARD,1,0,10.0,0,0,standard,2026-02-24T22:10:00.000-05:00,2026-02-24T21:06:41.489000+00:00
10086565|Donte DiVincenzo|PTS|STANDARD|10|UNDER,10086565,Donte DiVincenzo,MIN,PTS,POINTS,1,10.0,UNDER,STANDARD,0,1,10.0,0,0,standard,2026-02-24T22:10:00.000-05:00,2026-02-24T21:06:41.489000+00:00
10100871|Malik Monk|AST|GOBLIN|2.5|OVER,10100871,Malik Monk,SAC,AST,ASSISTS,1,2.5,OVER,GOBLIN,1,0,2.5,0,0,goblin,2026-02-25T20:10:00.000-05:00,2026-02-24T21:06:21.188000+00:00
10100923|Nique Clifford|RA|STANDARD|6.5|OVER,10100923,Nique Clifford,SAC,RA,REBS+ASTS,1,6.5,OVER,STANDARD,1,0,6.5,0,0,standard,2026-02-25T20:10:00.000-05:00,2026-02-24T21:05:52.572000+00:00
10100923|Nique Clifford|RA|STANDARD|6.5|UNDER,10100923,Nique Clifford,SAC,RA,REBS+ASTS,1,6.5,UNDER,STANDARD,0,1,6.5,0,0,standard,2026-02-25T20:10:00.000-05:00,2026-02-24T21:05:52.572000+00:00
10100883|Malik Monk|PRA|STANDARD|16.5|OVER,10100883,Malik Monk,SAC,PRA,PTS+REBS+ASTS,1,16.5,OVER,STANDARD,1,0,16.5,0,0,standard,2026-02-25T20:10:00.000-05:00,2026-02-24T21:04:40.366000+00:00
10100883|Malik Monk|PRA|STANDARD|16.5|UNDER,10100883,Malik Monk,SAC,PRA,PTS+REBS+ASTS,1,16.5,UNDER,STANDARD,0,1,16.5,0,0,standard,2026-02-25T20:10:00.000-05:00,2026-02-24T21:04:40.366000+00:00
10100780|DeMar DeRozan|PA|STANDARD|18.5|OVER,10100780,DeMar DeRozan,SAC,PA,PTS+ASTS,1,18.5,OVER,STANDARD,1,0,18.5,0,0,standard,2026-02-25T20:10:00.000-05:00,2026-02-24T21:03:28.018000+00:00
10100780|DeMar DeRozan|PA|STANDARD|18.5|UNDER,10100780,DeMar DeRozan,SAC,PA,PTS+ASTS,1,18.5,UNDER,STANDARD,0,1,18.5,0,0,standard,2026-02-25T20:10:00.000-05:00,2026-02-24T21:03:28.018000+00:00
10100951|Precious Achiuwa|REB|DEMON|6.5|OVER,10100951,Precious Achiuwa,SAC,REB,REBOUNDS,1,6.5,OVER,DEMON,1,0,6.5,0,0,demon,2026-02-25T20:10:00.000-05:00,2026-02-24T21:02:54.847000+00:00
10100803|Dorian Finney-Smith|TOV|STANDARD|0.5|OVER,10100803,Dorian Finney-Smith,HOU,TOV,TURNOVERS,1,0.5,OVER,STANDARD,1,0,0.5,0,0,standard,2026-02-25T20:10:00.000-05:00,2026-02-24T21:02:18.497000+00:00
10100803|Dorian Finney-Smith|TOV|STANDARD|0.5|UNDER,10100803,Dorian Finney-Smith,HOU,TOV,TURNOVERS,1,0.5,UNDER,STANDARD,0,1,0.5,0,0,standard,2026-02-25T20:10:00.000-05:00,2026-02-24T21:02:18.497000+00:00
10100824|Jabari Smith|RA|STANDARD|9.5|OVER,10100824,Jabari Smith,HOU,RA,REBS+ASTS,1,9.5,OVER,STANDARD,1,0,9.5,0,0,standard,2026-02-25T20:10:00.000-05:00,2026-02-24T21:02:17.999000+00:00
10100824|Jabari Smith|RA|STANDARD|9.5|UNDER,10100824,Jabari Smith,HOU,RA,REBS+ASTS,1,9.5,UNDER,STANDARD,0,1,9.5,0,0,standard,2026-02-25T20:10:00.000-05:00,2026-02-24T21:02:17.999000+00:00
10096500|Wendell Carter|PA|GOBLIN|9.5|OVER,10096500,Wendell Carter,ORL,PA,PTS+ASTS,1,9.5,OVER,GOBLIN,1,0,9.5,0,0,goblin,2026-02-24T22:40:00.000-05:00,2026-02-24T21:01:33.366000+00:00
10100766|Alperen Sengun|STL|DEMON|1.5|OVER,10100766,Alperen Sengun,HOU,STL,STEALS,1,1.5,OVER,DEMON,1,0,1.5,0,0,demon,2026-02-25T20:10:00.000-05:00,2026-02-24T21:00:24.303000+00:00
10100851|Kevin Durant|AST|STANDARD|4.5|OVER,10100851,Kevin Durant,HOU,AST,ASSISTS,1,4.5,OVER,STANDARD,1,0,4.5,0,0,standard,2026-02-25T20:10:00.000-05:00,2026-02-24T21:00:24.291000+00:00
10100851|Kevin Durant|AST|STANDARD|4.5|UNDER,10100851,Kevin Durant,HOU,AST,ASSISTS,1,4.5,UNDER,STANDARD,0,1,4.5,0,0,standard,2026-02-25T20:10:00.000-05:00,2026-02-24T21:00:24.291000+00:00
10087029|Toumani Camara|RA|STANDARD|8.5|OVER,10087029,Toumani Camara,POR,RA,REBS+ASTS,1,8.5,OVER,STANDARD,1,0,8.5,0,0,standard,2026-02-24T22:10:00.000-05:00,2026-02-24T20:59:27.342000+00:00
10087029|Toumani Camara|RA|STANDARD|8.5|UNDER,10087029,Toumani Camara,POR,RA,REBS+ASTS,1,8.5,UNDER,STANDARD,0,1,8.5,0,0,standard,2026-02-24T22:10:00.000-05:00,2026-02-24T20:59:27.342000+00:00
10100974|Russell Westbrook|FG3M|STANDARD|1.5|OVER,10100974,Russell Westbrook,SAC,FG3M,3-PT MADE,1,1.5,OVER,STANDARD,1,0,1.5,0,0,standard,2026-02-25T20:10:00.000-05:00,2026-02-24T20:58:04.481000+00:00
10100974|Russell Westbrook|FG3M|STANDARD|1.5|UNDER,10100974,Russell Westbrook,SAC,FG3M,3-PT MADE,1,1.5,UNDER,STANDARD,0,1,1.5,0,0,standard,2026-02-25T20:10:00.000-05:00,2026-02-24T20:58:04.481000+00:00
10100927|Precious Achiuwa|FG3M|DEMON|0.5|OVER,10100927,Precious Achiuwa,SAC,FG3M,3-PT MADE,1,0.5,OVER,DEMON,1,0,0.5,0,0,demon,2026-02-25T20:10:00.000-05:00,2026-02-24T20:58:04.462000+00:00
10090163|Toumani Camara|PR|GOBLIN|17.5|OVER,10090163,Toumani Camara,POR,PR,PTS+REBS,1,17.5,OVER,GOBLIN,1,0,17.5,0,0,goblin,2026-02-24T22:10:00.000-05:00,2026-02-24T20:57:56.891000+00:00
10095040|Scoot Henderson|FANTASY SCORE|STANDARD|29.5|OVER,10095040,Scoot Henderson,POR,FANTASY SCORE,FANTASY SCORE,0,29.5,OVER,STANDARD,1,0,29.5,0,0,standard,2026-02-24T22:10:00.000-05:00,2026-02-24T20:56:31.588000+00:00
10095040|Scoot Henderson|FANTASY SCORE|STANDARD|29.5|UNDER,10095040,Scoot Henderson,POR,FANTASY SCORE,FANTASY SCORE,0,29.5,UNDER,STANDARD,0,1,29.5,0,0,standard,2026-02-24T22:10:00.000-05:00,2026-02-24T20:56:31.588000+00:00
10069091|Derrick White|PR|DEMON|29.5|OVER,10069091,Derrick White,BOS,PR,PTS+REBS,1,29.5,OVER,DEMON,1,0,29.5,0,0,demon,2026-02-24T21:10:00.000-05:00,2026-02-24T20:56:07.368000+00:00
10100947|Precious Achiuwa|PTS|STANDARD|8.5|OVER,10100947,Precious Achiuwa,SAC,PTS,POINTS,1,8.5,OVER,STANDARD,1,0,8.5,0,0,standard,2026-02-25T20:10:00.000-05:00,2026-02-24T20:55:55.866000+00:00
10100947|Precious Achiuwa|PTS|STANDARD|8.5|UNDER,10100947,Precious Achiuwa,SAC,PTS,POINTS,1,8.5,UNDER,STANDARD,0,1,8.5,0,0,standard,2026-02-25T20:10:00.000-05:00,2026-02-24T20:55:55.866000+00:00
10100762|Alperen Sengun|PR|STANDARD|29.5|OVER,10100762,Alperen Sengun,HOU,PR,PTS+REBS,1,29.5,OVER,STANDARD,1,0,29.5,0,0,standard,2026-02-25T20:10:00.000-05:00,2026-02-24T20:55:53.748000+00:00
10100762|Alperen Sengun|PR|STANDARD|29.5|UNDER,10100762,Alperen Sengun,HOU,PR,PTS+REBS,1,29.5,UNDER,STANDARD,0,1,29.5,0,0,standard,2026-02-25T20:10:00.000-05:00,2026-02-24T20:55:53.748000+00:00
10100863|Kevin Durant|REB|GOBLIN|4.5|OVER,10100863,Kevin Durant,HOU,REB,REBOUNDS,1,4.5,OVER,GOBLIN,1,0,4.5,0,0,goblin,2026-02-25T20:10:00.000-05:00,2026-02-24T20:55:49.402000+00:00
10100760|Alperen Sengun|PTS|STANDARD|19.5|OVER,10100760,Alperen Sengun,HOU,PTS,POINTS,1,19.5,OVER,STANDARD,1,0,19.5,0,0,standard,2026-02-25T20:10:00.000-05:00,2026-02-24T20:55:22.356000+00:00
10100760|Alperen Sengun|PTS|STANDARD|19.5|UNDER,10100760,Alperen Sengun,HOU,PTS,POINTS,1,19.5,UNDER,STANDARD,0,1,19.5,0,0,standard,2026-02-25T20:10:00.000-05:00,2026-02-24T20:55:22.356000+00:00
10086940|Scoot Henderson|PR|STANDARD|20.5|OVER,10086940,Scoot Henderson,POR,PR,PTS+REBS,1,20.5,OVER,STANDARD,1,0,20.5,0,0,standard,2026-02-24T22:10:00.000-05:00,2026-02-24T20:54:49.926000+00:00
10086940|Scoot Henderson|PR|STANDARD|20.5|UNDER,10086940,Scoot Henderson,POR,PR,PTS+REBS,1,20.5,UNDER,STANDARD,0,1,20.5,0,0,standard,2026-02-24T22:10:00.000-05:00,2026-02-24T20:54:49.926000+00:00
10100880|Malik Monk|PTS|STANDARD|11.5|OVER,10100880,Malik Monk,SAC,PTS,POINTS,1,11.5,OVER,STANDARD,1,0,11.5,0,0,standard,2026-02-25T20:10:00.000-05:00,2026-02-24T20:54:41.027000+00:00
10100880|Malik Monk|PTS|STANDARD|11.5|UNDER,10100880,Malik Monk,SAC,PTS,POINTS,1,11.5,UNDER,STANDARD,0,1,11.5,0,0,standard,2026-02-25T20:10:00.000-05:00,2026-02-24T20:54:41.027000+00:00
10100849|Kevin Durant|FG3M|STANDARD|2.5|OVER,10100849,Kevin Durant,HOU,FG3M,3-PT MADE,1,2.5,OVER,STANDARD,1,0,2.5,0,0,standard,2026-02-25T20:10:00.000-05:00,2026-02-24T20:53:53.993000+00:00
10100849|Kevin Durant|FG3M|STANDARD|2.5|UNDER,10100849,Kevin Durant,HOU,FG3M,3-PT MADE,1,2.5,UNDER,STANDARD,0,1,2.5,0,0,standard,2026-02-25T20:10:00.000-05:00,2026-02-24T20:53:53.993000+00:00
10100819|Jabari Smith|PA|STANDARD|17.5|OVER,10100819,Jabari Smith,HOU,PA,PTS+ASTS,1,17.5,OVER,STANDARD,1,0,17.5,0,0,standard,2026-02-25T20:10:00.000-05:00,2026-02-24T20:53:43.086000+00:00
10100819|Jabari Smith|PA|STANDARD|17.5|UNDER,10100819,Jabari Smith,HOU,PA,PTS+ASTS,1,17.5,UNDER,STANDARD,0,1,17.5,0,0,standard,2026-02-25T20:10:00.000-05:00,2026-02-24T20:53:43.086000+00:00
10100990|Russell Westbrook|TOV|STANDARD|2.5|OVER,10100990,Russell Westbrook,SAC,TOV,TURNOVERS,1,2.5,OVER,STANDARD,1,0,2.5,0,0,standard,2026-02-25T20:10:00.000-05:00,2026-02-24T20:53:20.417000+00:00
10100990|Russell Westbrook|TOV|STANDARD|2.5|UNDER,10100990,Russell Westbrook,SAC,TOV,TURNOVERS,1,2.5,UNDER,STANDARD,0,1,2.5,0,0,standard,2026-02-25T20:10:00.000-05:00,2026-02-24T20:53:20.417000+00:00
10086475|Ayo Dosunmu|AST|DEMON|4.5|OVER,10086475,Ayo Dosunmu,MIN,AST,ASSISTS,1,4.5,OVER,DEMON,1,0,4.5,0,0,demon,2026-02-24T22:10:00.000-05:00,2026-02-24T20:52:55.764000+00:00
10100782|DeMar DeRozan|PRA|STANDARD|20.5|OVER,10100782,DeMar DeRozan,SAC,PRA,PTS+REBS+ASTS,1,20.5,OVER,STANDARD,1,0,20.5,0,0,standard,2026-02-25T20:10:00.000-05:00,2026-02-24T20:52:17.165000+00:00
10100782|DeMar DeRozan|PRA|STANDARD|20.5|UNDER,10100782,DeMar DeRozan,SAC,PRA,PTS+REBS+ASTS,1,20.5,UNDER,STANDARD,0,1,20.5,0,0,standard,2026-02-25T20:10:00.000-05:00,2026-02-24T20:52:17.165000+00:00
10100902|Maxime Raynaud|PRA|STANDARD|23.5|OVER,10100902,Maxime Raynaud,SAC,PRA,PTS+REBS+ASTS,1,23.5,OVER,STANDARD,1,0,23.5,0,0,standard,2026-02-25T20:10:00.000-05:00,2026-02-24T20:52:17.150000+00:00
10100902|Maxime Raynaud|PRA|STANDARD|23.5|UNDER,10100902,Maxime Raynaud,SAC,PRA,PTS+REBS+ASTS,1,23.5,UNDER,STANDARD,0,1,23.5,0,0,standard,2026-02-25T20:10:00.000-05:00,2026-02-24T20:52:17.150000+00:00
10100755|Alperen Sengun|BS|DEMON|2.5|OVER,10100755,Alperen Sengun,HOU,BS,BLKS+STLS,1,2.5,OVER,DEMON,1,0,2.5,0,0,demon,2026-02-25T20:10:00.000-05:00,2026-02-24T20:52:15.763000+00:00
10100925|Nique Clifford|TOV|STANDARD|1.5|OVER,10100925,Nique Clifford,SAC,TOV,TURNOVERS,1,1.5,OVER,STANDARD,1,0,1.5,0,0,standard,2026-02-25T20:10:00.000-05:00,2026-02-24T20:52:15.755000+00:00
10100925|Nique Clifford|TOV|STANDARD|1.5|UNDER,10100925,Nique Clifford,SAC,TOV,TURNOVERS,1,1.5,UNDER,STANDARD,0,1,1.5,0,0,standard,2026-02-25T20:10:00.000-05:00,2026-02-24T20:52:15.755000+00:00
10100807|Jabari Smith|FG3M|DEMON|2.5|OVER,10100807,Jabari Smith,HOU,FG3M,3-PT MADE,1,2.5,OVER,DEMON,1,0,2.5,0,0,demon,2026-02-25T20:10:00.000-05:00,2026-02-24T20:52:15.745000+00:00
10100864|Kevin Durant|RA|STANDARD|9.5|OVER,10100864,Kevin Durant,HOU,RA,REBS+ASTS,1,9.5,OVER,STANDARD,1,0,9.5,0,0,standard,2026-02-25T20:10:00.000-05:00,2026-02-24T20:52:15.735000+00:00
10100864|Kevin Durant|RA|STANDARD|9.5|UNDER,10100864,Kevin Durant,HOU,RA,REBS+ASTS,1,9.5,UNDER,STANDARD,0,1,9.5,0,0,standard,2026-02-25T20:10:00.000-05:00,2026-02-24T20:52:15.735000+00:00
10100970|Reed Sheppard|PRA|STANDARD|21.5|OVER,10100970,Reed Sheppard,HOU,PRA,PTS+REBS+ASTS,1,21.5,OVER,STANDARD,1,0,21.5,0,0,standard,2026-02-25T20:10:00.000-05:00,2026-02-24T20:52:15.726000+00:00
10100970|Reed Sheppard|PRA|STANDARD|21.5|UNDER,10100970,Reed Sheppard,HOU,PRA,PTS+REBS+ASTS,1,21.5,UNDER,STANDARD,0,1,21.5,0,0,standard,2026-02-25T20:10:00.000-05:00,2026-02-24T20:52:15.726000+00:00
10100985|Russell Westbrook|PTS|STANDARD|12.5|OVER,10100985,Russell Westbrook,SAC,PTS,POINTS,1,12.5,OVER,STANDARD,1,0,12.5,0,0,standard,2026-02-25T20:10:00.000-05:00,2026-02-24T20:50:53.634000+00:00
10100985|Russell Westbrook|PTS|STANDARD|12.5|UNDER,10100985,Russell Westbrook,SAC,PTS,POINTS,1,12.5,UNDER,STANDARD,0,1,12.5,0,0,standard,2026-02-25T20:10:00.000-05:00,2026-02-24T20:50:53.634000+00:00
10100901|Maxime Raynaud|PR|STANDARD|22.5|OVER,10100901,Maxime Raynaud,SAC,PR,PTS+REBS,1,22.5,OVER,STANDARD,1,0,22.5,0,0,standard,2026-02-25T20:10:00.000-05:00,2026-02-24T20:50:53.613000+00:00
10100901|Maxime Raynaud|PR|STANDARD|22.5|UNDER,10100901,Maxime Raynaud,SAC,PR,PTS+REBS,1,22.5,UNDER,STANDARD,0,1,22.5,0,0,standard,2026-02-25T20:10:00.000-05:00,2026-02-24T20:50:53.613000+00:00
10086523|Donovan Clingan|PTS|DEMON|16.5|OVER,10086523,Donovan Clingan,POR,PTS,POINTS,1,16.5,OVER,DEMON,1,0,16.5,0,0,demon,2026-02-24T22:10:00.000-05:00,2026-02-24T20:50:52.618000+00:00
10086519|Donovan Clingan|PERSONAL FOULS|GOBLIN|2.5|OVER,10086519,Donovan Clingan,POR,PERSONAL FOULS,PERSONAL FOULS,0,2.5,OVER,GOBLIN,1,0,2.5,0,0,goblin,2026-02-24T22:10:00.000-05:00,2026-02-24T20:50:52.489000+00:00
10092465|Donovan Clingan|TOV|STANDARD|1.5|OVER,10092465,Donovan Clingan,POR,TOV,TURNOVERS,1,1.5,OVER,STANDARD,1,0,1.5,0,0,standard,2026-02-24T22:10:00.000-05:00,2026-02-24T20:50:52.471000+00:00
10092465|Donovan Clingan|TOV|STANDARD|1.5|UNDER,10092465,Donovan Clingan,POR,TOV,TURNOVERS,1,1.5,UNDER,STANDARD,0,1,1.5,0,0,standard,2026-02-24T22:10:00.000-05:00,2026-02-24T20:50:52.471000+00:00
10092464|Donovan Clingan|FREE THROWS ATTEMPTED|DEMON|2.5|OVER,10092464,Donovan Clingan,POR,FREE THROWS ATTEMPTED,FREE THROWS ATTEMPTED,0,2.5,OVER,DEMON,1,0,2.5,0,0,demon,2026-02-24T22:10:00.000-05:00,2026-02-24T20:50:52.331000+00:00
10086504|Donovan Clingan|3-PT ATTEMPTED|STANDARD|3.5|OVER,10086504,Donovan Clingan,POR,3-PT ATTEMPTED,3-PT ATTEMPTED,0,3.5,OVER,STANDARD,1,0,3.5,0,0,standard,2026-02-24T22:10:00.000-05:00,2026-02-24T20:50:52.176000+00:00
10086504|Donovan Clingan|3-PT ATTEMPTED|STANDARD|3.5|UNDER,10086504,Donovan Clingan,POR,3-PT ATTEMPTED,3-PT ATTEMPTED,0,3.5,UNDER,STANDARD,0,1,3.5,0,0,standard,2026-02-24T22:10:00.000-05:00,2026-02-24T20:50:52.176000+00:00
10100949|Precious Achiuwa|PRA|STANDARD|16.5|OVER,10100949,Precious Achiuwa,SAC,PRA,PTS+REBS+ASTS,1,16.5,OVER,STANDARD,1,0,16.5,0,0,standard,2026-02-25T20:10:00.000-05:00,2026-02-24T20:50:38.511000+00:00
10100949|Precious Achiuwa|PRA|STANDARD|16.5|UNDER,10100949,Precious Achiuwa,SAC,PRA,PTS+REBS+ASTS,1,16.5,UNDER,STANDARD,0,1,16.5,0,0,standard,2026-02-25T20:10:00.000-05:00,2026-02-24T20:50:38.511000+00:00
10100773|DeMar DeRozan|AST|DEMON|3.5|OVER,10100773,DeMar DeRozan,SAC,AST,ASSISTS,1,3.5,OVER,DEMON,1,0,3.5,0,0,demon,2026-02-25T20:10:00.000-05:00,2026-02-24T20:50:37.898000+00:00
10100818|Jabari Smith|PTS|STANDARD|15.5|OVER,10100818,Jabari Smith,HOU,PTS,POINTS,1,15.5,OVER,STANDARD,1,0,15.5,0,0,standard,2026-02-25T20:10:00.000-05:00,2026-02-24T20:50:30.265000+00:00
10100818|Jabari Smith|PTS|STANDARD|15.5|UNDER,10100818,Jabari Smith,HOU,PTS,POINTS,1,15.5,UNDER,STANDARD,0,1,15.5,0,0,standard,2026-02-25T20:10:00.000-05:00,2026-02-24T20:50:30.265000+00:00
10100821|Jabari Smith|PRA|STANDARD|24.5|OVER,10100821,Jabari Smith,HOU,PRA,PTS+REBS+ASTS,1,24.5,OVER,STANDARD,1,0,24.5,0,0,standard,2026-02-25T20:10:00.000-05:00,2026-02-24T20:50:29.384000+00:00
10100821|Jabari Smith|PRA|STANDARD|24.5|UNDER,10100821,Jabari Smith,HOU,PRA,PTS+REBS+ASTS,1,24.5,UNDER,STANDARD,0,1,24.5,0,0,standard,2026-02-25T20:10:00.000-05:00,2026-02-24T20:50:29.384000+00:00
10087065|Vít Krejčí|STL|STANDARD|0.5|OVER,10087065,Vít Krejčí,POR,STL,STEALS,1,0.5,OVER,STANDARD,1,0,0.5,0,0,standard,2026-02-24T22:10:00.000-05:00,2026-02-24T20:49:53.919000+00:00
10087065|Vít Krejčí|STL|STANDARD|0.5|UNDER,10087065,Vít Krejčí,POR,STL,STEALS,1,0.5,UNDER,STANDARD,0,1,0.5,0,0,standard,2026-02-24T22:10:00.000-05:00,2026-02-24T20:49:53.919000+00:00
10086694|Jrue Holiday|FREE THROWS MADE|GOBLIN|1.5|OVER,10086694,Jrue Holiday,POR,FREE THROWS MADE,FREE THROWS MADE,0,1.5,OVER,GOBLIN,1,0,1.5,0,0,goblin,2026-02-24T22:10:00.000-05:00,2026-02-24T20:49:52.727000+00:00
10087052|Vít Krejčí|PERSONAL FOULS|STANDARD|1.5|OVER,10087052,Vít Krejčí,POR,PERSONAL FOULS,PERSONAL FOULS,0,1.5,OVER,STANDARD,1,0,1.5,0,0,standard,2026-02-24T22:10:00.000-05:00,2026-02-24T20:49:52.113000+00:00
10087052|Vít Krejčí|PERSONAL FOULS|STANDARD|1.5|UNDER,10087052,Vít Krejčí,POR,PERSONAL FOULS,PERSONAL FOULS,0,1.5,UNDER,STANDARD,0,1,1.5,0,0,standard,2026-02-24T22:10:00.000-05:00,2026-02-24T20:49:52.113000+00:00
10086441|Anthony Edwards|PERSONAL FOULS|DEMON|2.5|OVER,10086441,Anthony Edwards,MIN,PERSONAL FOULS,PERSONAL FOULS,0,2.5,OVER,DEMON,1,0,2.5,0,0,demon,2026-02-24T22:10:00.000-05:00,2026-02-24T20:49:52.097000+00:00
10100771|DeMar DeRozan|FG3M|DEMON|0.5|OVER,10100771,DeMar DeRozan,SAC,FG3M,3-PT MADE,1,0.5,OVER,DEMON,1,0,0.5,0,0,demon,2026-02-25T20:10:00.000-05:00,2026-02-24T20:49:51.512000+00:00
10087018|Toumani Camara|PRA|STANDARD|21.5|OVER,10087018,Toumani Camara,POR,PRA,PTS+REBS+ASTS,1,21.5,OVER,STANDARD,1,0,21.5,0,0,standard,2026-02-24T22:10:00.000-05:00,2026-02-24T20:49:51.295000+00:00
10087018|Toumani Camara|PRA|STANDARD|21.5|UNDER,10087018,Toumani Camara,POR,PRA,PTS+REBS+ASTS,1,21.5,UNDER,STANDARD,0,1,21.5,0,0,standard,2026-02-24T22:10:00.000-05:00,2026-02-24T20:49:51.295000+00:00
10086978|Sidy Cissoko|PRA|STANDARD|9.5|OVER,10086978,Sidy Cissoko,POR,PRA,PTS+REBS+ASTS,1,9.5,OVER,STANDARD,1,0,9.5,0,0,standard,2026-02-24T22:10:00.000-05:00,2026-02-24T20:48:05.928000+00:00
10086978|Sidy Cissoko|PRA|STANDARD|9.5|UNDER,10086978,Sidy Cissoko,POR,PRA,PTS+REBS+ASTS,1,9.5,UNDER,STANDARD,0,1,9.5,0,0,standard,2026-02-24T22:10:00.000-05:00,2026-02-24T20:48:05.928000+00:00
10088734|Ayo Dosunmu|PRA|DEMON|24.5|OVER,10088734,Ayo Dosunmu,MIN,PRA,PTS+REBS+ASTS,1,24.5,OVER,DEMON,1,0,24.5,0,0,demon,2026-02-24T22:10:00.000-05:00,2026-02-24T20:47:08.756000+00:00
10089383|Baylor Scheierman|PR|DEMON|19.5|OVER,10089383,Baylor Scheierman,BOS,PR,PTS+REBS,1,19.5,OVER,DEMON,1,0,19.5,0,0,demon,2026-02-24T21:10:00.000-05:00,2026-02-24T20:46:25.106000+00:00
10100998|Tari Eason|BLOCKED SHOTS|DEMON|0.5|OVER,10100998,Tari Eason,HOU,BLOCKED SHOTS,BLOCKED SHOTS,0,0.5,OVER,DEMON,1,0,0.5,0,0,demon,2026-02-25T20:10:00.000-05:00,2026-02-24T20:46:06.512000+00:00
10100997|Tari Eason|BS|GOBLIN|1.5|OVER,10100997,Tari Eason,HOU,BS,BLKS+STLS,1,1.5,OVER,GOBLIN,1,0,1.5,0,0,goblin,2026-02-25T20:10:00.000-05:00,2026-02-24T20:46:06.320000+00:00
10100994|Tari Eason|FG3M|DEMON|2.5|OVER,10100994,Tari Eason,HOU,FG3M,3-PT MADE,1,2.5,OVER,DEMON,1,0,2.5,0,0,demon,2026-02-25T20:10:00.000-05:00,2026-02-24T20:46:05.807000+00:00
10100972|Reed Sheppard|REB|GOBLIN|2.5|OVER,10100972,Reed Sheppard,HOU,REB,REBOUNDS,1,2.5,OVER,GOBLIN,1,0,2.5,0,0,goblin,2026-02-25T20:10:00.000-05:00,2026-02-24T20:46:01.354000+00:00
10100960|Reed Sheppard|BLOCKED SHOTS|DEMON|0.5|OVER,10100960,Reed Sheppard,HOU,BLOCKED SHOTS,BLOCKED SHOTS,0,0.5,OVER,DEMON,1,0,0.5,0,0,demon,2026-02-25T20:10:00.000-05:00,2026-02-24T20:45:59.306000+00:00
10100959|Reed Sheppard|BS|GOBLIN|1.5|OVER,10100959,Reed Sheppard,HOU,BS,BLKS+STLS,1,1.5,OVER,GOBLIN,1,0,1.5,0,0,goblin,2026-02-25T20:10:00.000-05:00,2026-02-24T20:45:59.120000+00:00
10100953|Precious Achiuwa|STL|GOBLIN|0.5|OVER,10100953,Precious Achiuwa,SAC,STL,STEALS,1,0.5,OVER,GOBLIN,1,0,0.5,0,0,goblin,2026-02-25T20:10:00.000-05:00,2026-02-24T20:45:58.068000+00:00
10100934|Precious Achiuwa|AST|DEMON|1.5|OVER,10100934,Precious Achiuwa,SAC,AST,ASSISTS,1,1.5,OVER,DEMON,1,0,1.5,0,0,demon,2026-02-25T20:10:00.000-05:00,2026-02-24T20:45:56.287000+00:00
10100922|Nique Clifford|REB|GOBLIN|3.5|OVER,10100922,Nique Clifford,SAC,REB,REBOUNDS,1,3.5,OVER,GOBLIN,1,0,3.5,0,0,goblin,2026-02-25T20:10:00.000-05:00,2026-02-24T20:45:54.987000+00:00
10100911|Nique Clifford|BLOCKED SHOTS|DEMON|0.5|OVER,10100911,Nique Clifford,SAC,BLOCKED SHOTS,BLOCKED SHOTS,0,0.5,OVER,DEMON,1,0,0.5,0,0,demon,2026-02-25T20:10:00.000-05:00,2026-02-24T20:45:53.148000+00:00
10100909|Nique Clifford|FG3M|GOBLIN|0.5|OVER,10100909,Nique Clifford,SAC,FG3M,3-PT MADE,1,0.5,OVER,GOBLIN,1,0,0.5,0,0,goblin,2026-02-25T20:10:00.000-05:00,2026-02-24T20:45:52.780000+00:00
10100906|Maxime Raynaud|TOV|DEMON|1.5|OVER,10100906,Maxime Raynaud,SAC,TOV,TURNOVERS,1,1.5,OVER,DEMON,1,0,1.5,0,0,demon,2026-02-25T20:10:00.000-05:00,2026-02-24T20:45:52.226000+00:00
10100905|Maxime Raynaud|STL|GOBLIN|0.5|OVER,10100905,Maxime Raynaud,SAC,STL,STEALS,1,0.5,OVER,GOBLIN,1,0,0.5,0,0,goblin,2026-02-25T20:10:00.000-05:00,2026-02-24T20:45:52.030000+00:00
10100886|Malik Monk|RA|GOBLIN|4.5|OVER,10100886,Malik Monk,SAC,RA,REBS+ASTS,1,4.5,OVER,GOBLIN,1,0,4.5,0,0,goblin,2026-02-25T20:10:00.000-05:00,2026-02-24T20:45:48.690000+00:00
10100882|Malik Monk|PR|STANDARD|13.5|OVER,10100882,Malik Monk,SAC,PR,PTS+REBS,1,13.5,OVER,STANDARD,1,0,13.5,0,0,standard,2026-02-25T20:10:00.000-05:00,2026-02-24T20:45:48.041000+00:00
10100882|Malik Monk|PR|STANDARD|13.5|UNDER,10100882,Malik Monk,SAC,PR,PTS+REBS,1,13.5,UNDER,STANDARD,0,1,13.5,0,0,standard,2026-02-25T20:10:00.000-05:00,2026-02-24T20:45:48.041000+00:00
10100873|Malik Monk|BLOCKED SHOTS|DEMON|0.5|OVER,10100873,Malik Monk,SAC,BLOCKED SHOTS,BLOCKED SHOTS,0,0.5,OVER,DEMON,1,0,0.5,0,0,demon,2026-02-25T20:10:00.000-05:00,2026-02-24T20:45:46.556000+00:00
10100865|Kevin Durant|STL|GOBLIN|0.5|OVER,10100865,Kevin Durant,HOU,STL,STEALS,1,0.5,OVER,GOBLIN,1,0,0.5,0,0,goblin,2026-02-25T20:10:00.000-05:00,2026-02-24T20:45:45.100000+00:00
10100845|Keegan Murray|STL|GOBLIN|0.5|OVER,10100845,Keegan Murray,SAC,STL,STEALS,1,0.5,OVER,GOBLIN,1,0,0.5,0,0,goblin,2026-02-25T20:10:00.000-05:00,2026-02-24T20:45:41.672000+00:00
10100841|Keegan Murray|PA|STANDARD|16.5|OVER,10100841,Keegan Murray,SAC,PA,PTS+ASTS,1,16.5,OVER,STANDARD,1,0,16.5,0,0,standard,2026-02-25T20:10:00.000-05:00,2026-02-24T20:45:40.939000+00:00
10100841|Keegan Murray|PA|STANDARD|16.5|UNDER,10100841,Keegan Murray,SAC,PA,PTS+ASTS,1,16.5,UNDER,STANDARD,0,1,16.5,0,0,standard,2026-02-25T20:10:00.000-05:00,2026-02-24T20:45:40.939000+00:00
10100833|Keegan Murray|BLOCKED SHOTS|DEMON|1.5|OVER,10100833,Keegan Murray,SAC,BLOCKED SHOTS,BLOCKED SHOTS,0,1.5,OVER,DEMON,1,0,1.5,0,0,demon,2026-02-25T20:10:00.000-05:00,2026-02-24T20:45:39.587000+00:00
10100826|Jabari Smith|TOV|DEMON|1.5|OVER,10100826,Jabari Smith,HOU,TOV,TURNOVERS,1,1.5,OVER,DEMON,1,0,1.5,0,0,demon,2026-02-25T20:10:00.000-05:00,2026-02-24T20:45:38.318000+00:00
10100825|Jabari Smith|STL|GOBLIN|0.5|OVER,10100825,Jabari Smith,HOU,STL,STEALS,1,0.5,OVER,GOBLIN,1,0,0.5,0,0,goblin,2026-02-25T20:10:00.000-05:00,2026-02-24T20:45:38.130000+00:00
10100809|Jabari Smith|AST|GOBLIN|1.5|OVER,10100809,Jabari Smith,HOU,AST,ASSISTS,1,1.5,OVER,GOBLIN,1,0,1.5,0,0,goblin,2026-02-25T20:10:00.000-05:00,2026-02-24T20:45:34.980000+00:00
10100793|Dorian Finney-Smith|BLOCKED SHOTS|DEMON|0.5|OVER,10100793,Dorian Finney-Smith,HOU,BLOCKED SHOTS,BLOCKED SHOTS,0,0.5,OVER,DEMON,1,0,0.5,0,0,demon,2026-02-25T20:10:00.000-05:00,2026-02-24T20:45:32.182000+00:00
10100791|Dorian Finney-Smith|AST|GOBLIN|0.5|OVER,10100791,Dorian Finney-Smith,HOU,AST,ASSISTS,1,0.5,OVER,GOBLIN,1,0,0.5,0,0,goblin,2026-02-25T20:10:00.000-05:00,2026-02-24T20:45:31.820000+00:00
10098015|Derrick White|QUARTERS WITH 5+ POINTS|DEMON|3.5|OVER,10098015,Derrick White,BOS,QUARTERS WITH 5+ POINTS,QUARTERS WITH 5+ POINTS,0,3.5,OVER,DEMON,1,0,3.5,0,0,demon,2026-02-24T21:10:00.000-05:00,2026-02-24T20:44:04.059000+00:00
10094667|Julius Randle|QUARTERS WITH 5+ POINTS|DEMON|3.5|OVER,10094667,Julius Randle,MIN,QUARTERS WITH 5+ POINTS,QUARTERS WITH 5+ POINTS,0,3.5,OVER,DEMON,1,0,3.5,0,0,demon,2026-02-24T22:10:00.000-05:00,2026-02-24T20:44:04.047000+00:00
10092659|Deandre Ayton|PTS|GOBLIN|6.5|OVER,10092659,Deandre Ayton,LAL,PTS,POINTS,1,6.5,OVER,GOBLIN,1,0,6.5,0,0,goblin,2026-02-24T22:40:00.000-05:00,2026-02-24T20:43:39.573000+00:00
10094142|Rudy Gobert|OFFENSIVE REBOUNDS|STANDARD|3.5|OVER,10094142,Rudy Gobert,MIN,OFFENSIVE REBOUNDS,OFFENSIVE REBOUNDS,0,3.5,OVER,STANDARD,1,0,3.5,0,0,standard,2026-02-24T22:10:00.000-05:00,2026-02-24T20:39:50.842000+00:00
10094142|Rudy Gobert|OFFENSIVE REBOUNDS|STANDARD|3.5|UNDER,10094142,Rudy Gobert,MIN,OFFENSIVE REBOUNDS,OFFENSIVE REBOUNDS,0,3.5,UNDER,STANDARD,0,1,3.5,0,0,standard,2026-02-24T22:10:00.000-05:00,2026-02-24T20:39:50.842000+00:00
10094151|Rudy Gobert|DEFENSIVE REBOUNDS|STANDARD|7.5|OVER,10094151,Rudy Gobert,MIN,DEFENSIVE REBOUNDS,DEFENSIVE REBOUNDS,0,7.5,OVER,STANDARD,1,0,7.5,0,0,standard,2026-02-24T22:10:00.000-05:00,2026-02-24T20:39:50.748000+00:00
10094151|Rudy Gobert|DEFENSIVE REBOUNDS|STANDARD|7.5|UNDER,10094151,Rudy Gobert,MIN,DEFENSIVE REBOUNDS,DEFENSIVE REBOUNDS,0,7.5,UNDER,STANDARD,0,1,7.5,0,0,standard,2026-02-24T22:10:00.000-05:00,2026-02-24T20:39:50.748000+00:00
10086729|Julius Randle|AST|DEMON|6.5|OVER,10086729,Julius Randle,MIN,AST,ASSISTS,1,6.5,OVER,DEMON,1,0,6.5,0,0,demon,2026-02-24T22:10:00.000-05:00,2026-02-24T20:37:12.620000+00:00
10086482|Ayo Dosunmu|PERSONAL FOULS|GOBLIN|1.5|OVER,10086482,Ayo Dosunmu,MIN,PERSONAL FOULS,PERSONAL FOULS,0,1.5,OVER,GOBLIN,1,0,1.5,0,0,goblin,2026-02-24T22:10:00.000-05:00,2026-02-24T20:36:46.777000+00:00
10100583|LeBron James|REB|STANDARD|5.5|OVER,10100583,LeBron James,LAL,REB,REBOUNDS,1,5.5,OVER,STANDARD,1,0,5.5,0,0,standard,2026-02-24T22:40:00.000-05:00,2026-02-24T20:35:38.338000+00:00
10100583|LeBron James|REB|STANDARD|5.5|UNDER,10100583,LeBron James,LAL,REB,REBOUNDS,1,5.5,UNDER,STANDARD,0,1,5.5,0,0,standard,2026-02-24T22:40:00.000-05:00,2026-02-24T20:35:38.338000+00:00
10065886|Payton Pritchard|FG3M|GOBLIN|1.5|OVER,10065886,Payton Pritchard,BOS,FG3M,3-PT MADE,1,1.5,OVER,GOBLIN,1,0,1.5,0,0,goblin,2026-02-24T21:10:00.000-05:00,2026-02-24T20:34:55.185000+00:00
10086460|Anthony Edwards|REB|DEMON|8.5|OVER,10086460,Anthony Edwards,MIN,REB,REBOUNDS,1,8.5,OVER,DEMON,1,0,8.5,0,0,demon,2026-02-24T22:10:00.000-05:00,2026-02-24T20:32:11.798000+00:00
10089346|Luka Dončić|PA|DEMON|54.5|OVER,10089346,Luka Dončić,LAL,PA,PTS+ASTS,1,54.5,OVER,DEMON,1,0,54.5,0,0,demon,2026-02-24T22:40:00.000-05:00,2026-02-24T20:28:33.102000+00:00
10097095|Jaden McDaniels|PRA|GOBLIN|18.5|OVER,10097095,Jaden McDaniels,MIN,PRA,PTS+REBS+ASTS,1,18.5,OVER,GOBLIN,1,0,18.5,0,0,goblin,2026-02-24T22:10:00.000-05:00,2026-02-24T20:27:10.048000+00:00
10086617|Jaden McDaniels|PRA|DEMON|25.5|OVER,10086617,Jaden McDaniels,MIN,PRA,PTS+REBS+ASTS,1,25.5,OVER,DEMON,1,0,25.5,0,0,demon,2026-02-24T22:10:00.000-05:00,2026-02-24T20:27:10.028000+00:00
10087057|Vít Krejčí|PTS|DEMON|10.5|OVER,10087057,Vít Krejčí,POR,PTS,POINTS,1,10.5,OVER,DEMON,1,0,10.5,0,0,demon,2026-02-24T22:10:00.000-05:00,2026-02-24T20:27:09.367000+00:00
10086837|Naz Reid|STL|GOBLIN|0.5|OVER,10086837,Naz Reid,MIN,STL,STEALS,1,0.5,OVER,GOBLIN,1,0,0.5,0,0,goblin,2026-02-24T22:10:00.000-05:00,2026-02-24T20:27:09.229000+00:00
10087055|Vít Krejčí|PTS|GOBLIN|6.5|OVER,10087055,Vít Krejčí,POR,PTS,POINTS,1,6.5,OVER,GOBLIN,1,0,6.5,0,0,goblin,2026-02-24T22:10:00.000-05:00,2026-02-24T20:27:09.171000+00:00
10087059|Vít Krejčí|PTS|DEMON|11.5|OVER,10087059,Vít Krejčí,POR,PTS,POINTS,1,11.5,OVER,DEMON,1,0,11.5,0,0,demon,2026-02-24T22:10:00.000-05:00,2026-02-24T20:27:09.164000+00:00
10086839|Naz Reid|STL|DEMON|2.5|OVER,10086839,Naz Reid,MIN,STL,STEALS,1,2.5,OVER,DEMON,1,0,2.5,0,0,demon,2026-02-24T22:10:00.000-05:00,2026-02-24T20:27:09.137000+00:00
10086810|Naz Reid|BLOCKED SHOTS|DEMON|1.5|OVER,10086810,Naz Reid,MIN,BLOCKED SHOTS,BLOCKED SHOTS,0,1.5,OVER,DEMON,1,0,1.5,0,0,demon,2026-02-24T22:10:00.000-05:00,2026-02-24T20:27:09.086000+00:00
10098054|Derrick White|FG3M|DEMON|5.5|OVER,10098054,Derrick White,BOS,FG3M,3-PT MADE,1,5.5,OVER,DEMON,1,0,5.5,0,0,demon,2026-02-24T21:10:00.000-05:00,2026-02-24T20:25:24.564000+00:00
10086907|Rudy Gobert|REB|STANDARD|11|OVER,10086907,Rudy Gobert,MIN,REB,REBOUNDS,1,11.0,OVER,STANDARD,1,0,11.0,0,0,standard,2026-02-24T22:10:00.000-05:00,2026-02-24T20:22:30.753000+00:00
10086907|Rudy Gobert|REB|STANDARD|11|UNDER,10086907,Rudy Gobert,MIN,REB,REBOUNDS,1,11.0,UNDER,STANDARD,0,1,11.0,0,0,standard,2026-02-24T22:10:00.000-05:00,2026-02-24T20:22:30.753000+00:00
10089411|Sam Hauser|PR|DEMON|19.5|OVER,10089411,Sam Hauser,BOS,PR,PTS+REBS,1,19.5,OVER,DEMON,1,0,19.5,0,0,demon,2026-02-24T21:10:00.000-05:00,2026-02-24T20:21:04.874000+00:00
10100536|Payton Pritchard|TOV|DEMON|2.5|OVER,10100536,Payton Pritchard,BOS,TOV,TURNOVERS,1,2.5,OVER,DEMON,1,0,2.5,0,0,demon,2026-02-24T21:10:00.000-05:00,2026-02-24T20:19:06.873000+00:00
10095132|Payton Pritchard|FANTASY SCORE|STANDARD|38.5|OVER,10095132,Payton Pritchard,BOS,FANTASY SCORE,FANTASY SCORE,0,38.5,OVER,STANDARD,1,0,38.5,0,0,standard,2026-02-24T21:10:00.000-05:00,2026-02-24T20:14:59.522000+00:00
10095132|Payton Pritchard|FANTASY SCORE|STANDARD|38.5|UNDER,10095132,Payton Pritchard,BOS,FANTASY SCORE,FANTASY SCORE,0,38.5,UNDER,STANDARD,0,1,38.5,0,0,standard,2026-02-24T21:10:00.000-05:00,2026-02-24T20:14:59.522000+00:00
10097044|Baylor Scheierman|PRA|GOBLIN|13.5|OVER,10097044,Baylor Scheierman,BOS,PRA,PTS+REBS+ASTS,1,13.5,OVER,GOBLIN,1,0,13.5,0,0,goblin,2026-02-24T21:10:00.000-05:00,2026-02-24T20:14:13.790000+00:00
10083359|Derrick White|PA|DEMON|34.5|OVER,10083359,Derrick White,BOS,PA,PTS+ASTS,1,34.5,OVER,DEMON,1,0,34.5,0,0,demon,2026-02-24T21:10:00.000-05:00,2026-02-24T20:11:52.691000+00:00
10089189|Jalen Suggs|PA|DEMON|24.5|OVER,10089189,Jalen Suggs,ORL,PA,PTS+ASTS,1,24.5,OVER,DEMON,1,0,24.5,0,0,demon,2026-02-24T22:40:00.000-05:00,2026-02-24T20:08:48.533000+00:00
10086595|Jaden McDaniels|AST|DEMON|4.5|OVER,10086595,Jaden McDaniels,MIN,AST,ASSISTS,1,4.5,OVER,DEMON,1,0,4.5,0,0,demon,2026-02-24T22:10:00.000-05:00,2026-02-24T20:07:00.477000+00:00
10077432|Deandre Ayton|STL|DEMON|0.5|OVER,10077432,Deandre Ayton,LAL,STL,STEALS,1,0.5,OVER,DEMON,1,0,0.5,0,0,demon,2026-02-24T22:40:00.000-05:00,2026-02-24T20:06:48.823000+00:00
10096494|Ayo Dosunmu|RA|DEMON|8.5|OVER,10096494,Ayo Dosunmu,MIN,RA,REBS+ASTS,1,8.5,OVER,DEMON,1,0,8.5,0,0,demon,2026-02-24T22:10:00.000-05:00,2026-02-24T20:06:48.727000+00:00
10096623|Moritz Wagner|STL|STANDARD|0.5|OVER,10096623,Moritz Wagner,ORL,STL,STEALS,1,0.5,OVER,STANDARD,1,0,0.5,0,0,standard,2026-02-24T22:40:00.000-05:00,2026-02-24T20:06:07.220000+00:00
10096623|Moritz Wagner|STL|STANDARD|0.5|UNDER,10096623,Moritz Wagner,ORL,STL,STEALS,1,0.5,UNDER,STANDARD,0,1,0.5,0,0,standard,2026-02-24T22:40:00.000-05:00,2026-02-24T20:06:07.220000+00:00
10065930|Payton Pritchard|RA|STANDARD|10.5|OVER,10065930,Payton Pritchard,BOS,RA,REBS+ASTS,1,10.5,OVER,STANDARD,1,0,10.5,0,0,standard,2026-02-24T21:10:00.000-05:00,2026-02-24T20:05:44.338000+00:00
10065930|Payton Pritchard|RA|STANDARD|10.5|UNDER,10065930,Payton Pritchard,BOS,RA,REBS+ASTS,1,10.5,UNDER,STANDARD,0,1,10.5,0,0,standard,2026-02-24T21:10:00.000-05:00,2026-02-24T20:05:44.338000+00:00
10093739|Jalen Suggs|TOV|GOBLIN|1.5|OVER,10093739,Jalen Suggs,ORL,TOV,TURNOVERS,1,1.5,OVER,GOBLIN,1,0,1.5,0,0,goblin,2026-02-24T22:40:00.000-05:00,2026-02-24T20:04:27.495000+00:00
10099554|Jalen Suggs|AST|GOBLIN|3.5|OVER,10099554,Jalen Suggs,ORL,AST,ASSISTS,1,3.5,OVER,GOBLIN,1,0,3.5,0,0,goblin,2026-02-24T22:40:00.000-05:00,2026-02-24T20:04:06.694000+00:00
10077496|Jalen Suggs|PERSONAL FOULS|GOBLIN|2.5|OVER,10077496,Jalen Suggs,ORL,PERSONAL FOULS,PERSONAL FOULS,0,2.5,OVER,GOBLIN,1,0,2.5,0,0,goblin,2026-02-24T22:40:00.000-05:00,2026-02-24T20:02:55.733000+00:00
10086517|Donovan Clingan|FG MADE|DEMON|5.5|OVER,10086517,Donovan Clingan,POR,FG MADE,FG MADE,0,5.5,OVER,DEMON,1,0,5.5,0,0,demon,2026-02-24T22:10:00.000-05:00,2026-02-24T20:02:39.559000+00:00
10097799|Donte DiVincenzo|FG ATTEMPTED|STANDARD|8.5|OVER,10097799,Donte DiVincenzo,MIN,FG ATTEMPTED,FG ATTEMPTED,0,8.5,OVER,STANDARD,1,0,8.5,0,0,standard,2026-02-24T22:10:00.000-05:00,2026-02-24T19:59:38.004000+00:00
10097799|Donte DiVincenzo|FG ATTEMPTED|STANDARD|8.5|UNDER,10097799,Donte DiVincenzo,MIN,FG ATTEMPTED,FG ATTEMPTED,0,8.5,UNDER,STANDARD,0,1,8.5,0,0,standard,2026-02-24T22:10:00.000-05:00,2026-02-24T19:59:38.004000+00:00
10099572|Paolo Banchero|RA|GOBLIN|10.5|OVER,10099572,Paolo Banchero,ORL,RA,REBS+ASTS,1,10.5,OVER,GOBLIN,1,0,10.5,0,0,goblin,2026-02-24T22:40:00.000-05:00,2026-02-24T19:59:04.763000+00:00
10093741|Tristan Silva|REB|DEMON|3.5|OVER,10093741,Tristan Silva,ORL,REB,REBOUNDS,1,3.5,OVER,DEMON,1,0,3.5,0,0,demon,2026-02-24T22:40:00.000-05:00,2026-02-24T19:58:54.341000+00:00
10071629|Grayson Allen|STL|DEMON|1.5|OVER,10071629,Grayson Allen,PHX,STL,STEALS,1,1.5,OVER,DEMON,1,0,1.5,0,0,demon,2026-02-24T21:10:00.000-05:00,2026-02-24T19:58:10.606000+00:00
10099560|LeBron James|AST|GOBLIN|4.5|OVER,10099560,LeBron James,LAL,AST,ASSISTS,1,4.5,OVER,GOBLIN,1,0,4.5,0,0,goblin,2026-02-24T22:40:00.000-05:00,2026-02-24T19:57:10.987000+00:00
10089407|Sam Hauser|PTS|GOBLIN|5.5|OVER,10089407,Sam Hauser,BOS,PTS,POINTS,1,5.5,OVER,GOBLIN,1,0,5.5,0,0,goblin,2026-02-24T21:10:00.000-05:00,2026-02-24T19:56:47.677000+00:00
10088725|Anthony Edwards|PR|DEMON|44.5|OVER,10088725,Anthony Edwards,MIN,PR,PTS+REBS,1,44.5,OVER,DEMON,1,0,44.5,0,0,demon,2026-02-24T22:10:00.000-05:00,2026-02-24T19:56:10.923000+00:00
10065682|Anthony Black|PRA|STANDARD|24|OVER,10065682,Anthony Black,ORL,PRA,PTS+REBS+ASTS,1,24.0,OVER,STANDARD,1,0,24.0,0,0,standard,2026-02-24T22:40:00.000-05:00,2026-02-24T19:55:25.987000+00:00
10065682|Anthony Black|PRA|STANDARD|24|UNDER,10065682,Anthony Black,ORL,PRA,PTS+REBS+ASTS,1,24.0,UNDER,STANDARD,0,1,24.0,0,0,standard,2026-02-24T22:40:00.000-05:00,2026-02-24T19:55:25.987000+00:00
10095915|Deandre Ayton|FG ATTEMPTED|DEMON|6.5|OVER,10095915,Deandre Ayton,LAL,FG ATTEMPTED,FG ATTEMPTED,0,6.5,OVER,DEMON,1,0,6.5,0,0,demon,2026-02-24T22:40:00.000-05:00,2026-02-24T19:55:01.169000+00:00
10092472|Austin Reaves|FREE THROWS MADE|DEMON|5.5|OVER,10092472,Austin Reaves,LAL,FREE THROWS MADE,FREE THROWS MADE,0,5.5,OVER,DEMON,1,0,5.5,0,0,demon,2026-02-24T22:40:00.000-05:00,2026-02-24T19:54:39.563000+00:00
10099574|Rui Hachimura|PR|DEMON|15.5|OVER,10099574,Rui Hachimura,LAL,PR,PTS+REBS,1,15.5,OVER,DEMON,1,0,15.5,0,0,demon,2026-02-24T22:40:00.000-05:00,2026-02-24T19:54:25.262000+00:00
10086675|Jerami Grant|STL|DEMON|1.5|OVER,10086675,Jerami Grant,POR,STL,STEALS,1,1.5,OVER,DEMON,1,0,1.5,0,0,demon,2026-02-24T22:10:00.000-05:00,2026-02-24T19:52:30.667000+00:00
10079611|Wendell Carter|PRA|STANDARD|18.5|OVER,10079611,Wendell Carter,ORL,PRA,PTS+REBS+ASTS,1,18.5,OVER,STANDARD,1,0,18.5,0,0,standard,2026-02-24T22:40:00.000-05:00,2026-02-24T19:51:14.847000+00:00
10079611|Wendell Carter|PRA|STANDARD|18.5|UNDER,10079611,Wendell Carter,ORL,PRA,PTS+REBS+ASTS,1,18.5,UNDER,STANDARD,0,1,18.5,0,0,standard,2026-02-24T22:40:00.000-05:00,2026-02-24T19:51:14.847000+00:00
10065852|Jalen Green|PRA|STANDARD|28.5|OVER,10065852,Jalen Green,PHX,PRA,PTS+REBS+ASTS,1,28.5,OVER,STANDARD,1,0,28.5,0,0,standard,2026-02-24T21:10:00.000-05:00,2026-02-24T19:50:18.468000+00:00
10065852|Jalen Green|PRA|STANDARD|28.5|UNDER,10065852,Jalen Green,PHX,PRA,PTS+REBS+ASTS,1,28.5,UNDER,STANDARD,0,1,28.5,0,0,standard,2026-02-24T21:10:00.000-05:00,2026-02-24T19:50:18.468000+00:00
10094874|Luka Dončić|FANTASY SCORE|STANDARD|54.5|OVER,10094874,Luka Dončić,LAL,FANTASY SCORE,FANTASY SCORE,0,54.5,OVER,STANDARD,1,0,54.5,0,0,standard,2026-02-24T22:40:00.000-05:00,2026-02-24T19:49:18.202000+00:00
10094874|Luka Dončić|FANTASY SCORE|STANDARD|54.5|UNDER,10094874,Luka Dončić,LAL,FANTASY SCORE,FANTASY SCORE,0,54.5,UNDER,STANDARD,0,1,54.5,0,0,standard,2026-02-24T22:40:00.000-05:00,2026-02-24T19:49:18.202000+00:00
10087332|Anthony Black|FG MADE|GOBLIN|5.5|OVER,10087332,Anthony Black,ORL,FG MADE,FG MADE,0,5.5,OVER,GOBLIN,1,0,5.5,0,0,goblin,2026-02-24T22:40:00.000-05:00,2026-02-24T19:48:14.103000+00:00
10065895|Payton Pritchard|PA|STANDARD|28.5|OVER,10065895,Payton Pritchard,BOS,PA,PTS+ASTS,1,28.5,OVER,STANDARD,1,0,28.5,0,0,standard,2026-02-24T21:10:00.000-05:00,2026-02-24T19:47:36.004000+00:00
10065895|Payton Pritchard|PA|STANDARD|28.5|UNDER,10065895,Payton Pritchard,BOS,PA,PTS+ASTS,1,28.5,UNDER,STANDARD,0,1,28.5,0,0,standard,2026-02-24T21:10:00.000-05:00,2026-02-24T19:47:36.004000+00:00
10071679|Neemias Queta|PA|STANDARD|10.5|OVER,10071679,Neemias Queta,BOS,PA,PTS+ASTS,1,10.5,OVER,STANDARD,1,0,10.5,0,0,standard,2026-02-24T21:10:00.000-05:00,2026-02-24T19:46:58.104000+00:00
10071679|Neemias Queta|PA|STANDARD|10.5|UNDER,10071679,Neemias Queta,BOS,PA,PTS+ASTS,1,10.5,UNDER,STANDARD,0,1,10.5,0,0,standard,2026-02-24T21:10:00.000-05:00,2026-02-24T19:46:58.104000+00:00
10090135|Ayo Dosunmu|PRA|GOBLIN|16.5|OVER,10090135,Ayo Dosunmu,MIN,PRA,PTS+REBS+ASTS,1,16.5,OVER,GOBLIN,1,0,16.5,0,0,goblin,2026-02-24T22:10:00.000-05:00,2026-02-24T19:46:55.271000+00:00
10083970|Nikola Vučević|PRA|GOBLIN|21.5|OVER,10083970,Nikola Vučević,BOS,PRA,PTS+REBS+ASTS,1,21.5,OVER,GOBLIN,1,0,21.5,0,0,goblin,2026-02-24T21:10:00.000-05:00,2026-02-24T19:46:17.375000+00:00
10071892|Neemias Queta|PRA|DEMON|20.5|OVER,10071892,Neemias Queta,BOS,PRA,PTS+REBS+ASTS,1,20.5,OVER,DEMON,1,0,20.5,0,0,demon,2026-02-24T21:10:00.000-05:00,2026-02-24T19:46:17.311000+00:00
10090111|Grayson Allen|RA|GOBLIN|5.5|OVER,10090111,Grayson Allen,PHX,RA,REBS+ASTS,1,5.5,OVER,GOBLIN,1,0,5.5,0,0,goblin,2026-02-24T21:10:00.000-05:00,2026-02-24T19:46:16.237000+00:00
10093309|Tristan Silva|BLOCKED SHOTS|DEMON|0.5|OVER,10093309,Tristan Silva,ORL,BLOCKED SHOTS,BLOCKED SHOTS,0,0.5,OVER,DEMON,1,0,0.5,0,0,demon,2026-02-24T22:40:00.000-05:00,2026-02-24T19:45:14.243000+00:00
10085636|Marcus Smart|PR|STANDARD|9.5|OVER,10085636,Marcus Smart,LAL,PR,PTS+REBS,1,9.5,OVER,STANDARD,1,0,9.5,0,0,standard,2026-02-24T22:40:00.000-05:00,2026-02-24T19:44:44.043000+00:00
10085636|Marcus Smart|PR|STANDARD|9.5|UNDER,10085636,Marcus Smart,LAL,PR,PTS+REBS,1,9.5,UNDER,STANDARD,0,1,9.5,0,0,standard,2026-02-24T22:40:00.000-05:00,2026-02-24T19:44:44.043000+00:00
10098818|Sam Hauser|PR|DEMON|24.5|OVER,10098818,Sam Hauser,BOS,PR,PTS+REBS,1,24.5,OVER,DEMON,1,0,24.5,0,0,demon,2026-02-24T21:10:00.000-05:00,2026-02-24T19:43:51.376000+00:00
10086914|Rudy Gobert|STL|GOBLIN|0.5|OVER,10086914,Rudy Gobert,MIN,STL,STEALS,1,0.5,OVER,GOBLIN,1,0,0.5,0,0,goblin,2026-02-24T22:10:00.000-05:00,2026-02-24T19:42:19.589000+00:00
10086682|Jrue Holiday|FG3M|DEMON|4.5|OVER,10086682,Jrue Holiday,POR,FG3M,3-PT MADE,1,4.5,OVER,DEMON,1,0,4.5,0,0,demon,2026-02-24T22:10:00.000-05:00,2026-02-24T19:42:19.065000+00:00
10087006|Toumani Camara|FG ATTEMPTED|STANDARD|10.5|OVER,10087006,Toumani Camara,POR,FG ATTEMPTED,FG ATTEMPTED,0,10.5,OVER,STANDARD,1,0,10.5,0,0,standard,2026-02-24T22:10:00.000-05:00,2026-02-24T19:40:22.844000+00:00
10087006|Toumani Camara|FG ATTEMPTED|STANDARD|10.5|UNDER,10087006,Toumani Camara,POR,FG ATTEMPTED,FG ATTEMPTED,0,10.5,UNDER,STANDARD,0,1,10.5,0,0,standard,2026-02-24T22:10:00.000-05:00,2026-02-24T19:40:22.844000+00:00
10086691|Jrue Holiday|FG ATTEMPTED|STANDARD|16.5|OVER,10086691,Jrue Holiday,POR,FG ATTEMPTED,FG ATTEMPTED,0,16.5,OVER,STANDARD,1,0,16.5,0,0,standard,2026-02-24T22:10:00.000-05:00,2026-02-24T19:39:07.924000+00:00
10086691|Jrue Holiday|FG ATTEMPTED|STANDARD|16.5|UNDER,10086691,Jrue Holiday,POR,FG ATTEMPTED,FG ATTEMPTED,0,16.5,UNDER,STANDARD,0,1,16.5,0,0,standard,2026-02-24T22:10:00.000-05:00,2026-02-24T19:39:07.924000+00:00
10094670|Austin Reaves|QUARTERS WITH 5+ POINTS|DEMON|3.5|OVER,10094670,Austin Reaves,LAL,QUARTERS WITH 5+ POINTS,QUARTERS WITH 5+ POINTS,0,3.5,OVER,DEMON,1,0,3.5,0,0,demon,2026-02-24T22:40:00.000-05:00,2026-02-24T19:36:55.320000+00:00
10083730|Wendell Carter|TOV|GOBLIN|0.5|OVER,10083730,Wendell Carter,ORL,TOV,TURNOVERS,1,0.5,OVER,GOBLIN,1,0,0.5,0,0,goblin,2026-02-24T22:40:00.000-05:00,2026-02-24T19:35:38.019000+00:00
10097780|Nikola Vučević|FREE THROWS MADE|DEMON|1.5|OVER,10097780,Nikola Vučević,BOS,FREE THROWS MADE,FREE THROWS MADE,0,1.5,OVER,DEMON,1,0,1.5,0,0,demon,2026-02-24T21:10:00.000-05:00,2026-02-24T19:35:32.597000+00:00
10095017|Deandre Ayton|TWO POINTERS MADE|DEMON|4.5|OVER,10095017,Deandre Ayton,LAL,TWO POINTERS MADE,TWO POINTERS MADE,0,4.5,OVER,DEMON,1,0,4.5,0,0,demon,2026-02-24T22:40:00.000-05:00,2026-02-24T19:30:10.255000+00:00
10097474|Derrick White|TWO POINTERS ATTEMPTED|STANDARD|7.5|OVER,10097474,Derrick White,BOS,TWO POINTERS ATTEMPTED,TWO POINTERS ATTEMPTED,0,7.5,OVER,STANDARD,1,0,7.5,0,0,standard,2026-02-24T21:10:00.000-05:00,2026-02-24T19:29:36.093000+00:00
10097474|Derrick White|TWO POINTERS ATTEMPTED|STANDARD|7.5|UNDER,10097474,Derrick White,BOS,TWO POINTERS ATTEMPTED,TWO POINTERS ATTEMPTED,0,7.5,UNDER,STANDARD,0,1,7.5,0,0,standard,2026-02-24T21:10:00.000-05:00,2026-02-24T19:29:36.093000+00:00
10097065|Anthony Black|FREE THROWS MADE|DEMON|2.5|OVER,10097065,Anthony Black,ORL,FREE THROWS MADE,FREE THROWS MADE,0,2.5,OVER,DEMON,1,0,2.5,0,0,demon,2026-02-24T22:40:00.000-05:00,2026-02-24T19:29:33.063000+00:00
10085637|Marcus Smart|PRA|GOBLIN|9.5|OVER,10085637,Marcus Smart,LAL,PRA,PTS+REBS+ASTS,1,9.5,OVER,GOBLIN,1,0,9.5,0,0,goblin,2026-02-24T22:40:00.000-05:00,2026-02-24T19:28:06.235000+00:00
10083979|Sam Hauser|AST|DEMON|3.5|OVER,10083979,Sam Hauser,BOS,AST,ASSISTS,1,3.5,OVER,DEMON,1,0,3.5,0,0,demon,2026-02-24T21:10:00.000-05:00,2026-02-24T19:27:52.608000+00:00
10089384|Baylor Scheierman|PR|GOBLIN|9.5|OVER,10089384,Baylor Scheierman,BOS,PR,PTS+REBS,1,9.5,OVER,GOBLIN,1,0,9.5,0,0,goblin,2026-02-24T21:10:00.000-05:00,2026-02-24T19:27:34.094000+00:00
10071571|Baylor Scheierman|FG3M|STANDARD|1.5|OVER,10071571,Baylor Scheierman,BOS,FG3M,3-PT MADE,1,1.5,OVER,STANDARD,1,0,1.5,0,0,standard,2026-02-24T21:10:00.000-05:00,2026-02-24T19:27:27.626000+00:00
10071571|Baylor Scheierman|FG3M|STANDARD|1.5|UNDER,10071571,Baylor Scheierman,BOS,FG3M,3-PT MADE,1,1.5,UNDER,STANDARD,0,1,1.5,0,0,standard,2026-02-24T21:10:00.000-05:00,2026-02-24T19:27:27.626000+00:00
10069170|Derrick White|PR|GOBLIN|19.5|OVER,10069170,Derrick White,BOS,PR,PTS+REBS,1,19.5,OVER,GOBLIN,1,0,19.5,0,0,goblin,2026-02-24T21:10:00.000-05:00,2026-02-24T19:27:00.342000+00:00
10071710|Oso Ighodaro|PERSONAL FOULS|GOBLIN|1.5|OVER,10071710,Oso Ighodaro,PHX,PERSONAL FOULS,PERSONAL FOULS,0,1.5,OVER,GOBLIN,1,0,1.5,0,0,goblin,2026-02-24T21:10:00.000-05:00,2026-02-24T19:26:57.062000+00:00
10077391|Austin Reaves|PERSONAL FOULS|DEMON|2.5|OVER,10077391,Austin Reaves,LAL,PERSONAL FOULS,PERSONAL FOULS,0,2.5,OVER,DEMON,1,0,2.5,0,0,demon,2026-02-24T22:40:00.000-05:00,2026-02-24T19:26:57.062000+00:00
10077407|Deandre Ayton|PERSONAL FOULS|GOBLIN|2.5|OVER,10077407,Deandre Ayton,LAL,PERSONAL FOULS,PERSONAL FOULS,0,2.5,OVER,GOBLIN,1,0,2.5,0,0,goblin,2026-02-24T22:40:00.000-05:00,2026-02-24T19:26:57.062000+00:00
10077445|Desmond Bane|PERSONAL FOULS|DEMON|3.5|OVER,10077445,Desmond Bane,ORL,PERSONAL FOULS,PERSONAL FOULS,0,3.5,OVER,DEMON,1,0,3.5,0,0,demon,2026-02-24T22:40:00.000-05:00,2026-02-24T19:26:57.062000+00:00
10077466|Jake LaRavia|PERSONAL FOULS|GOBLIN|1.5|OVER,10077466,Jake LaRavia,LAL,PERSONAL FOULS,PERSONAL FOULS,0,1.5,OVER,GOBLIN,1,0,1.5,0,0,goblin,2026-02-24T22:40:00.000-05:00,2026-02-24T19:26:57.062000+00:00
10077531|LeBron James|PERSONAL FOULS|STANDARD|1.5|OVER,10077531,LeBron James,LAL,PERSONAL FOULS,PERSONAL FOULS,0,1.5,OVER,STANDARD,1,0,1.5,0,0,standard,2026-02-24T22:40:00.000-05:00,2026-02-24T19:26:57.062000+00:00
10077531|LeBron James|PERSONAL FOULS|STANDARD|1.5|UNDER,10077531,LeBron James,LAL,PERSONAL FOULS,PERSONAL FOULS,0,1.5,UNDER,STANDARD,0,1,1.5,0,0,standard,2026-02-24T22:40:00.000-05:00,2026-02-24T19:26:57.062000+00:00
10077547|Luka Dončić|PERSONAL FOULS|DEMON|2.5|OVER,10077547,Luka Dončić,LAL,PERSONAL FOULS,PERSONAL FOULS,0,2.5,OVER,DEMON,1,0,2.5,0,0,demon,2026-02-24T22:40:00.000-05:00,2026-02-24T19:26:57.062000+00:00
10077574|Luke Kennard|PERSONAL FOULS|DEMON|1.5|OVER,10077574,Luke Kennard,LAL,PERSONAL FOULS,PERSONAL FOULS,0,1.5,OVER,DEMON,1,0,1.5,0,0,demon,2026-02-24T22:40:00.000-05:00,2026-02-24T19:26:57.062000+00:00
10077613|Marcus Smart|PERSONAL FOULS|STANDARD|2.5|OVER,10077613,Marcus Smart,LAL,PERSONAL FOULS,PERSONAL FOULS,0,2.5,OVER,STANDARD,1,0,2.5,0,0,standard,2026-02-24T22:40:00.000-05:00,2026-02-24T19:26:57.062000+00:00
10077613|Marcus Smart|PERSONAL FOULS|STANDARD|2.5|UNDER,10077613,Marcus Smart,LAL,PERSONAL FOULS,PERSONAL FOULS,0,2.5,UNDER,STANDARD,0,1,2.5,0,0,standard,2026-02-24T22:40:00.000-05:00,2026-02-24T19:26:57.062000+00:00
10077643|Paolo Banchero|PERSONAL FOULS|GOBLIN|1.5|OVER,10077643,Paolo Banchero,ORL,PERSONAL FOULS,PERSONAL FOULS,0,1.5,OVER,GOBLIN,1,0,1.5,0,0,goblin,2026-02-24T22:40:00.000-05:00,2026-02-24T19:26:57.062000+00:00
10077705|Wendell Carter|PERSONAL FOULS|GOBLIN|2.5|OVER,10077705,Wendell Carter,ORL,PERSONAL FOULS,PERSONAL FOULS,0,2.5,OVER,GOBLIN,1,0,2.5,0,0,goblin,2026-02-24T22:40:00.000-05:00,2026-02-24T19:26:57.062000+00:00
10084157|Sam Hauser|PERSONAL FOULS|DEMON|1.5|OVER,10084157,Sam Hauser,BOS,PERSONAL FOULS,PERSONAL FOULS,0,1.5,OVER,DEMON,1,0,1.5,0,0,demon,2026-02-24T21:10:00.000-05:00,2026-02-24T19:26:57.062000+00:00
10086563|Donte DiVincenzo|PERSONAL FOULS|DEMON|2.5|OVER,10086563,Donte DiVincenzo,MIN,PERSONAL FOULS,PERSONAL FOULS,0,2.5,OVER,DEMON,1,0,2.5,0,0,demon,2026-02-24T22:10:00.000-05:00,2026-02-24T19:26:57.062000+00:00
10086605|Jaden McDaniels|PERSONAL FOULS|GOBLIN|2.5|OVER,10086605,Jaden McDaniels,MIN,PERSONAL FOULS,PERSONAL FOULS,0,2.5,OVER,GOBLIN,1,0,2.5,0,0,goblin,2026-02-24T22:10:00.000-05:00,2026-02-24T19:26:57.062000+00:00
10086651|Jerami Grant|PERSONAL FOULS|STANDARD|2.5|OVER,10086651,Jerami Grant,POR,PERSONAL FOULS,PERSONAL FOULS,0,2.5,OVER,STANDARD,1,0,2.5,0,0,standard,2026-02-24T22:10:00.000-05:00,2026-02-24T19:26:57.062000+00:00
10086651|Jerami Grant|PERSONAL FOULS|STANDARD|2.5|UNDER,10086651,Jerami Grant,POR,PERSONAL FOULS,PERSONAL FOULS,0,2.5,UNDER,STANDARD,0,1,2.5,0,0,standard,2026-02-24T22:10:00.000-05:00,2026-02-24T19:26:57.062000+00:00
10086735|Julius Randle|PERSONAL FOULS|STANDARD|2.5|OVER,10086735,Julius Randle,MIN,PERSONAL FOULS,PERSONAL FOULS,0,2.5,OVER,STANDARD,1,0,2.5,0,0,standard,2026-02-24T22:10:00.000-05:00,2026-02-24T19:26:57.062000+00:00
10086735|Julius Randle|PERSONAL FOULS|STANDARD|2.5|UNDER,10086735,Julius Randle,MIN,PERSONAL FOULS,PERSONAL FOULS,0,2.5,UNDER,STANDARD,0,1,2.5,0,0,standard,2026-02-24T22:10:00.000-05:00,2026-02-24T19:26:57.062000+00:00
10086933|Scoot Henderson|PERSONAL FOULS|DEMON|2.5|OVER,10086933,Scoot Henderson,POR,PERSONAL FOULS,PERSONAL FOULS,0,2.5,OVER,DEMON,1,0,2.5,0,0,demon,2026-02-24T22:10:00.000-05:00,2026-02-24T19:26:57.062000+00:00
10095923|Moritz Wagner|PERSONAL FOULS|DEMON|1.5|OVER,10095923,Moritz Wagner,ORL,PERSONAL FOULS,PERSONAL FOULS,0,1.5,OVER,DEMON,1,0,1.5,0,0,demon,2026-02-24T22:40:00.000-05:00,2026-02-24T19:26:57.062000+00:00
10086634|Jaden McDaniels|TWO POINTERS ATTEMPTED|STANDARD|7.5|OVER,10086634,Jaden McDaniels,MIN,TWO POINTERS ATTEMPTED,TWO POINTERS ATTEMPTED,0,7.5,OVER,STANDARD,1,0,7.5,0,0,standard,2026-02-24T22:10:00.000-05:00,2026-02-24T19:26:54.895000+00:00
10086634|Jaden McDaniels|TWO POINTERS ATTEMPTED|STANDARD|7.5|UNDER,10086634,Jaden McDaniels,MIN,TWO POINTERS ATTEMPTED,TWO POINTERS ATTEMPTED,0,7.5,UNDER,STANDARD,0,1,7.5,0,0,standard,2026-02-24T22:10:00.000-05:00,2026-02-24T19:26:54.895000+00:00
10086601|Jaden McDaniels|FG ATTEMPTED|STANDARD|11.5|OVER,10086601,Jaden McDaniels,MIN,FG ATTEMPTED,FG ATTEMPTED,0,11.5,OVER,STANDARD,1,0,11.5,0,0,standard,2026-02-24T22:10:00.000-05:00,2026-02-24T19:26:52.692000+00:00
10086601|Jaden McDaniels|FG ATTEMPTED|STANDARD|11.5|UNDER,10086601,Jaden McDaniels,MIN,FG ATTEMPTED,FG ATTEMPTED,0,11.5,UNDER,STANDARD,0,1,11.5,0,0,standard,2026-02-24T22:10:00.000-05:00,2026-02-24T19:26:52.692000+00:00
10086802|Naz Reid|3-PT ATTEMPTED|STANDARD|5.5|OVER,10086802,Naz Reid,MIN,3-PT ATTEMPTED,3-PT ATTEMPTED,0,5.5,OVER,STANDARD,1,0,5.5,0,0,standard,2026-02-24T22:10:00.000-05:00,2026-02-24T19:26:52.595000+00:00
10086802|Naz Reid|3-PT ATTEMPTED|STANDARD|5.5|UNDER,10086802,Naz Reid,MIN,3-PT ATTEMPTED,3-PT ATTEMPTED,0,5.5,UNDER,STANDARD,0,1,5.5,0,0,standard,2026-02-24T22:10:00.000-05:00,2026-02-24T19:26:52.595000+00:00
10077442|Desmond Bane|FG ATTEMPTED|STANDARD|15.5|OVER,10077442,Desmond Bane,ORL,FG ATTEMPTED,FG ATTEMPTED,0,15.5,OVER,STANDARD,1,0,15.5,0,0,standard,2026-02-24T22:40:00.000-05:00,2026-02-24T19:26:42.968000+00:00
10077442|Desmond Bane|FG ATTEMPTED|STANDARD|15.5|UNDER,10077442,Desmond Bane,ORL,FG ATTEMPTED,FG ATTEMPTED,0,15.5,UNDER,STANDARD,0,1,15.5,0,0,standard,2026-02-24T22:40:00.000-05:00,2026-02-24T19:26:42.968000+00:00
10077463|Jake LaRavia|FG ATTEMPTED|STANDARD|3.5|OVER,10077463,Jake LaRavia,LAL,FG ATTEMPTED,FG ATTEMPTED,0,3.5,OVER,STANDARD,1,0,3.5,0,0,standard,2026-02-24T22:40:00.000-05:00,2026-02-24T19:26:42.968000+00:00
10077463|Jake LaRavia|FG ATTEMPTED|STANDARD|3.5|UNDER,10077463,Jake LaRavia,LAL,FG ATTEMPTED,FG ATTEMPTED,0,3.5,UNDER,STANDARD,0,1,3.5,0,0,standard,2026-02-24T22:40:00.000-05:00,2026-02-24T19:26:42.968000+00:00
10077545|Luka Dončić|FG ATTEMPTED|STANDARD|22|OVER,10077545,Luka Dončić,LAL,FG ATTEMPTED,FG ATTEMPTED,0,22.0,OVER,STANDARD,1,0,22.0,0,0,standard,2026-02-24T22:40:00.000-05:00,2026-02-24T19:26:42.968000+00:00
10077545|Luka Dončić|FG ATTEMPTED|STANDARD|22|UNDER,10077545,Luka Dončić,LAL,FG ATTEMPTED,FG ATTEMPTED,0,22.0,UNDER,STANDARD,0,1,22.0,0,0,standard,2026-02-24T22:40:00.000-05:00,2026-02-24T19:26:42.968000+00:00
10077610|Marcus Smart|FG ATTEMPTED|STANDARD|5.5|OVER,10077610,Marcus Smart,LAL,FG ATTEMPTED,FG ATTEMPTED,0,5.5,OVER,STANDARD,1,0,5.5,0,0,standard,2026-02-24T22:40:00.000-05:00,2026-02-24T19:26:42.968000+00:00
10077610|Marcus Smart|FG ATTEMPTED|STANDARD|5.5|UNDER,10077610,Marcus Smart,LAL,FG ATTEMPTED,FG ATTEMPTED,0,5.5,UNDER,STANDARD,0,1,5.5,0,0,standard,2026-02-24T22:40:00.000-05:00,2026-02-24T19:26:42.968000+00:00
10077640|Paolo Banchero|FG MADE|STANDARD|7.5|OVER,10077640,Paolo Banchero,ORL,FG MADE,FG MADE,0,7.5,OVER,STANDARD,1,0,7.5,0,0,standard,2026-02-24T22:40:00.000-05:00,2026-02-24T19:26:42.968000+00:00
10077640|Paolo Banchero|FG MADE|STANDARD|7.5|UNDER,10077640,Paolo Banchero,ORL,FG MADE,FG MADE,0,7.5,UNDER,STANDARD,0,1,7.5,0,0,standard,2026-02-24T22:40:00.000-05:00,2026-02-24T19:26:42.968000+00:00
10077664|Rui Hachimura|FG ATTEMPTED|GOBLIN|6.5|OVER,10077664,Rui Hachimura,LAL,FG ATTEMPTED,FG ATTEMPTED,0,6.5,OVER,GOBLIN,1,0,6.5,0,0,goblin,2026-02-24T22:40:00.000-05:00,2026-02-24T19:26:42.968000+00:00
10077665|Rui Hachimura|FG MADE|STANDARD|3.5|OVER,10077665,Rui Hachimura,LAL,FG MADE,FG MADE,0,3.5,OVER,STANDARD,1,0,3.5,0,0,standard,2026-02-24T22:40:00.000-05:00,2026-02-24T19:26:42.968000+00:00
10077665|Rui Hachimura|FG MADE|STANDARD|3.5|UNDER,10077665,Rui Hachimura,LAL,FG MADE,FG MADE,0,3.5,UNDER,STANDARD,0,1,3.5,0,0,standard,2026-02-24T22:40:00.000-05:00,2026-02-24T19:26:42.968000+00:00
10077703|Wendell Carter|FG ATTEMPTED|STANDARD|7.5|OVER,10077703,Wendell Carter,ORL,FG ATTEMPTED,FG ATTEMPTED,0,7.5,OVER,STANDARD,1,0,7.5,0,0,standard,2026-02-24T22:40:00.000-05:00,2026-02-24T19:26:42.968000+00:00
10077703|Wendell Carter|FG ATTEMPTED|STANDARD|7.5|UNDER,10077703,Wendell Carter,ORL,FG ATTEMPTED,FG ATTEMPTED,0,7.5,UNDER,STANDARD,0,1,7.5,0,0,standard,2026-02-24T22:40:00.000-05:00,2026-02-24T19:26:42.968000+00:00
10083370|Austin Reaves|FG MADE|GOBLIN|6.5|OVER,10083370,Austin Reaves,LAL,FG MADE,FG MADE,0,6.5,OVER,GOBLIN,1,0,6.5,0,0,goblin,2026-02-24T22:40:00.000-05:00,2026-02-24T19:26:42.968000+00:00
10083378|Marcus Smart|FG MADE|STANDARD|2.5|OVER,10083378,Marcus Smart,LAL,FG MADE,FG MADE,0,2.5,OVER,STANDARD,1,0,2.5,0,0,standard,2026-02-24T22:40:00.000-05:00,2026-02-24T19:26:42.968000+00:00
10083378|Marcus Smart|FG MADE|STANDARD|2.5|UNDER,10083378,Marcus Smart,LAL,FG MADE,FG MADE,0,2.5,UNDER,STANDARD,0,1,2.5,0,0,standard,2026-02-24T22:40:00.000-05:00,2026-02-24T19:26:42.968000+00:00
10083714|Deandre Ayton|FG MADE|DEMON|4.5|OVER,10083714,Deandre Ayton,LAL,FG MADE,FG MADE,0,4.5,OVER,DEMON,1,0,4.5,0,0,demon,2026-02-24T22:40:00.000-05:00,2026-02-24T19:26:42.968000+00:00
10083957|Derrick White|FG MADE|GOBLIN|6.5|OVER,10083957,Derrick White,BOS,FG MADE,FG MADE,0,6.5,OVER,GOBLIN,1,0,6.5,0,0,goblin,2026-02-24T21:10:00.000-05:00,2026-02-24T19:26:42.968000+00:00
10085633|Luke Kennard|FG MADE|DEMON|2.5|OVER,10085633,Luke Kennard,LAL,FG MADE,FG MADE,0,2.5,OVER,DEMON,1,0,2.5,0,0,demon,2026-02-24T22:40:00.000-05:00,2026-02-24T19:26:42.968000+00:00
10085644|Wendell Carter|FG MADE|DEMON|3.5|OVER,10085644,Wendell Carter,ORL,FG MADE,FG MADE,0,3.5,OVER,DEMON,1,0,3.5,0,0,demon,2026-02-24T22:40:00.000-05:00,2026-02-24T19:26:42.968000+00:00
10086438|Anthony Edwards|FG ATTEMPTED|STANDARD|20.5|OVER,10086438,Anthony Edwards,MIN,FG ATTEMPTED,FG ATTEMPTED,0,20.5,OVER,STANDARD,1,0,20.5,0,0,standard,2026-02-24T22:10:00.000-05:00,2026-02-24T19:26:42.968000+00:00
10086438|Anthony Edwards|FG ATTEMPTED|STANDARD|20.5|UNDER,10086438,Anthony Edwards,MIN,FG ATTEMPTED,FG ATTEMPTED,0,20.5,UNDER,STANDARD,0,1,20.5,0,0,standard,2026-02-24T22:10:00.000-05:00,2026-02-24T19:26:42.968000+00:00
10086439|Anthony Edwards|FG MADE|STANDARD|9.5|OVER,10086439,Anthony Edwards,MIN,FG MADE,FG MADE,0,9.5,OVER,STANDARD,1,0,9.5,0,0,standard,2026-02-24T22:10:00.000-05:00,2026-02-24T19:26:42.968000+00:00
10086439|Anthony Edwards|FG MADE|STANDARD|9.5|UNDER,10086439,Anthony Edwards,MIN,FG MADE,FG MADE,0,9.5,UNDER,STANDARD,0,1,9.5,0,0,standard,2026-02-24T22:10:00.000-05:00,2026-02-24T19:26:42.968000+00:00
10086648|Jerami Grant|FG ATTEMPTED|STANDARD|15.5|OVER,10086648,Jerami Grant,POR,FG ATTEMPTED,FG ATTEMPTED,0,15.5,OVER,STANDARD,1,0,15.5,0,0,standard,2026-02-24T22:10:00.000-05:00,2026-02-24T19:26:42.968000+00:00
10086648|Jerami Grant|FG ATTEMPTED|STANDARD|15.5|UNDER,10086648,Jerami Grant,POR,FG ATTEMPTED,FG ATTEMPTED,0,15.5,UNDER,STANDARD,0,1,15.5,0,0,standard,2026-02-24T22:10:00.000-05:00,2026-02-24T19:26:42.968000+00:00
10086811|Naz Reid|FG MADE|STANDARD|4.5|OVER,10086811,Naz Reid,MIN,FG MADE,FG MADE,0,4.5,OVER,STANDARD,1,0,4.5,0,0,standard,2026-02-24T22:10:00.000-05:00,2026-02-24T19:26:42.968000+00:00
10086811|Naz Reid|FG MADE|STANDARD|4.5|UNDER,10086811,Naz Reid,MIN,FG MADE,FG MADE,0,4.5,UNDER,STANDARD,0,1,4.5,0,0,standard,2026-02-24T22:10:00.000-05:00,2026-02-24T19:26:42.968000+00:00
10086889|Rudy Gobert|FG MADE|STANDARD|4.5|OVER,10086889,Rudy Gobert,MIN,FG MADE,FG MADE,0,4.5,OVER,STANDARD,1,0,4.5,0,0,standard,2026-02-24T22:10:00.000-05:00,2026-02-24T19:26:42.968000+00:00
10086889|Rudy Gobert|FG MADE|STANDARD|4.5|UNDER,10086889,Rudy Gobert,MIN,FG MADE,FG MADE,0,4.5,UNDER,STANDARD,0,1,4.5,0,0,standard,2026-02-24T22:10:00.000-05:00,2026-02-24T19:26:42.968000+00:00
10087049|Vít Krejčí|FG ATTEMPTED|STANDARD|6.5|OVER,10087049,Vít Krejčí,POR,FG ATTEMPTED,FG ATTEMPTED,0,6.5,OVER,STANDARD,1,0,6.5,0,0,standard,2026-02-24T22:10:00.000-05:00,2026-02-24T19:26:42.968000+00:00
10087049|Vít Krejčí|FG ATTEMPTED|STANDARD|6.5|UNDER,10087049,Vít Krejčí,POR,FG ATTEMPTED,FG ATTEMPTED,0,6.5,UNDER,STANDARD,0,1,6.5,0,0,standard,2026-02-24T22:10:00.000-05:00,2026-02-24T19:26:42.968000+00:00
10091073|Luka Dončić|FG MADE|STANDARD|10.5|OVER,10091073,Luka Dončić,LAL,FG MADE,FG MADE,0,10.5,OVER,STANDARD,1,0,10.5,0,0,standard,2026-02-24T22:40:00.000-05:00,2026-02-24T19:26:42.968000+00:00
10091073|Luka Dončić|FG MADE|STANDARD|10.5|UNDER,10091073,Luka Dončić,LAL,FG MADE,FG MADE,0,10.5,UNDER,STANDARD,0,1,10.5,0,0,standard,2026-02-24T22:40:00.000-05:00,2026-02-24T19:26:42.968000+00:00
10091315|Scoot Henderson|FG ATTEMPTED|STANDARD|14.5|OVER,10091315,Scoot Henderson,POR,FG ATTEMPTED,FG ATTEMPTED,0,14.5,OVER,STANDARD,1,0,14.5,0,0,standard,2026-02-24T22:10:00.000-05:00,2026-02-24T19:26:42.968000+00:00
10091315|Scoot Henderson|FG ATTEMPTED|STANDARD|14.5|UNDER,10091315,Scoot Henderson,POR,FG ATTEMPTED,FG ATTEMPTED,0,14.5,UNDER,STANDARD,0,1,14.5,0,0,standard,2026-02-24T22:10:00.000-05:00,2026-02-24T19:26:42.968000+00:00
10093310|Tristan Silva|FG MADE|GOBLIN|2.5|OVER,10093310,Tristan Silva,ORL,FG MADE,FG MADE,0,2.5,OVER,GOBLIN,1,0,2.5,0,0,goblin,2026-02-24T22:40:00.000-05:00,2026-02-24T19:26:42.968000+00:00
10071578|Baylor Scheierman|FREE THROWS MADE|DEMON|0.5|OVER,10071578,Baylor Scheierman,BOS,FREE THROWS MADE,FREE THROWS MADE,0,0.5,OVER,DEMON,1,0,0.5,0,0,demon,2026-02-24T21:10:00.000-05:00,2026-02-24T19:26:29.453000+00:00
10071693|Nikola Vučević|FREE THROWS ATTEMPTED|GOBLIN|1.5|OVER,10071693,Nikola Vučević,BOS,FREE THROWS ATTEMPTED,FREE THROWS ATTEMPTED,0,1.5,OVER,GOBLIN,1,0,1.5,0,0,goblin,2026-02-24T21:10:00.000-05:00,2026-02-24T19:26:29.453000+00:00
10071729|Royce O'Neale|FREE THROWS MADE|DEMON|0.5|OVER,10071729,Royce O'Neale,PHX,FREE THROWS MADE,FREE THROWS MADE,0,0.5,OVER,DEMON,1,0,0.5,0,0,demon,2026-02-24T21:10:00.000-05:00,2026-02-24T19:26:29.453000+00:00
10071742|Sam Hauser|FREE THROWS MADE|DEMON|0.5|OVER,10071742,Sam Hauser,BOS,FREE THROWS MADE,FREE THROWS MADE,0,0.5,OVER,DEMON,1,0,0.5,0,0,demon,2026-02-24T21:10:00.000-05:00,2026-02-24T19:26:29.453000+00:00
10072044|Oso Ighodaro|FREE THROWS MADE|DEMON|0.5|OVER,10072044,Oso Ighodaro,PHX,FREE THROWS MADE,FREE THROWS MADE,0,0.5,OVER,DEMON,1,0,0.5,0,0,demon,2026-02-24T21:10:00.000-05:00,2026-02-24T19:26:29.453000+00:00
10077465|Jake LaRavia|FREE THROWS MADE|DEMON|0.5|OVER,10077465,Jake LaRavia,LAL,FREE THROWS MADE,FREE THROWS MADE,0,0.5,OVER,DEMON,1,0,0.5,0,0,demon,2026-02-24T22:40:00.000-05:00,2026-02-24T19:26:29.453000+00:00
10077495|Jalen Suggs|FREE THROWS MADE|STANDARD|1.5|OVER,10077495,Jalen Suggs,ORL,FREE THROWS MADE,FREE THROWS MADE,0,1.5,OVER,STANDARD,1,0,1.5,0,0,standard,2026-02-24T22:40:00.000-05:00,2026-02-24T19:26:29.453000+00:00
10077495|Jalen Suggs|FREE THROWS MADE|STANDARD|1.5|UNDER,10077495,Jalen Suggs,ORL,FREE THROWS MADE,FREE THROWS MADE,0,1.5,UNDER,STANDARD,0,1,1.5,0,0,standard,2026-02-24T22:40:00.000-05:00,2026-02-24T19:26:29.453000+00:00
10077530|LeBron James|FREE THROWS MADE|STANDARD|2.5|OVER,10077530,LeBron James,LAL,FREE THROWS MADE,FREE THROWS MADE,0,2.5,OVER,STANDARD,1,0,2.5,0,0,standard,2026-02-24T22:40:00.000-05:00,2026-02-24T19:26:29.453000+00:00
10077530|LeBron James|FREE THROWS MADE|STANDARD|2.5|UNDER,10077530,LeBron James,LAL,FREE THROWS MADE,FREE THROWS MADE,0,2.5,UNDER,STANDARD,0,1,2.5,0,0,standard,2026-02-24T22:40:00.000-05:00,2026-02-24T19:26:29.453000+00:00
10077546|Luka Dončić|FREE THROWS ATTEMPTED|STANDARD|8.5|OVER,10077546,Luka Dončić,LAL,FREE THROWS ATTEMPTED,FREE THROWS ATTEMPTED,0,8.5,OVER,STANDARD,1,0,8.5,0,0,standard,2026-02-24T22:40:00.000-05:00,2026-02-24T19:26:29.453000+00:00
10077546|Luka Dončić|FREE THROWS ATTEMPTED|STANDARD|8.5|UNDER,10077546,Luka Dončić,LAL,FREE THROWS ATTEMPTED,FREE THROWS ATTEMPTED,0,8.5,UNDER,STANDARD,0,1,8.5,0,0,standard,2026-02-24T22:40:00.000-05:00,2026-02-24T19:26:29.453000+00:00
10077573|Luke Kennard|FREE THROWS MADE|DEMON|0.5|OVER,10077573,Luke Kennard,LAL,FREE THROWS MADE,FREE THROWS MADE,0,0.5,OVER,DEMON,1,0,0.5,0,0,demon,2026-02-24T22:40:00.000-05:00,2026-02-24T19:26:29.453000+00:00
10077641|Paolo Banchero|FREE THROWS ATTEMPTED|STANDARD|7.5|OVER,10077641,Paolo Banchero,ORL,FREE THROWS ATTEMPTED,FREE THROWS ATTEMPTED,0,7.5,OVER,STANDARD,1,0,7.5,0,0,standard,2026-02-24T22:40:00.000-05:00,2026-02-24T19:26:29.453000+00:00
10077641|Paolo Banchero|FREE THROWS ATTEMPTED|STANDARD|7.5|UNDER,10077641,Paolo Banchero,ORL,FREE THROWS ATTEMPTED,FREE THROWS ATTEMPTED,0,7.5,UNDER,STANDARD,0,1,7.5,0,0,standard,2026-02-24T22:40:00.000-05:00,2026-02-24T19:26:29.453000+00:00
10077642|Paolo Banchero|FREE THROWS MADE|STANDARD|5.5|OVER,10077642,Paolo Banchero,ORL,FREE THROWS MADE,FREE THROWS MADE,0,5.5,OVER,STANDARD,1,0,5.5,0,0,standard,2026-02-24T22:40:00.000-05:00,2026-02-24T19:26:29.453000+00:00
10077642|Paolo Banchero|FREE THROWS MADE|STANDARD|5.5|UNDER,10077642,Paolo Banchero,ORL,FREE THROWS MADE,FREE THROWS MADE,0,5.5,UNDER,STANDARD,0,1,5.5,0,0,standard,2026-02-24T22:40:00.000-05:00,2026-02-24T19:26:29.453000+00:00
10077667|Rui Hachimura|FREE THROWS MADE|DEMON|0.5|OVER,10077667,Rui Hachimura,LAL,FREE THROWS MADE,FREE THROWS MADE,0,0.5,OVER,DEMON,1,0,0.5,0,0,demon,2026-02-24T22:40:00.000-05:00,2026-02-24T19:26:29.453000+00:00
10086481|Ayo Dosunmu|FREE THROWS MADE|STANDARD|1.5|OVER,10086481,Ayo Dosunmu,MIN,FREE THROWS MADE,FREE THROWS MADE,0,1.5,OVER,STANDARD,1,0,1.5,0,0,standard,2026-02-24T22:10:00.000-05:00,2026-02-24T19:26:29.453000+00:00
10086481|Ayo Dosunmu|FREE THROWS MADE|STANDARD|1.5|UNDER,10086481,Ayo Dosunmu,MIN,FREE THROWS MADE,FREE THROWS MADE,0,1.5,UNDER,STANDARD,0,1,1.5,0,0,standard,2026-02-24T22:10:00.000-05:00,2026-02-24T19:26:29.453000+00:00
10086562|Donte DiVincenzo|FREE THROWS MADE|DEMON|0.5|OVER,10086562,Donte DiVincenzo,MIN,FREE THROWS MADE,FREE THROWS MADE,0,0.5,OVER,DEMON,1,0,0.5,0,0,demon,2026-02-24T22:10:00.000-05:00,2026-02-24T19:26:29.453000+00:00
10086603|Jaden McDaniels|FREE THROWS ATTEMPTED|DEMON|2.5|OVER,10086603,Jaden McDaniels,MIN,FREE THROWS ATTEMPTED,FREE THROWS ATTEMPTED,0,2.5,OVER,DEMON,1,0,2.5,0,0,demon,2026-02-24T22:10:00.000-05:00,2026-02-24T19:26:29.453000+00:00
10086604|Jaden McDaniels|FREE THROWS MADE|GOBLIN|1.5|OVER,10086604,Jaden McDaniels,MIN,FREE THROWS MADE,FREE THROWS MADE,0,1.5,OVER,GOBLIN,1,0,1.5,0,0,goblin,2026-02-24T22:10:00.000-05:00,2026-02-24T19:26:29.453000+00:00
10086693|Jrue Holiday|FREE THROWS ATTEMPTED|DEMON|2.5|OVER,10086693,Jrue Holiday,POR,FREE THROWS ATTEMPTED,FREE THROWS ATTEMPTED,0,2.5,OVER,DEMON,1,0,2.5,0,0,demon,2026-02-24T22:10:00.000-05:00,2026-02-24T19:26:29.453000+00:00
10086812|Naz Reid|FREE THROWS ATTEMPTED|GOBLIN|1.5|OVER,10086812,Naz Reid,MIN,FREE THROWS ATTEMPTED,FREE THROWS ATTEMPTED,0,1.5,OVER,GOBLIN,1,0,1.5,0,0,goblin,2026-02-24T22:10:00.000-05:00,2026-02-24T19:26:29.453000+00:00
10086931|Scoot Henderson|FREE THROWS ATTEMPTED|GOBLIN|3.5|OVER,10086931,Scoot Henderson,POR,FREE THROWS ATTEMPTED,FREE THROWS ATTEMPTED,0,3.5,OVER,GOBLIN,1,0,3.5,0,0,goblin,2026-02-24T22:10:00.000-05:00,2026-02-24T19:26:29.453000+00:00
10086932|Scoot Henderson|FREE THROWS MADE|GOBLIN|2.5|OVER,10086932,Scoot Henderson,POR,FREE THROWS MADE,FREE THROWS MADE,0,2.5,OVER,GOBLIN,1,0,2.5,0,0,goblin,2026-02-24T22:10:00.000-05:00,2026-02-24T19:26:29.453000+00:00
10087051|Vít Krejčí|FREE THROWS MADE|DEMON|0.5|OVER,10087051,Vít Krejčí,POR,FREE THROWS MADE,FREE THROWS MADE,0,0.5,OVER,DEMON,1,0,0.5,0,0,demon,2026-02-24T22:10:00.000-05:00,2026-02-24T19:26:29.453000+00:00
10092467|Jerami Grant|FREE THROWS ATTEMPTED|STANDARD|4.5|OVER,10092467,Jerami Grant,POR,FREE THROWS ATTEMPTED,FREE THROWS ATTEMPTED,0,4.5,OVER,STANDARD,1,0,4.5,0,0,standard,2026-02-24T22:10:00.000-05:00,2026-02-24T19:26:29.453000+00:00
10092467|Jerami Grant|FREE THROWS ATTEMPTED|STANDARD|4.5|UNDER,10092467,Jerami Grant,POR,FREE THROWS ATTEMPTED,FREE THROWS ATTEMPTED,0,4.5,UNDER,STANDARD,0,1,4.5,0,0,standard,2026-02-24T22:10:00.000-05:00,2026-02-24T19:26:29.453000+00:00
10093802|Vít Krejčí|FREE THROWS ATTEMPTED|DEMON|0.5|OVER,10093802,Vít Krejčí,POR,FREE THROWS ATTEMPTED,FREE THROWS ATTEMPTED,0,0.5,OVER,DEMON,1,0,0.5,0,0,demon,2026-02-24T22:10:00.000-05:00,2026-02-24T19:26:29.453000+00:00
10071702|Nikola Vučević|TWO POINTERS ATTEMPTED|STANDARD|8.5|OVER,10071702,Nikola Vučević,BOS,TWO POINTERS ATTEMPTED,TWO POINTERS ATTEMPTED,0,8.5,OVER,STANDARD,1,0,8.5,0,0,standard,2026-02-24T21:10:00.000-05:00,2026-02-24T19:26:16.260000+00:00
10071702|Nikola Vučević|TWO POINTERS ATTEMPTED|STANDARD|8.5|UNDER,10071702,Nikola Vučević,BOS,TWO POINTERS ATTEMPTED,TWO POINTERS ATTEMPTED,0,8.5,UNDER,STANDARD,0,1,8.5,0,0,standard,2026-02-24T21:10:00.000-05:00,2026-02-24T19:26:16.260000+00:00
10071734|Royce O'Neale|TWO POINTERS ATTEMPTED|DEMON|1.5|OVER,10071734,Royce O'Neale,PHX,TWO POINTERS ATTEMPTED,TWO POINTERS ATTEMPTED,0,1.5,OVER,DEMON,1,0,1.5,0,0,demon,2026-02-24T21:10:00.000-05:00,2026-02-24T19:26:16.260000+00:00
10077384|Anthony Black|TWO POINTERS MADE|GOBLIN|3.5|OVER,10077384,Anthony Black,ORL,TWO POINTERS MADE,TWO POINTERS MADE,0,3.5,OVER,GOBLIN,1,0,3.5,0,0,goblin,2026-02-24T22:40:00.000-05:00,2026-02-24T19:26:16.260000+00:00
10077524|Jalen Suggs|TWO POINTERS MADE|DEMON|2.5|OVER,10077524,Jalen Suggs,ORL,TWO POINTERS MADE,TWO POINTERS MADE,0,2.5,OVER,DEMON,1,0,2.5,0,0,demon,2026-02-24T22:40:00.000-05:00,2026-02-24T19:26:16.260000+00:00
10077599|Luke Kennard|TWO POINTERS MADE|GOBLIN|0.5|OVER,10077599,Luke Kennard,LAL,TWO POINTERS MADE,TWO POINTERS MADE,0,0.5,OVER,GOBLIN,1,0,0.5,0,0,goblin,2026-02-24T22:40:00.000-05:00,2026-02-24T19:26:16.260000+00:00
10077636|Marcus Smart|TWO POINTERS MADE|DEMON|1.5|OVER,10077636,Marcus Smart,LAL,TWO POINTERS MADE,TWO POINTERS MADE,0,1.5,OVER,DEMON,1,0,1.5,0,0,demon,2026-02-24T22:40:00.000-05:00,2026-02-24T19:26:16.260000+00:00
10077693|Rui Hachimura|TWO POINTERS MADE|DEMON|2.5|OVER,10077693,Rui Hachimura,LAL,TWO POINTERS MADE,TWO POINTERS MADE,0,2.5,OVER,DEMON,1,0,2.5,0,0,demon,2026-02-24T22:40:00.000-05:00,2026-02-24T19:26:16.260000+00:00
10077730|Wendell Carter|TWO POINTERS ATTEMPTED|STANDARD|4.5|OVER,10077730,Wendell Carter,ORL,TWO POINTERS ATTEMPTED,TWO POINTERS ATTEMPTED,0,4.5,OVER,STANDARD,1,0,4.5,0,0,standard,2026-02-24T22:40:00.000-05:00,2026-02-24T19:26:16.260000+00:00
10077730|Wendell Carter|TWO POINTERS ATTEMPTED|STANDARD|4.5|UNDER,10077730,Wendell Carter,ORL,TWO POINTERS ATTEMPTED,TWO POINTERS ATTEMPTED,0,4.5,UNDER,STANDARD,0,1,4.5,0,0,standard,2026-02-24T22:40:00.000-05:00,2026-02-24T19:26:16.260000+00:00
10078588|Luka Dončić|TWO POINTERS ATTEMPTED|STANDARD|11.5|OVER,10078588,Luka Dončić,LAL,TWO POINTERS ATTEMPTED,TWO POINTERS ATTEMPTED,0,11.5,OVER,STANDARD,1,0,11.5,0,0,standard,2026-02-24T22:40:00.000-05:00,2026-02-24T19:26:16.260000+00:00
10078588|Luka Dončić|TWO POINTERS ATTEMPTED|STANDARD|11.5|UNDER,10078588,Luka Dončić,LAL,TWO POINTERS ATTEMPTED,TWO POINTERS ATTEMPTED,0,11.5,UNDER,STANDARD,0,1,11.5,0,0,standard,2026-02-24T22:40:00.000-05:00,2026-02-24T19:26:16.260000+00:00
10083376|LeBron James|TWO POINTERS ATTEMPTED|STANDARD|10.5|OVER,10083376,LeBron James,LAL,TWO POINTERS ATTEMPTED,TWO POINTERS ATTEMPTED,0,10.5,OVER,STANDARD,1,0,10.5,0,0,standard,2026-02-24T22:40:00.000-05:00,2026-02-24T19:26:16.260000+00:00
10083376|LeBron James|TWO POINTERS ATTEMPTED|STANDARD|10.5|UNDER,10083376,LeBron James,LAL,TWO POINTERS ATTEMPTED,TWO POINTERS ATTEMPTED,0,10.5,UNDER,STANDARD,0,1,10.5,0,0,standard,2026-02-24T22:40:00.000-05:00,2026-02-24T19:26:16.260000+00:00
10083985|Sam Hauser|TWO POINTERS MADE|GOBLIN|0.5|OVER,10083985,Sam Hauser,BOS,TWO POINTERS MADE,TWO POINTERS MADE,0,0.5,OVER,GOBLIN,1,0,0.5,0,0,goblin,2026-02-24T21:10:00.000-05:00,2026-02-24T19:26:16.260000+00:00
10085643|Rui Hachimura|TWO POINTERS ATTEMPTED|GOBLIN|3.5|OVER,10085643,Rui Hachimura,LAL,TWO POINTERS ATTEMPTED,TWO POINTERS ATTEMPTED,0,3.5,OVER,GOBLIN,1,0,3.5,0,0,goblin,2026-02-24T22:40:00.000-05:00,2026-02-24T19:26:16.260000+00:00
10086503|Ayo Dosunmu|TWO POINTERS MADE|GOBLIN|2.5|OVER,10086503,Ayo Dosunmu,MIN,TWO POINTERS MADE,TWO POINTERS MADE,0,2.5,OVER,GOBLIN,1,0,2.5,0,0,goblin,2026-02-24T22:10:00.000-05:00,2026-02-24T19:26:16.260000+00:00
10086590|Donte DiVincenzo|TWO POINTERS MADE|GOBLIN|0.5|OVER,10086590,Donte DiVincenzo,MIN,TWO POINTERS MADE,TWO POINTERS MADE,0,0.5,OVER,GOBLIN,1,0,0.5,0,0,goblin,2026-02-24T22:10:00.000-05:00,2026-02-24T19:26:16.260000+00:00
10086841|Naz Reid|TWO POINTERS MADE|DEMON|2.5|OVER,10086841,Naz Reid,MIN,TWO POINTERS MADE,TWO POINTERS MADE,0,2.5,OVER,DEMON,1,0,2.5,0,0,demon,2026-02-24T22:10:00.000-05:00,2026-02-24T19:26:16.260000+00:00
10086918|Rudy Gobert|TWO POINTERS MADE|STANDARD|4.5|OVER,10086918,Rudy Gobert,MIN,TWO POINTERS MADE,TWO POINTERS MADE,0,4.5,OVER,STANDARD,1,0,4.5,0,0,standard,2026-02-24T22:10:00.000-05:00,2026-02-24T19:26:16.260000+00:00
10086918|Rudy Gobert|TWO POINTERS MADE|STANDARD|4.5|UNDER,10086918,Rudy Gobert,MIN,TWO POINTERS MADE,TWO POINTERS MADE,0,4.5,UNDER,STANDARD,0,1,4.5,0,0,standard,2026-02-24T22:10:00.000-05:00,2026-02-24T19:26:16.260000+00:00
10087068|Vít Krejčí|TWO POINTERS MADE|GOBLIN|0.5|OVER,10087068,Vít Krejčí,POR,TWO POINTERS MADE,TWO POINTERS MADE,0,0.5,OVER,GOBLIN,1,0,0.5,0,0,goblin,2026-02-24T22:10:00.000-05:00,2026-02-24T19:26:16.260000+00:00
10087333|Austin Reaves|TWO POINTERS ATTEMPTED|GOBLIN|7.5|OVER,10087333,Austin Reaves,LAL,TWO POINTERS ATTEMPTED,TWO POINTERS ATTEMPTED,0,7.5,OVER,GOBLIN,1,0,7.5,0,0,goblin,2026-02-24T22:40:00.000-05:00,2026-02-24T19:26:16.260000+00:00
10087336|Jake LaRavia|TWO POINTERS ATTEMPTED|GOBLIN|1.5|OVER,10087336,Jake LaRavia,LAL,TWO POINTERS ATTEMPTED,TWO POINTERS ATTEMPTED,0,1.5,OVER,GOBLIN,1,0,1.5,0,0,goblin,2026-02-24T22:40:00.000-05:00,2026-02-24T19:26:16.260000+00:00
10091317|Scoot Henderson|TWO POINTERS ATTEMPTED|STANDARD|7.5|OVER,10091317,Scoot Henderson,POR,TWO POINTERS ATTEMPTED,TWO POINTERS ATTEMPTED,0,7.5,OVER,STANDARD,1,0,7.5,0,0,standard,2026-02-24T22:10:00.000-05:00,2026-02-24T19:26:16.260000+00:00
10091317|Scoot Henderson|TWO POINTERS ATTEMPTED|STANDARD|7.5|UNDER,10091317,Scoot Henderson,POR,TWO POINTERS ATTEMPTED,TWO POINTERS ATTEMPTED,0,7.5,UNDER,STANDARD,0,1,7.5,0,0,standard,2026-02-24T22:10:00.000-05:00,2026-02-24T19:26:16.260000+00:00
10093430|Tristan Silva|TWO POINTERS MADE|DEMON|1.5|OVER,10093430,Tristan Silva,ORL,TWO POINTERS MADE,TWO POINTERS MADE,0,1.5,OVER,DEMON,1,0,1.5,0,0,demon,2026-02-24T22:40:00.000-05:00,2026-02-24T19:26:16.260000+00:00
10093797|Jerami Grant|TWO POINTERS ATTEMPTED|STANDARD|8.5|OVER,10093797,Jerami Grant,POR,TWO POINTERS ATTEMPTED,TWO POINTERS ATTEMPTED,0,8.5,OVER,STANDARD,1,0,8.5,0,0,standard,2026-02-24T22:10:00.000-05:00,2026-02-24T19:26:16.260000+00:00
10093797|Jerami Grant|TWO POINTERS ATTEMPTED|STANDARD|8.5|UNDER,10093797,Jerami Grant,POR,TWO POINTERS ATTEMPTED,TWO POINTERS ATTEMPTED,0,8.5,UNDER,STANDARD,0,1,8.5,0,0,standard,2026-02-24T22:10:00.000-05:00,2026-02-24T19:26:16.260000+00:00
10071735|Sam Hauser|3-PT ATTEMPTED|STANDARD|7.5|OVER,10071735,Sam Hauser,BOS,3-PT ATTEMPTED,3-PT ATTEMPTED,0,7.5,OVER,STANDARD,1,0,7.5,0,0,standard,2026-02-24T21:10:00.000-05:00,2026-02-24T19:26:04.013000+00:00
10071735|Sam Hauser|3-PT ATTEMPTED|STANDARD|7.5|UNDER,10071735,Sam Hauser,BOS,3-PT ATTEMPTED,3-PT ATTEMPTED,0,7.5,UNDER,STANDARD,0,1,7.5,0,0,standard,2026-02-24T21:10:00.000-05:00,2026-02-24T19:26:04.013000+00:00
10077369|Anthony Black|3-PT ATTEMPTED|DEMON|5.5|OVER,10077369,Anthony Black,ORL,3-PT ATTEMPTED,3-PT ATTEMPTED,0,5.5,OVER,DEMON,1,0,5.5,0,0,demon,2026-02-24T22:40:00.000-05:00,2026-02-24T19:26:04.013000+00:00
10077437|Desmond Bane|3-PT ATTEMPTED|DEMON|6.5|OVER,10077437,Desmond Bane,ORL,3-PT ATTEMPTED,3-PT ATTEMPTED,0,6.5,OVER,DEMON,1,0,6.5,0,0,demon,2026-02-24T22:40:00.000-05:00,2026-02-24T19:26:04.013000+00:00
10077457|Jake LaRavia|3-PT ATTEMPTED|STANDARD|1.5|OVER,10077457,Jake LaRavia,LAL,3-PT ATTEMPTED,3-PT ATTEMPTED,0,1.5,OVER,STANDARD,1,0,1.5,0,0,standard,2026-02-24T22:40:00.000-05:00,2026-02-24T19:26:04.013000+00:00
10077457|Jake LaRavia|3-PT ATTEMPTED|STANDARD|1.5|UNDER,10077457,Jake LaRavia,LAL,3-PT ATTEMPTED,3-PT ATTEMPTED,0,1.5,UNDER,STANDARD,0,1,1.5,0,0,standard,2026-02-24T22:40:00.000-05:00,2026-02-24T19:26:04.013000+00:00
10077540|Luka Dončić|3-PT ATTEMPTED|GOBLIN|9.5|OVER,10077540,Luka Dončić,LAL,3-PT ATTEMPTED,3-PT ATTEMPTED,0,9.5,OVER,GOBLIN,1,0,9.5,0,0,goblin,2026-02-24T22:40:00.000-05:00,2026-02-24T19:26:04.013000+00:00
10077561|Luke Kennard|3-PT ATTEMPTED|STANDARD|2.5|OVER,10077561,Luke Kennard,LAL,3-PT ATTEMPTED,3-PT ATTEMPTED,0,2.5,OVER,STANDARD,1,0,2.5,0,0,standard,2026-02-24T22:40:00.000-05:00,2026-02-24T19:26:04.013000+00:00
10077561|Luke Kennard|3-PT ATTEMPTED|STANDARD|2.5|UNDER,10077561,Luke Kennard,LAL,3-PT ATTEMPTED,3-PT ATTEMPTED,0,2.5,UNDER,STANDARD,0,1,2.5,0,0,standard,2026-02-24T22:40:00.000-05:00,2026-02-24T19:26:04.013000+00:00
10077600|Marcus Smart|3-PT ATTEMPTED|GOBLIN|2.5|OVER,10077600,Marcus Smart,LAL,3-PT ATTEMPTED,3-PT ATTEMPTED,0,2.5,OVER,GOBLIN,1,0,2.5,0,0,goblin,2026-02-24T22:40:00.000-05:00,2026-02-24T19:26:04.013000+00:00
10077694|Wendell Carter|3-PT ATTEMPTED|GOBLIN|2.5|OVER,10077694,Wendell Carter,ORL,3-PT ATTEMPTED,3-PT ATTEMPTED,0,2.5,OVER,GOBLIN,1,0,2.5,0,0,goblin,2026-02-24T22:40:00.000-05:00,2026-02-24T19:26:04.013000+00:00
10085623|Austin Reaves|3-PT ATTEMPTED|DEMON|5.5|OVER,10085623,Austin Reaves,LAL,3-PT ATTEMPTED,3-PT ATTEMPTED,0,5.5,OVER,DEMON,1,0,5.5,0,0,demon,2026-02-24T22:40:00.000-05:00,2026-02-24T19:26:04.013000+00:00
10086591|Jaden McDaniels|3-PT ATTEMPTED|GOBLIN|3.5|OVER,10086591,Jaden McDaniels,MIN,3-PT ATTEMPTED,3-PT ATTEMPTED,0,3.5,OVER,GOBLIN,1,0,3.5,0,0,goblin,2026-02-24T22:10:00.000-05:00,2026-02-24T19:26:04.013000+00:00
10086959|Sidy Cissoko|3-PT ATTEMPTED|STANDARD|2.5|OVER,10086959,Sidy Cissoko,POR,3-PT ATTEMPTED,3-PT ATTEMPTED,0,2.5,OVER,STANDARD,1,0,2.5,0,0,standard,2026-02-24T22:10:00.000-05:00,2026-02-24T19:26:04.013000+00:00
10086959|Sidy Cissoko|3-PT ATTEMPTED|STANDARD|2.5|UNDER,10086959,Sidy Cissoko,POR,3-PT ATTEMPTED,3-PT ATTEMPTED,0,2.5,UNDER,STANDARD,0,1,2.5,0,0,standard,2026-02-24T22:10:00.000-05:00,2026-02-24T19:26:04.013000+00:00
10071895|Neemias Queta|PRA|GOBLIN|15.5|OVER,10071895,Neemias Queta,BOS,PRA,PTS+REBS+ASTS,1,15.5,OVER,GOBLIN,1,0,15.5,0,0,goblin,2026-02-24T21:10:00.000-05:00,2026-02-24T19:24:57.736000+00:00
10097846|Nikola Vučević|PR|GOBLIN|19.5|OVER,10097846,Nikola Vučević,BOS,PR,PTS+REBS,1,19.5,OVER,GOBLIN,1,0,19.5,0,0,goblin,2026-02-24T21:10:00.000-05:00,2026-02-24T19:23:18.543000+00:00
10072043|Nikola Vučević|RA|GOBLIN|9.5|OVER,10072043,Nikola Vučević,BOS,RA,REBS+ASTS,1,9.5,OVER,GOBLIN,1,0,9.5,0,0,goblin,2026-02-24T21:10:00.000-05:00,2026-02-24T19:22:50.411000+00:00
10090146|Jerami Grant|PTS|GOBLIN|18.5|OVER,10090146,Jerami Grant,POR,PTS,POINTS,1,18.5,OVER,GOBLIN,1,0,18.5,0,0,goblin,2026-02-24T22:10:00.000-05:00,2026-02-24T19:22:36.536000+00:00
10071971|Sam Hauser|REB|DEMON|5.5|OVER,10071971,Sam Hauser,BOS,REB,REBOUNDS,1,5.5,OVER,DEMON,1,0,5.5,0,0,demon,2026-02-24T21:10:00.000-05:00,2026-02-24T19:22:36.108000+00:00
10094649|Derrick White|QUARTERS WITH 3+ POINTS|DEMON|3.5|OVER,10094649,Derrick White,BOS,QUARTERS WITH 3+ POINTS,QUARTERS WITH 3+ POINTS,0,3.5,OVER,DEMON,1,0,3.5,0,0,demon,2026-02-24T21:10:00.000-05:00,2026-02-24T19:20:57.868000+00:00
10095931|Moritz Wagner|TOV|GOBLIN|0.5|OVER,10095931,Moritz Wagner,ORL,TOV,TURNOVERS,1,0.5,OVER,GOBLIN,1,0,0.5,0,0,goblin,2026-02-24T22:40:00.000-05:00,2026-02-24T19:20:30.029000+00:00
10093743|Tristan Silva|TOV|GOBLIN|0.5|OVER,10093743,Tristan Silva,ORL,TOV,TURNOVERS,1,0.5,OVER,GOBLIN,1,0,0.5,0,0,goblin,2026-02-24T22:40:00.000-05:00,2026-02-24T19:20:30.019000+00:00
10065681|Anthony Black|PR|STANDARD|19.5|OVER,10065681,Anthony Black,ORL,PR,PTS+REBS,1,19.5,OVER,STANDARD,1,0,19.5,0,0,standard,2026-02-24T22:40:00.000-05:00,2026-02-24T19:19:04.966000+00:00
10065681|Anthony Black|PR|STANDARD|19.5|UNDER,10065681,Anthony Black,ORL,PR,PTS+REBS,1,19.5,UNDER,STANDARD,0,1,19.5,0,0,standard,2026-02-24T22:40:00.000-05:00,2026-02-24T19:19:04.966000+00:00
10083984|Sam Hauser|PRA|GOBLIN|14.5|OVER,10083984,Sam Hauser,BOS,PRA,PTS+REBS+ASTS,1,14.5,OVER,GOBLIN,1,0,14.5,0,0,goblin,2026-02-24T21:10:00.000-05:00,2026-02-24T19:18:03.807000+00:00
10097845|Nikola Vučević|PA|DEMON|24.5|OVER,10097845,Nikola Vučević,BOS,PA,PTS+ASTS,1,24.5,OVER,DEMON,1,0,24.5,0,0,demon,2026-02-24T21:10:00.000-05:00,2026-02-24T19:16:58.603000+00:00
10097844|Neemias Queta|PA|GOBLIN|9.5|OVER,10097844,Neemias Queta,BOS,PA,PTS+ASTS,1,9.5,OVER,GOBLIN,1,0,9.5,0,0,goblin,2026-02-24T21:10:00.000-05:00,2026-02-24T19:16:58.015000+00:00
10097842|Derrick White|PR|DEMON|34.5|OVER,10097842,Derrick White,BOS,PR,PTS+REBS,1,34.5,OVER,DEMON,1,0,34.5,0,0,demon,2026-02-24T21:10:00.000-05:00,2026-02-24T19:16:55.934000+00:00
10095130|Nikola Vučević|FANTASY SCORE|STANDARD|28.5|OVER,10095130,Nikola Vučević,BOS,FANTASY SCORE,FANTASY SCORE,0,28.5,OVER,STANDARD,1,0,28.5,0,0,standard,2026-02-24T21:10:00.000-05:00,2026-02-24T19:15:36.655000+00:00
10095130|Nikola Vučević|FANTASY SCORE|STANDARD|28.5|UNDER,10095130,Nikola Vučević,BOS,FANTASY SCORE,FANTASY SCORE,0,28.5,UNDER,STANDARD,0,1,28.5,0,0,standard,2026-02-24T21:10:00.000-05:00,2026-02-24T19:15:36.655000+00:00
10097785|Payton Pritchard|RA|GOBLIN|9.5|OVER,10097785,Payton Pritchard,BOS,RA,REBS+ASTS,1,9.5,OVER,GOBLIN,1,0,9.5,0,0,goblin,2026-02-24T21:10:00.000-05:00,2026-02-24T19:15:26.104000+00:00
10086465|Anthony Edwards|STL|DEMON|2.5|OVER,10086465,Anthony Edwards,MIN,STL,STEALS,1,2.5,OVER,DEMON,1,0,2.5,0,0,demon,2026-02-24T22:10:00.000-05:00,2026-02-24T19:14:41.929000+00:00
10089390|Neemias Queta|PTS|GOBLIN|5.5|OVER,10089390,Neemias Queta,BOS,PTS,POINTS,1,5.5,OVER,GOBLIN,1,0,5.5,0,0,goblin,2026-02-24T21:10:00.000-05:00,2026-02-24T19:14:27.723000+00:00
10086512|Donovan Clingan|AST|DEMON|4.5|OVER,10086512,Donovan Clingan,POR,AST,ASSISTS,1,4.5,OVER,DEMON,1,0,4.5,0,0,demon,2026-02-24T22:10:00.000-05:00,2026-02-24T19:14:09.023000+00:00
10083981|Sam Hauser|PTS|GOBLIN|8.5|OVER,10083981,Sam Hauser,BOS,PTS,POINTS,1,8.5,OVER,GOBLIN,1,0,8.5,0,0,goblin,2026-02-24T21:10:00.000-05:00,2026-02-24T19:14:08.821000+00:00
10086743|Julius Randle|PA|STANDARD|25.5|OVER,10086743,Julius Randle,MIN,PA,PTS+ASTS,1,25.5,OVER,STANDARD,1,0,25.5,0,0,standard,2026-02-24T22:10:00.000-05:00,2026-02-24T19:13:36.742000+00:00
10086743|Julius Randle|PA|STANDARD|25.5|UNDER,10086743,Julius Randle,MIN,PA,PTS+ASTS,1,25.5,UNDER,STANDARD,0,1,25.5,0,0,standard,2026-02-24T22:10:00.000-05:00,2026-02-24T19:13:36.742000+00:00
10096495|Ayo Dosunmu|RA|DEMON|9.5|OVER,10096495,Ayo Dosunmu,MIN,RA,REBS+ASTS,1,9.5,OVER,DEMON,1,0,9.5,0,0,demon,2026-02-24T22:10:00.000-05:00,2026-02-24T19:11:48.769000+00:00
10097476|Neemias Queta|PTS|STANDARD|9.5|OVER,10097476,Neemias Queta,BOS,PTS,POINTS,1,9.5,OVER,STANDARD,1,0,9.5,0,0,standard,2026-02-24T21:10:00.000-05:00,2026-02-24T19:11:42.142000+00:00
10097476|Neemias Queta|PTS|STANDARD|9.5|UNDER,10097476,Neemias Queta,BOS,PTS,POINTS,1,9.5,UNDER,STANDARD,0,1,9.5,0,0,standard,2026-02-24T21:10:00.000-05:00,2026-02-24T19:11:42.142000+00:00
10086900|Rudy Gobert|PRA|STANDARD|24.5|OVER,10086900,Rudy Gobert,MIN,PRA,PTS+REBS+ASTS,1,24.5,OVER,STANDARD,1,0,24.5,0,0,standard,2026-02-24T22:10:00.000-05:00,2026-02-24T19:11:13.126000+00:00
10086900|Rudy Gobert|PRA|STANDARD|24.5|UNDER,10086900,Rudy Gobert,MIN,PRA,PTS+REBS+ASTS,1,24.5,UNDER,STANDARD,0,1,24.5,0,0,standard,2026-02-24T22:10:00.000-05:00,2026-02-24T19:11:13.126000+00:00
10093792|Derrick White|BS|GOBLIN|1.5|OVER,10093792,Derrick White,BOS,BS,BLKS+STLS,1,1.5,OVER,GOBLIN,1,0,1.5,0,0,goblin,2026-02-24T21:10:00.000-05:00,2026-02-24T19:09:57.312000+00:00
10086897|Rudy Gobert|PA|STANDARD|12.5|OVER,10086897,Rudy Gobert,MIN,PA,PTS+ASTS,1,12.5,OVER,STANDARD,1,0,12.5,0,0,standard,2026-02-24T22:10:00.000-05:00,2026-02-24T19:09:23.091000+00:00
10086897|Rudy Gobert|PA|STANDARD|12.5|UNDER,10086897,Rudy Gobert,MIN,PA,PTS+ASTS,1,12.5,UNDER,STANDARD,0,1,12.5,0,0,standard,2026-02-24T22:10:00.000-05:00,2026-02-24T19:09:23.091000+00:00
10086584|Donte DiVincenzo|RA|DEMON|10.5|OVER,10086584,Donte DiVincenzo,MIN,RA,REBS+ASTS,1,10.5,OVER,DEMON,1,0,10.5,0,0,demon,2026-02-24T22:10:00.000-05:00,2026-02-24T19:06:57.146000+00:00
10097478|Payton Pritchard|AST|GOBLIN|5.5|OVER,10097478,Payton Pritchard,BOS,AST,ASSISTS,1,5.5,OVER,GOBLIN,1,0,5.5,0,0,goblin,2026-02-24T21:10:00.000-05:00,2026-02-24T19:05:56.775000+00:00
10097092|Baylor Scheierman|FG3M|GOBLIN|0.5|OVER,10097092,Baylor Scheierman,BOS,FG3M,3-PT MADE,1,0.5,OVER,GOBLIN,1,0,0.5,0,0,goblin,2026-02-24T21:10:00.000-05:00,2026-02-24T19:05:11.688000+00:00
10071688|Nikola Vučević|FG3M|GOBLIN|0.5|OVER,10071688,Nikola Vučević,BOS,FG3M,3-PT MADE,1,0.5,OVER,GOBLIN,1,0,0.5,0,0,goblin,2026-02-24T21:10:00.000-05:00,2026-02-24T19:04:30.388000+00:00
10071905|Nikola Vučević|FG3M|DEMON|1.5|OVER,10071905,Nikola Vučević,BOS,FG3M,3-PT MADE,1,1.5,OVER,DEMON,1,0,1.5,0,0,demon,2026-02-24T21:10:00.000-05:00,2026-02-24T19:04:30.313000+00:00
10071906|Nikola Vučević|FG3M|DEMON|2.5|OVER,10071906,Nikola Vučević,BOS,FG3M,3-PT MADE,1,2.5,OVER,DEMON,1,0,2.5,0,0,demon,2026-02-24T21:10:00.000-05:00,2026-02-24T19:04:30.222000+00:00
10071925|Nikola Vučević|RA|GOBLIN|8.5|OVER,10071925,Nikola Vučević,BOS,RA,REBS+ASTS,1,8.5,OVER,GOBLIN,1,0,8.5,0,0,goblin,2026-02-24T21:10:00.000-05:00,2026-02-24T19:04:11.972000+00:00
10071923|Nikola Vučević|RA|DEMON|12.5|OVER,10071923,Nikola Vučević,BOS,RA,REBS+ASTS,1,12.5,OVER,DEMON,1,0,12.5,0,0,demon,2026-02-24T21:10:00.000-05:00,2026-02-24T19:04:11.743000+00:00
10071924|Nikola Vučević|RA|STANDARD|10.5|OVER,10071924,Nikola Vučević,BOS,RA,REBS+ASTS,1,10.5,OVER,STANDARD,1,0,10.5,0,0,standard,2026-02-24T21:10:00.000-05:00,2026-02-24T19:04:11.653000+00:00
10071924|Nikola Vučević|RA|STANDARD|10.5|UNDER,10071924,Nikola Vučević,BOS,RA,REBS+ASTS,1,10.5,UNDER,STANDARD,0,1,10.5,0,0,standard,2026-02-24T21:10:00.000-05:00,2026-02-24T19:04:11.653000+00:00
10089394|Nikola Vučević|PA|DEMON|19.5|OVER,10089394,Nikola Vučević,BOS,PA,PTS+ASTS,1,19.5,OVER,DEMON,1,0,19.5,0,0,demon,2026-02-24T21:10:00.000-05:00,2026-02-24T19:03:40.295000+00:00
10089396|Nikola Vučević|PR|DEMON|29.5|OVER,10089396,Nikola Vučević,BOS,PR,PTS+REBS,1,29.5,OVER,DEMON,1,0,29.5,0,0,demon,2026-02-24T21:10:00.000-05:00,2026-02-24T19:03:06.447000+00:00
10089395|Nikola Vučević|PR|DEMON|24.5|OVER,10089395,Nikola Vučević,BOS,PR,PTS+REBS,1,24.5,OVER,DEMON,1,0,24.5,0,0,demon,2026-02-24T21:10:00.000-05:00,2026-02-24T19:03:06.371000+00:00
10071698|Nikola Vučević|PR|STANDARD|21.5|OVER,10071698,Nikola Vučević,BOS,PR,PTS+REBS,1,21.5,OVER,STANDARD,1,0,21.5,0,0,standard,2026-02-24T21:10:00.000-05:00,2026-02-24T19:03:06.124000+00:00
10071698|Nikola Vučević|PR|STANDARD|21.5|UNDER,10071698,Nikola Vučević,BOS,PR,PTS+REBS,1,21.5,UNDER,STANDARD,0,1,21.5,0,0,standard,2026-02-24T21:10:00.000-05:00,2026-02-24T19:03:06.124000+00:00
10071689|Nikola Vučević|AST|GOBLIN|1.5|OVER,10071689,Nikola Vučević,BOS,AST,ASSISTS,1,1.5,OVER,GOBLIN,1,0,1.5,0,0,goblin,2026-02-24T21:10:00.000-05:00,2026-02-24T19:02:38.507000+00:00
10071908|Nikola Vučević|AST|DEMON|3.5|OVER,10071908,Nikola Vučević,BOS,AST,ASSISTS,1,3.5,OVER,DEMON,1,0,3.5,0,0,demon,2026-02-24T21:10:00.000-05:00,2026-02-24T19:02:38.356000+00:00
10083967|Nikola Vučević|AST|DEMON|4.5|OVER,10083967,Nikola Vučević,BOS,AST,ASSISTS,1,4.5,OVER,DEMON,1,0,4.5,0,0,demon,2026-02-24T21:10:00.000-05:00,2026-02-24T19:02:38.255000+00:00
10095605|Rudy Gobert|TOV|DEMON|1.5|OVER,10095605,Rudy Gobert,MIN,TOV,TURNOVERS,1,1.5,OVER,DEMON,1,0,1.5,0,0,demon,2026-02-24T22:10:00.000-05:00,2026-02-24T19:02:36.975000+00:00
10089233|Nikola Vučević|REB|GOBLIN|5.5|OVER,10089233,Nikola Vučević,BOS,REB,REBOUNDS,1,5.5,OVER,GOBLIN,1,0,5.5,0,0,goblin,2026-02-24T21:10:00.000-05:00,2026-02-24T19:02:21.619000+00:00
10071921|Nikola Vučević|REB|GOBLIN|6.5|OVER,10071921,Nikola Vučević,BOS,REB,REBOUNDS,1,6.5,OVER,GOBLIN,1,0,6.5,0,0,goblin,2026-02-24T21:10:00.000-05:00,2026-02-24T19:02:21.542000+00:00
10083972|Nikola Vučević|REB|STANDARD|7.5|OVER,10083972,Nikola Vučević,BOS,REB,REBOUNDS,1,7.5,OVER,STANDARD,1,0,7.5,0,0,standard,2026-02-24T21:10:00.000-05:00,2026-02-24T19:02:21.470000+00:00
10083972|Nikola Vučević|REB|STANDARD|7.5|UNDER,10083972,Nikola Vučević,BOS,REB,REBOUNDS,1,7.5,UNDER,STANDARD,0,1,7.5,0,0,standard,2026-02-24T21:10:00.000-05:00,2026-02-24T19:02:21.470000+00:00
10071919|Nikola Vučević|REB|DEMON|8.5|OVER,10071919,Nikola Vučević,BOS,REB,REBOUNDS,1,8.5,OVER,DEMON,1,0,8.5,0,0,demon,2026-02-24T21:10:00.000-05:00,2026-02-24T19:02:21.394000+00:00
10071918|Nikola Vučević|REB|DEMON|9.5|OVER,10071918,Nikola Vučević,BOS,REB,REBOUNDS,1,9.5,OVER,DEMON,1,0,9.5,0,0,demon,2026-02-24T21:10:00.000-05:00,2026-02-24T19:02:21.316000+00:00
10071920|Nikola Vučević|REB|DEMON|10.5|OVER,10071920,Nikola Vučević,BOS,REB,REBOUNDS,1,10.5,OVER,DEMON,1,0,10.5,0,0,demon,2026-02-24T21:10:00.000-05:00,2026-02-24T19:02:21.228000+00:00
10071917|Nikola Vučević|PRA|GOBLIN|19.5|OVER,10071917,Nikola Vučević,BOS,PRA,PTS+REBS+ASTS,1,19.5,OVER,GOBLIN,1,0,19.5,0,0,goblin,2026-02-24T21:10:00.000-05:00,2026-02-24T19:02:01.888000+00:00
10071914|Nikola Vučević|PRA|STANDARD|24.5|OVER,10071914,Nikola Vučević,BOS,PRA,PTS+REBS+ASTS,1,24.5,OVER,STANDARD,1,0,24.5,0,0,standard,2026-02-24T21:10:00.000-05:00,2026-02-24T19:02:01.624000+00:00
10071914|Nikola Vučević|PRA|STANDARD|24.5|UNDER,10071914,Nikola Vučević,BOS,PRA,PTS+REBS+ASTS,1,24.5,UNDER,STANDARD,0,1,24.5,0,0,standard,2026-02-24T21:10:00.000-05:00,2026-02-24T19:02:01.624000+00:00
10071573|Baylor Scheierman|AST|GOBLIN|1.5|OVER,10071573,Baylor Scheierman,BOS,AST,ASSISTS,1,1.5,OVER,GOBLIN,1,0,1.5,0,0,goblin,2026-02-24T21:10:00.000-05:00,2026-02-24T19:02:00.680000+00:00
10071575|Baylor Scheierman|BLOCKED SHOTS|DEMON|0.5|OVER,10071575,Baylor Scheierman,BOS,BLOCKED SHOTS,BLOCKED SHOTS,0,0.5,OVER,DEMON,1,0,0.5,0,0,demon,2026-02-24T21:10:00.000-05:00,2026-02-24T19:02:00.680000+00:00
10071586|Baylor Scheierman|TOV|GOBLIN|0.5|OVER,10071586,Baylor Scheierman,BOS,TOV,TURNOVERS,1,0.5,OVER,GOBLIN,1,0,0.5,0,0,goblin,2026-02-24T21:10:00.000-05:00,2026-02-24T19:02:00.680000+00:00
10071793|Baylor Scheierman|FG3M|DEMON|2.5|OVER,10071793,Baylor Scheierman,BOS,FG3M,3-PT MADE,1,2.5,OVER,DEMON,1,0,2.5,0,0,demon,2026-02-24T21:10:00.000-05:00,2026-02-24T19:02:00.680000+00:00
10071794|Baylor Scheierman|AST|DEMON|2.5|OVER,10071794,Baylor Scheierman,BOS,AST,ASSISTS,1,2.5,OVER,DEMON,1,0,2.5,0,0,demon,2026-02-24T21:10:00.000-05:00,2026-02-24T19:02:00.680000+00:00
10071797|Baylor Scheierman|PTS|DEMON|9.5|OVER,10071797,Baylor Scheierman,BOS,PTS,POINTS,1,9.5,OVER,DEMON,1,0,9.5,0,0,demon,2026-02-24T21:10:00.000-05:00,2026-02-24T19:02:00.680000+00:00
10071800|Baylor Scheierman|PTS|GOBLIN|5.5|OVER,10071800,Baylor Scheierman,BOS,PTS,POINTS,1,5.5,OVER,GOBLIN,1,0,5.5,0,0,goblin,2026-02-24T21:10:00.000-05:00,2026-02-24T19:02:00.680000+00:00
10071803|Baylor Scheierman|PRA|DEMON|19.5|OVER,10071803,Baylor Scheierman,BOS,PRA,PTS+REBS+ASTS,1,19.5,OVER,DEMON,1,0,19.5,0,0,demon,2026-02-24T21:10:00.000-05:00,2026-02-24T19:02:00.680000+00:00
10071805|Baylor Scheierman|REB|DEMON|6.5|OVER,10071805,Baylor Scheierman,BOS,REB,REBOUNDS,1,6.5,OVER,DEMON,1,0,6.5,0,0,demon,2026-02-24T21:10:00.000-05:00,2026-02-24T19:02:00.680000+00:00
10071806|Baylor Scheierman|REB|DEMON|5.5|OVER,10071806,Baylor Scheierman,BOS,REB,REBOUNDS,1,5.5,OVER,DEMON,1,0,5.5,0,0,demon,2026-02-24T21:10:00.000-05:00,2026-02-24T19:02:00.680000+00:00
10071807|Baylor Scheierman|REB|DEMON|7.5|OVER,10071807,Baylor Scheierman,BOS,REB,REBOUNDS,1,7.5,OVER,DEMON,1,0,7.5,0,0,demon,2026-02-24T21:10:00.000-05:00,2026-02-24T19:02:00.680000+00:00
10071808|Baylor Scheierman|REB|GOBLIN|3.5|OVER,10071808,Baylor Scheierman,BOS,REB,REBOUNDS,1,3.5,OVER,GOBLIN,1,0,3.5,0,0,goblin,2026-02-24T21:10:00.000-05:00,2026-02-24T19:02:00.680000+00:00
10071809|Baylor Scheierman|RA|DEMON|8.5|OVER,10071809,Baylor Scheierman,BOS,RA,REBS+ASTS,1,8.5,OVER,DEMON,1,0,8.5,0,0,demon,2026-02-24T21:10:00.000-05:00,2026-02-24T19:02:00.680000+00:00
10071811|Baylor Scheierman|RA|DEMON|9.5|OVER,10071811,Baylor Scheierman,BOS,RA,REBS+ASTS,1,9.5,OVER,DEMON,1,0,9.5,0,0,demon,2026-02-24T21:10:00.000-05:00,2026-02-24T19:02:00.680000+00:00
10071813|Baylor Scheierman|STL|DEMON|1.5|OVER,10071813,Baylor Scheierman,BOS,STL,STEALS,1,1.5,OVER,DEMON,1,0,1.5,0,0,demon,2026-02-24T21:10:00.000-05:00,2026-02-24T19:02:00.680000+00:00
10083951|Baylor Scheierman|PTS|GOBLIN|4.5|OVER,10083951,Baylor Scheierman,BOS,PTS,POINTS,1,4.5,OVER,GOBLIN,1,0,4.5,0,0,goblin,2026-02-24T21:10:00.000-05:00,2026-02-24T19:02:00.680000+00:00
10083953|Baylor Scheierman|RA|GOBLIN|6.5|OVER,10083953,Baylor Scheierman,BOS,RA,REBS+ASTS,1,6.5,OVER,GOBLIN,1,0,6.5,0,0,goblin,2026-02-24T21:10:00.000-05:00,2026-02-24T19:02:00.680000+00:00
10084632|Baylor Scheierman|STL|DEMON|2.5|OVER,10084632,Baylor Scheierman,BOS,STL,STEALS,1,2.5,OVER,DEMON,1,0,2.5,0,0,demon,2026-02-24T21:10:00.000-05:00,2026-02-24T19:02:00.680000+00:00
10089381|Baylor Scheierman|PA|DEMON|14.5|OVER,10089381,Baylor Scheierman,BOS,PA,PTS+ASTS,1,14.5,OVER,DEMON,1,0,14.5,0,0,demon,2026-02-24T21:10:00.000-05:00,2026-02-24T19:02:00.680000+00:00
10083952|Baylor Scheierman|REB|STANDARD|5|OVER,10083952,Baylor Scheierman,BOS,REB,REBOUNDS,1,5.0,OVER,STANDARD,1,0,5.0,0,0,standard,2026-02-24T21:10:00.000-05:00,2026-02-24T19:01:42.591000+00:00
10083952|Baylor Scheierman|REB|STANDARD|5|UNDER,10083952,Baylor Scheierman,BOS,REB,REBOUNDS,1,5.0,UNDER,STANDARD,0,1,5.0,0,0,standard,2026-02-24T21:10:00.000-05:00,2026-02-24T19:01:42.591000+00:00
10083965|Neemias Queta|TOV|DEMON|1.5|OVER,10083965,Neemias Queta,BOS,TOV,TURNOVERS,1,1.5,OVER,DEMON,1,0,1.5,0,0,demon,2026-02-24T21:10:00.000-05:00,2026-02-24T19:01:11.273000+00:00
10071683|Neemias Queta|STL|GOBLIN|0.5|OVER,10071683,Neemias Queta,BOS,STL,STEALS,1,0.5,OVER,GOBLIN,1,0,0.5,0,0,goblin,2026-02-24T21:10:00.000-05:00,2026-02-24T19:01:11.189000+00:00
10071904|Neemias Queta|STL|DEMON|1.5|OVER,10071904,Neemias Queta,BOS,STL,STEALS,1,1.5,OVER,DEMON,1,0,1.5,0,0,demon,2026-02-24T21:10:00.000-05:00,2026-02-24T19:01:11.114000+00:00
10071910|Nikola Vučević|PTS|STANDARD|13.5|OVER,10071910,Nikola Vučević,BOS,PTS,POINTS,1,13.5,OVER,STANDARD,1,0,13.5,0,0,standard,2026-02-24T21:10:00.000-05:00,2026-02-24T19:01:03.687000+00:00
10071910|Nikola Vučević|PTS|STANDARD|13.5|UNDER,10071910,Nikola Vučević,BOS,PTS,POINTS,1,13.5,UNDER,STANDARD,0,1,13.5,0,0,standard,2026-02-24T21:10:00.000-05:00,2026-02-24T19:01:03.687000+00:00
10071913|Nikola Vučević|PTS|GOBLIN|9.5|OVER,10071913,Nikola Vučević,BOS,PTS,POINTS,1,9.5,OVER,GOBLIN,1,0,9.5,0,0,goblin,2026-02-24T21:10:00.000-05:00,2026-02-24T19:00:49.256000+00:00
10083968|Nikola Vučević|PTS|GOBLIN|10.5|OVER,10083968,Nikola Vučević,BOS,PTS,POINTS,1,10.5,OVER,GOBLIN,1,0,10.5,0,0,goblin,2026-02-24T21:10:00.000-05:00,2026-02-24T19:00:49.178000+00:00
10071911|Nikola Vučević|PTS|DEMON|15.5|OVER,10071911,Nikola Vučević,BOS,PTS,POINTS,1,15.5,OVER,DEMON,1,0,15.5,0,0,demon,2026-02-24T21:10:00.000-05:00,2026-02-24T19:00:49.104000+00:00
10071912|Nikola Vučević|PTS|DEMON|17.5|OVER,10071912,Nikola Vučević,BOS,PTS,POINTS,1,17.5,OVER,DEMON,1,0,17.5,0,0,demon,2026-02-24T21:10:00.000-05:00,2026-02-24T19:00:49.013000+00:00
10071894|Neemias Queta|PRA|GOBLIN|14.5|OVER,10071894,Neemias Queta,BOS,PRA,PTS+REBS+ASTS,1,14.5,OVER,GOBLIN,1,0,14.5,0,0,goblin,2026-02-24T21:10:00.000-05:00,2026-02-24T19:00:46.666000+00:00
10071900|Neemias Queta|RA|DEMON|10.5|OVER,10071900,Neemias Queta,BOS,RA,REBS+ASTS,1,10.5,OVER,DEMON,1,0,10.5,0,0,demon,2026-02-24T21:10:00.000-05:00,2026-02-24T19:00:40.381000+00:00
10071902|Neemias Queta|RA|DEMON|11.5|OVER,10071902,Neemias Queta,BOS,RA,REBS+ASTS,1,11.5,OVER,DEMON,1,0,11.5,0,0,demon,2026-02-24T21:10:00.000-05:00,2026-02-24T19:00:40.310000+00:00
10083964|Neemias Queta|REB|GOBLIN|5.5|OVER,10083964,Neemias Queta,BOS,REB,REBOUNDS,1,5.5,OVER,GOBLIN,1,0,5.5,0,0,goblin,2026-02-24T21:10:00.000-05:00,2026-02-24T19:00:40.086000+00:00
10071899|Neemias Queta|REB|GOBLIN|6.5|OVER,10071899,Neemias Queta,BOS,REB,REBOUNDS,1,6.5,OVER,GOBLIN,1,0,6.5,0,0,goblin,2026-02-24T21:10:00.000-05:00,2026-02-24T19:00:39.994000+00:00
10089408|Sam Hauser|PA|DEMON|14.5|OVER,10089408,Sam Hauser,BOS,PA,PTS+ASTS,1,14.5,OVER,DEMON,1,0,14.5,0,0,demon,2026-02-24T21:10:00.000-05:00,2026-02-24T19:00:37.021000+00:00
10096241|Sam Hauser|PA|DEMON|19.5|OVER,10096241,Sam Hauser,BOS,PA,PTS+ASTS,1,19.5,OVER,DEMON,1,0,19.5,0,0,demon,2026-02-24T21:10:00.000-05:00,2026-02-24T19:00:37.008000+00:00
10089409|Sam Hauser|PA|GOBLIN|9.5|OVER,10089409,Sam Hauser,BOS,PA,PTS+ASTS,1,9.5,OVER,GOBLIN,1,0,9.5,0,0,goblin,2026-02-24T21:10:00.000-05:00,2026-02-24T19:00:37.005000+00:00
10096477|Neemias Queta|PA|DEMON|14.5|OVER,10096477,Neemias Queta,BOS,PA,PTS+ASTS,1,14.5,OVER,DEMON,1,0,14.5,0,0,demon,2026-02-24T21:10:00.000-05:00,2026-02-24T19:00:36.901000+00:00
10089393|Neemias Queta|PR|GOBLIN|14.5|OVER,10089393,Neemias Queta,BOS,PR,PTS+REBS,1,14.5,OVER,GOBLIN,1,0,14.5,0,0,goblin,2026-02-24T21:10:00.000-05:00,2026-02-24T19:00:26.970000+00:00
10089391|Neemias Queta|PR|DEMON|19.5|OVER,10089391,Neemias Queta,BOS,PR,PTS+REBS,1,19.5,OVER,DEMON,1,0,19.5,0,0,demon,2026-02-24T21:10:00.000-05:00,2026-02-24T19:00:26.958000+00:00
10071898|Neemias Queta|REB|DEMON|10.5|OVER,10071898,Neemias Queta,BOS,REB,REBOUNDS,1,10.5,OVER,DEMON,1,0,10.5,0,0,demon,2026-02-24T21:10:00.000-05:00,2026-02-24T19:00:22.051000+00:00
10071896|Neemias Queta|REB|DEMON|9.5|OVER,10071896,Neemias Queta,BOS,REB,REBOUNDS,1,9.5,OVER,DEMON,1,0,9.5,0,0,demon,2026-02-24T21:10:00.000-05:00,2026-02-24T19:00:21.975000+00:00
10071897|Neemias Queta|REB|DEMON|8.5|OVER,10071897,Neemias Queta,BOS,REB,REBOUNDS,1,8.5,OVER,DEMON,1,0,8.5,0,0,demon,2026-02-24T21:10:00.000-05:00,2026-02-24T19:00:21.899000+00:00
10086884|Rudy Gobert|AST|DEMON|1.5|OVER,10086884,Rudy Gobert,MIN,AST,ASSISTS,1,1.5,OVER,DEMON,1,0,1.5,0,0,demon,2026-02-24T22:10:00.000-05:00,2026-02-24T19:00:20.688000+00:00
10071966|Sam Hauser|PTS|GOBLIN|7.5|OVER,10071966,Sam Hauser,BOS,PTS,POINTS,1,7.5,OVER,GOBLIN,1,0,7.5,0,0,goblin,2026-02-24T21:10:00.000-05:00,2026-02-24T18:59:46.879000+00:00
10069331|Payton Pritchard|PA|DEMON|34.5|OVER,10069331,Payton Pritchard,BOS,PA,PTS+ASTS,1,34.5,OVER,DEMON,1,0,34.5,0,0,demon,2026-02-24T21:10:00.000-05:00,2026-02-24T18:59:44.465000+00:00
10069107|Payton Pritchard|PA|GOBLIN|24.5|OVER,10069107,Payton Pritchard,BOS,PA,PTS+ASTS,1,24.5,OVER,GOBLIN,1,0,24.5,0,0,goblin,2026-02-24T21:10:00.000-05:00,2026-02-24T18:59:44.284000+00:00
10069087|Derrick White|PA|GOBLIN|24.5|OVER,10069087,Derrick White,BOS,PA,PTS+ASTS,1,24.5,OVER,GOBLIN,1,0,24.5,0,0,goblin,2026-02-24T21:10:00.000-05:00,2026-02-24T18:59:43.948000+00:00
10069088|Derrick White|PA|DEMON|29.5|OVER,10069088,Derrick White,BOS,PA,PTS+ASTS,1,29.5,OVER,DEMON,1,0,29.5,0,0,demon,2026-02-24T21:10:00.000-05:00,2026-02-24T18:59:43.944000+00:00
10069092|Derrick White|PRA|GOBLIN|24.5|OVER,10069092,Derrick White,BOS,PRA,PTS+REBS+ASTS,1,24.5,OVER,GOBLIN,1,0,24.5,0,0,goblin,2026-02-24T21:10:00.000-05:00,2026-02-24T18:59:43.938000+00:00
10069332|Payton Pritchard|PRA|DEMON|39.5|OVER,10069332,Payton Pritchard,BOS,PRA,PTS+REBS+ASTS,1,39.5,OVER,DEMON,1,0,39.5,0,0,demon,2026-02-24T21:10:00.000-05:00,2026-02-24T18:59:43.827000+00:00
10069110|Payton Pritchard|PR|DEMON|29.5|OVER,10069110,Payton Pritchard,BOS,PR,PTS+REBS,1,29.5,OVER,DEMON,1,0,29.5,0,0,demon,2026-02-24T21:10:00.000-05:00,2026-02-24T18:59:43.325000+00:00
10069108|Payton Pritchard|PR|GOBLIN|19.5|OVER,10069108,Payton Pritchard,BOS,PR,PTS+REBS,1,19.5,OVER,GOBLIN,1,0,19.5,0,0,goblin,2026-02-24T21:10:00.000-05:00,2026-02-24T18:59:43.306000+00:00
10089466|Sam Hauser|PR|GOBLIN|11.5|OVER,10089466,Sam Hauser,BOS,PR,PTS+REBS,1,11.5,OVER,GOBLIN,1,0,11.5,0,0,goblin,2026-02-24T21:10:00.000-05:00,2026-02-24T18:59:43.203000+00:00
10089412|Sam Hauser|PR|GOBLIN|9.5|OVER,10089412,Sam Hauser,BOS,PR,PTS+REBS,1,9.5,OVER,GOBLIN,1,0,9.5,0,0,goblin,2026-02-24T21:10:00.000-05:00,2026-02-24T18:59:43.172000+00:00
10083975|Payton Pritchard|PR|DEMON|34.5|OVER,10083975,Payton Pritchard,BOS,PR,PTS+REBS,1,34.5,OVER,DEMON,1,0,34.5,0,0,demon,2026-02-24T21:10:00.000-05:00,2026-02-24T18:59:43.171000+00:00
10095134|Sam Hauser|FANTASY SCORE|STANDARD|20.5|OVER,10095134,Sam Hauser,BOS,FANTASY SCORE,FANTASY SCORE,0,20.5,OVER,STANDARD,1,0,20.5,0,0,standard,2026-02-24T21:10:00.000-05:00,2026-02-24T18:59:23.116000+00:00
10095134|Sam Hauser|FANTASY SCORE|STANDARD|20.5|UNDER,10095134,Sam Hauser,BOS,FANTASY SCORE,FANTASY SCORE,0,20.5,UNDER,STANDARD,0,1,20.5,0,0,standard,2026-02-24T21:10:00.000-05:00,2026-02-24T18:59:23.116000+00:00
10071557|Payton Pritchard|FG3M|GOBLIN|2.5|OVER,10071557,Payton Pritchard,BOS,FG3M,3-PT MADE,1,2.5,OVER,GOBLIN,1,0,2.5,0,0,goblin,2026-02-24T21:10:00.000-05:00,2026-02-24T18:58:56.126000+00:00
10065884|Payton Pritchard|FG3M|DEMON|3.5|OVER,10065884,Payton Pritchard,BOS,FG3M,3-PT MADE,1,3.5,OVER,DEMON,1,0,3.5,0,0,demon,2026-02-24T21:10:00.000-05:00,2026-02-24T18:58:56.050000+00:00
10065885|Payton Pritchard|FG3M|DEMON|4.5|OVER,10065885,Payton Pritchard,BOS,FG3M,3-PT MADE,1,4.5,OVER,DEMON,1,0,4.5,0,0,demon,2026-02-24T21:10:00.000-05:00,2026-02-24T18:58:55.976000+00:00
10083822|Payton Pritchard|FG3M|DEMON|5.5|OVER,10083822,Payton Pritchard,BOS,FG3M,3-PT MADE,1,5.5,OVER,DEMON,1,0,5.5,0,0,demon,2026-02-24T21:10:00.000-05:00,2026-02-24T18:58:55.889000+00:00
10071943|Payton Pritchard|RA|GOBLIN|8.5|OVER,10071943,Payton Pritchard,BOS,RA,REBS+ASTS,1,8.5,OVER,GOBLIN,1,0,8.5,0,0,goblin,2026-02-24T21:10:00.000-05:00,2026-02-24T18:58:35.977000+00:00
10071942|Payton Pritchard|RA|DEMON|11.5|OVER,10071942,Payton Pritchard,BOS,RA,REBS+ASTS,1,11.5,OVER,DEMON,1,0,11.5,0,0,demon,2026-02-24T21:10:00.000-05:00,2026-02-24T18:58:35.813000+00:00
10083982|Sam Hauser|PTS|STANDARD|10.5|OVER,10083982,Sam Hauser,BOS,PTS,POINTS,1,10.5,OVER,STANDARD,1,0,10.5,0,0,standard,2026-02-24T21:10:00.000-05:00,2026-02-24T18:58:17.222000+00:00
10083982|Sam Hauser|PTS|STANDARD|10.5|UNDER,10083982,Sam Hauser,BOS,PTS,POINTS,1,10.5,UNDER,STANDARD,0,1,10.5,0,0,standard,2026-02-24T21:10:00.000-05:00,2026-02-24T18:58:17.222000+00:00
10071739|Sam Hauser|BS|GOBLIN|0.5|OVER,10071739,Sam Hauser,BOS,BS,BLKS+STLS,1,0.5,OVER,GOBLIN,1,0,0.5,0,0,goblin,2026-02-24T21:10:00.000-05:00,2026-02-24T18:58:17.020000+00:00
10071740|Sam Hauser|BLOCKED SHOTS|DEMON|0.5|OVER,10071740,Sam Hauser,BOS,BLOCKED SHOTS,BLOCKED SHOTS,0,0.5,OVER,DEMON,1,0,0.5,0,0,demon,2026-02-24T21:10:00.000-05:00,2026-02-24T18:58:17.020000+00:00
10071749|Sam Hauser|STL|STANDARD|0.5|OVER,10071749,Sam Hauser,BOS,STL,STEALS,1,0.5,OVER,STANDARD,1,0,0.5,0,0,standard,2026-02-24T21:10:00.000-05:00,2026-02-24T18:58:17.020000+00:00
10071749|Sam Hauser|STL|STANDARD|0.5|UNDER,10071749,Sam Hauser,BOS,STL,STEALS,1,0.5,UNDER,STANDARD,0,1,0.5,0,0,standard,2026-02-24T21:10:00.000-05:00,2026-02-24T18:58:17.020000+00:00
10071750|Sam Hauser|TOV|GOBLIN|0.5|OVER,10071750,Sam Hauser,BOS,TOV,TURNOVERS,1,0.5,OVER,GOBLIN,1,0,0.5,0,0,goblin,2026-02-24T21:10:00.000-05:00,2026-02-24T18:58:17.020000+00:00
10071959|Sam Hauser|FG3M|DEMON|3.5|OVER,10071959,Sam Hauser,BOS,FG3M,3-PT MADE,1,3.5,OVER,DEMON,1,0,3.5,0,0,demon,2026-02-24T21:10:00.000-05:00,2026-02-24T18:58:17.020000+00:00
10071960|Sam Hauser|FG3M|DEMON|4.5|OVER,10071960,Sam Hauser,BOS,FG3M,3-PT MADE,1,4.5,OVER,DEMON,1,0,4.5,0,0,demon,2026-02-24T21:10:00.000-05:00,2026-02-24T18:58:17.020000+00:00
10071961|Sam Hauser|FG3M|GOBLIN|1.5|OVER,10071961,Sam Hauser,BOS,FG3M,3-PT MADE,1,1.5,OVER,GOBLIN,1,0,1.5,0,0,goblin,2026-02-24T21:10:00.000-05:00,2026-02-24T18:58:17.020000+00:00
10071962|Sam Hauser|AST|DEMON|2.5|OVER,10071962,Sam Hauser,BOS,AST,ASSISTS,1,2.5,OVER,DEMON,1,0,2.5,0,0,demon,2026-02-24T21:10:00.000-05:00,2026-02-24T18:58:17.020000+00:00
10071964|Sam Hauser|PTS|DEMON|12.5|OVER,10071964,Sam Hauser,BOS,PTS,POINTS,1,12.5,OVER,DEMON,1,0,12.5,0,0,demon,2026-02-24T21:10:00.000-05:00,2026-02-24T18:58:17.020000+00:00
10071965|Sam Hauser|PTS|DEMON|13.5|OVER,10071965,Sam Hauser,BOS,PTS,POINTS,1,13.5,OVER,DEMON,1,0,13.5,0,0,demon,2026-02-24T21:10:00.000-05:00,2026-02-24T18:58:17.020000+00:00
10071967|Sam Hauser|PRA|DEMON|18.5|OVER,10071967,Sam Hauser,BOS,PRA,PTS+REBS+ASTS,1,18.5,OVER,DEMON,1,0,18.5,0,0,demon,2026-02-24T21:10:00.000-05:00,2026-02-24T18:58:17.020000+00:00
10071969|Sam Hauser|PRA|DEMON|20.5|OVER,10071969,Sam Hauser,BOS,PRA,PTS+REBS+ASTS,1,20.5,OVER,DEMON,1,0,20.5,0,0,demon,2026-02-24T21:10:00.000-05:00,2026-02-24T18:58:17.020000+00:00
10071972|Sam Hauser|REB|DEMON|4.5|OVER,10071972,Sam Hauser,BOS,REB,REBOUNDS,1,4.5,OVER,DEMON,1,0,4.5,0,0,demon,2026-02-24T21:10:00.000-05:00,2026-02-24T18:58:17.020000+00:00
10071974|Sam Hauser|REB|GOBLIN|2.5|OVER,10071974,Sam Hauser,BOS,REB,REBOUNDS,1,2.5,OVER,GOBLIN,1,0,2.5,0,0,goblin,2026-02-24T21:10:00.000-05:00,2026-02-24T18:58:17.020000+00:00
10071975|Sam Hauser|RA|DEMON|6.5|OVER,10071975,Sam Hauser,BOS,RA,REBS+ASTS,1,6.5,OVER,DEMON,1,0,6.5,0,0,demon,2026-02-24T21:10:00.000-05:00,2026-02-24T18:58:17.020000+00:00
10071976|Sam Hauser|RA|DEMON|7.5|OVER,10071976,Sam Hauser,BOS,RA,REBS+ASTS,1,7.5,OVER,DEMON,1,0,7.5,0,0,demon,2026-02-24T21:10:00.000-05:00,2026-02-24T18:58:17.020000+00:00
10071977|Sam Hauser|RA|DEMON|8.5|OVER,10071977,Sam Hauser,BOS,RA,REBS+ASTS,1,8.5,OVER,DEMON,1,0,8.5,0,0,demon,2026-02-24T21:10:00.000-05:00,2026-02-24T18:58:17.020000+00:00
10071978|Sam Hauser|RA|GOBLIN|4.5|OVER,10071978,Sam Hauser,BOS,RA,REBS+ASTS,1,4.5,OVER,GOBLIN,1,0,4.5,0,0,goblin,2026-02-24T21:10:00.000-05:00,2026-02-24T18:58:17.020000+00:00
10083976|Payton Pritchard|PRA|GOBLIN|28.5|OVER,10083976,Payton Pritchard,BOS,PRA,PTS+REBS+ASTS,1,28.5,OVER,GOBLIN,1,0,28.5,0,0,goblin,2026-02-24T21:10:00.000-05:00,2026-02-24T18:58:16.042000+00:00
10071890|Neemias Queta|PTS|GOBLIN|7.5|OVER,10071890,Neemias Queta,BOS,PTS,POINTS,1,7.5,OVER,GOBLIN,1,0,7.5,0,0,goblin,2026-02-24T21:10:00.000-05:00,2026-02-24T18:58:13.774000+00:00
10071889|Neemias Queta|PTS|DEMON|11.5|OVER,10071889,Neemias Queta,BOS,PTS,POINTS,1,11.5,OVER,DEMON,1,0,11.5,0,0,demon,2026-02-24T21:10:00.000-05:00,2026-02-24T18:58:13.533000+00:00
10071745|Sam Hauser|PRA|STANDARD|16.5|OVER,10071745,Sam Hauser,BOS,PRA,PTS+REBS+ASTS,1,16.5,OVER,STANDARD,1,0,16.5,0,0,standard,2026-02-24T21:10:00.000-05:00,2026-02-24T18:58:09.396000+00:00
10071745|Sam Hauser|PRA|STANDARD|16.5|UNDER,10071745,Sam Hauser,BOS,PRA,PTS+REBS+ASTS,1,16.5,UNDER,STANDARD,0,1,16.5,0,0,standard,2026-02-24T21:10:00.000-05:00,2026-02-24T18:58:09.396000+00:00
10071747|Sam Hauser|REB|STANDARD|4|OVER,10071747,Sam Hauser,BOS,REB,REBOUNDS,1,4.0,OVER,STANDARD,1,0,4.0,0,0,standard,2026-02-24T21:10:00.000-05:00,2026-02-24T18:57:56.106000+00:00
10071747|Sam Hauser|REB|STANDARD|4|UNDER,10071747,Sam Hauser,BOS,REB,REBOUNDS,1,4.0,UNDER,STANDARD,0,1,4.0,0,0,standard,2026-02-24T21:10:00.000-05:00,2026-02-24T18:57:56.106000+00:00
10082139|Sam Hauser|PR|STANDARD|14.5|OVER,10082139,Sam Hauser,BOS,PR,PTS+REBS,1,14.5,OVER,STANDARD,1,0,14.5,0,0,standard,2026-02-24T21:10:00.000-05:00,2026-02-24T18:57:30.737000+00:00
10082139|Sam Hauser|PR|STANDARD|14.5|UNDER,10082139,Sam Hauser,BOS,PR,PTS+REBS,1,14.5,UNDER,STANDARD,0,1,14.5,0,0,standard,2026-02-24T21:10:00.000-05:00,2026-02-24T18:57:30.737000+00:00
10071744|Sam Hauser|PA|STANDARD|12.5|OVER,10071744,Sam Hauser,BOS,PA,PTS+ASTS,1,12.5,OVER,STANDARD,1,0,12.5,0,0,standard,2026-02-24T21:10:00.000-05:00,2026-02-24T18:57:30.653000+00:00
10071744|Sam Hauser|PA|STANDARD|12.5|UNDER,10071744,Sam Hauser,BOS,PA,PTS+ASTS,1,12.5,UNDER,STANDARD,0,1,12.5,0,0,standard,2026-02-24T21:10:00.000-05:00,2026-02-24T18:57:30.653000+00:00
10071671|Neemias Queta|BLOCKED SHOTS|GOBLIN|0.5|OVER,10071671,Neemias Queta,BOS,BLOCKED SHOTS,BLOCKED SHOTS,0,0.5,OVER,GOBLIN,1,0,0.5,0,0,goblin,2026-02-24T21:10:00.000-05:00,2026-02-24T18:57:06.310000+00:00
10071887|Neemias Queta|BLOCKED SHOTS|DEMON|1.5|OVER,10071887,Neemias Queta,BOS,BLOCKED SHOTS,BLOCKED SHOTS,0,1.5,OVER,DEMON,1,0,1.5,0,0,demon,2026-02-24T21:10:00.000-05:00,2026-02-24T18:57:06.236000+00:00
10068956|Payton Pritchard|AST|GOBLIN|4.5|OVER,10068956,Payton Pritchard,BOS,AST,ASSISTS,1,4.5,OVER,GOBLIN,1,0,4.5,0,0,goblin,2026-02-24T21:10:00.000-05:00,2026-02-24T18:57:05.555000+00:00
10065887|Payton Pritchard|AST|DEMON|7.5|OVER,10065887,Payton Pritchard,BOS,AST,ASSISTS,1,7.5,OVER,DEMON,1,0,7.5,0,0,demon,2026-02-24T21:10:00.000-05:00,2026-02-24T18:57:05.413000+00:00
10065888|Payton Pritchard|AST|DEMON|9.5|OVER,10065888,Payton Pritchard,BOS,AST,ASSISTS,1,9.5,OVER,DEMON,1,0,9.5,0,0,demon,2026-02-24T21:10:00.000-05:00,2026-02-24T18:57:05.336000+00:00
10071886|Neemias Queta|AST|GOBLIN|0.5|OVER,10071886,Neemias Queta,BOS,AST,ASSISTS,1,0.5,OVER,GOBLIN,1,0,0.5,0,0,goblin,2026-02-24T21:10:00.000-05:00,2026-02-24T18:56:55.939000+00:00
10071669|Neemias Queta|AST|DEMON|1.5|OVER,10071669,Neemias Queta,BOS,AST,ASSISTS,1,1.5,OVER,DEMON,1,0,1.5,0,0,demon,2026-02-24T21:10:00.000-05:00,2026-02-24T18:56:55.862000+00:00
10071885|Neemias Queta|AST|DEMON|2.5|OVER,10071885,Neemias Queta,BOS,AST,ASSISTS,1,2.5,OVER,DEMON,1,0,2.5,0,0,demon,2026-02-24T21:10:00.000-05:00,2026-02-24T18:56:55.773000+00:00
10068620|Payton Pritchard|REB|GOBLIN|2.5|OVER,10068620,Payton Pritchard,BOS,REB,REBOUNDS,1,2.5,OVER,GOBLIN,1,0,2.5,0,0,goblin,2026-02-24T21:10:00.000-05:00,2026-02-24T18:56:22.971000+00:00
10068621|Payton Pritchard|REB|DEMON|4.5|OVER,10068621,Payton Pritchard,BOS,REB,REBOUNDS,1,4.5,OVER,DEMON,1,0,4.5,0,0,demon,2026-02-24T21:10:00.000-05:00,2026-02-24T18:56:22.898000+00:00
10065898|Payton Pritchard|REB|DEMON|5.5|OVER,10065898,Payton Pritchard,BOS,REB,REBOUNDS,1,5.5,OVER,DEMON,1,0,5.5,0,0,demon,2026-02-24T21:10:00.000-05:00,2026-02-24T18:56:22.818000+00:00
10069112|Payton Pritchard|PRA|GOBLIN|29.5|OVER,10069112,Payton Pritchard,BOS,PRA,PTS+REBS+ASTS,1,29.5,OVER,GOBLIN,1,0,29.5,0,0,goblin,2026-02-24T21:10:00.000-05:00,2026-02-24T18:56:05.230000+00:00
10069113|Payton Pritchard|PRA|DEMON|34.5|OVER,10069113,Payton Pritchard,BOS,PRA,PTS+REBS+ASTS,1,34.5,OVER,DEMON,1,0,34.5,0,0,demon,2026-02-24T21:10:00.000-05:00,2026-02-24T18:56:05.151000+00:00
10065892|Payton Pritchard|PTS|DEMON|24.5|OVER,10065892,Payton Pritchard,BOS,PTS,POINTS,1,24.5,OVER,DEMON,1,0,24.5,0,0,demon,2026-02-24T21:10:00.000-05:00,2026-02-24T18:55:06.312000+00:00
10096872|Donte DiVincenzo|RA|GOBLIN|6.5|OVER,10096872,Donte DiVincenzo,MIN,RA,REBS+ASTS,1,6.5,OVER,GOBLIN,1,0,6.5,0,0,goblin,2026-02-24T22:10:00.000-05:00,2026-02-24T18:53:20.659000+00:00
10065824|Derrick White|FG3M|DEMON|3.5|OVER,10065824,Derrick White,BOS,FG3M,3-PT MADE,1,3.5,OVER,DEMON,1,0,3.5,0,0,demon,2026-02-24T21:10:00.000-05:00,2026-02-24T18:53:19.709000+00:00
10065825|Derrick White|FG3M|DEMON|4.5|OVER,10065825,Derrick White,BOS,FG3M,3-PT MADE,1,4.5,OVER,DEMON,1,0,4.5,0,0,demon,2026-02-24T21:10:00.000-05:00,2026-02-24T18:53:19.709000+00:00
10065827|Derrick White|FG3M|GOBLIN|1.5|OVER,10065827,Derrick White,BOS,FG3M,3-PT MADE,1,1.5,OVER,GOBLIN,1,0,1.5,0,0,goblin,2026-02-24T21:10:00.000-05:00,2026-02-24T18:53:19.709000+00:00
10065828|Derrick White|AST|DEMON|7.5|OVER,10065828,Derrick White,BOS,AST,ASSISTS,1,7.5,OVER,DEMON,1,0,7.5,0,0,demon,2026-02-24T21:10:00.000-05:00,2026-02-24T18:53:19.709000+00:00
10065830|Derrick White|AST|DEMON|9.5|OVER,10065830,Derrick White,BOS,AST,ASSISTS,1,9.5,OVER,DEMON,1,0,9.5,0,0,demon,2026-02-24T21:10:00.000-05:00,2026-02-24T18:53:19.709000+00:00
10065831|Derrick White|AST|GOBLIN|5.5|OVER,10065831,Derrick White,BOS,AST,ASSISTS,1,5.5,OVER,GOBLIN,1,0,5.5,0,0,goblin,2026-02-24T21:10:00.000-05:00,2026-02-24T18:53:19.709000+00:00
10065833|Derrick White|PTS|DEMON|24.5|OVER,10065833,Derrick White,BOS,PTS,POINTS,1,24.5,OVER,DEMON,1,0,24.5,0,0,demon,2026-02-24T21:10:00.000-05:00,2026-02-24T18:53:19.709000+00:00
10065834|Derrick White|PTS|GOBLIN|14.5|OVER,10065834,Derrick White,BOS,PTS,POINTS,1,14.5,OVER,GOBLIN,1,0,14.5,0,0,goblin,2026-02-24T21:10:00.000-05:00,2026-02-24T18:53:19.709000+00:00
10065838|Derrick White|REB|DEMON|5.5|OVER,10065838,Derrick White,BOS,REB,REBOUNDS,1,5.5,OVER,DEMON,1,0,5.5,0,0,demon,2026-02-24T21:10:00.000-05:00,2026-02-24T18:53:19.709000+00:00
10068381|Derrick White|PTS|GOBLIN|17.5|OVER,10068381,Derrick White,BOS,PTS,POINTS,1,17.5,OVER,GOBLIN,1,0,17.5,0,0,goblin,2026-02-24T21:10:00.000-05:00,2026-02-24T18:53:19.709000+00:00
10068616|Derrick White|REB|GOBLIN|2.5|OVER,10068616,Derrick White,BOS,REB,REBOUNDS,1,2.5,OVER,GOBLIN,1,0,2.5,0,0,goblin,2026-02-24T21:10:00.000-05:00,2026-02-24T18:53:19.709000+00:00
10068617|Derrick White|REB|DEMON|4.5|OVER,10068617,Derrick White,BOS,REB,REBOUNDS,1,4.5,OVER,DEMON,1,0,4.5,0,0,demon,2026-02-24T21:10:00.000-05:00,2026-02-24T18:53:19.709000+00:00
10068618|Derrick White|REB|DEMON|6.5|OVER,10068618,Derrick White,BOS,REB,REBOUNDS,1,6.5,OVER,DEMON,1,0,6.5,0,0,demon,2026-02-24T21:10:00.000-05:00,2026-02-24T18:53:19.709000+00:00
10068953|Derrick White|AST|GOBLIN|4.5|OVER,10068953,Derrick White,BOS,AST,ASSISTS,1,4.5,OVER,GOBLIN,1,0,4.5,0,0,goblin,2026-02-24T21:10:00.000-05:00,2026-02-24T18:53:19.709000+00:00
10069093|Derrick White|PRA|GOBLIN|29.5|OVER,10069093,Derrick White,BOS,PRA,PTS+REBS+ASTS,1,29.5,OVER,GOBLIN,1,0,29.5,0,0,goblin,2026-02-24T21:10:00.000-05:00,2026-02-24T18:53:19.709000+00:00
10069094|Derrick White|PRA|DEMON|34.5|OVER,10069094,Derrick White,BOS,PRA,PTS+REBS+ASTS,1,34.5,OVER,DEMON,1,0,34.5,0,0,demon,2026-02-24T21:10:00.000-05:00,2026-02-24T18:53:19.709000+00:00
10071603|Derrick White|BLOCKED SHOTS|DEMON|1.5|OVER,10071603,Derrick White,BOS,BLOCKED SHOTS,BLOCKED SHOTS,0,1.5,OVER,DEMON,1,0,1.5,0,0,demon,2026-02-24T21:10:00.000-05:00,2026-02-24T18:53:19.709000+00:00
10071609|Derrick White|STL|GOBLIN|0.5|OVER,10071609,Derrick White,BOS,STL,STEALS,1,0.5,OVER,GOBLIN,1,0,0.5,0,0,goblin,2026-02-24T21:10:00.000-05:00,2026-02-24T18:53:19.709000+00:00
10071822|Derrick White|BLOCKED SHOTS|GOBLIN|0.5|OVER,10071822,Derrick White,BOS,BLOCKED SHOTS,BLOCKED SHOTS,0,0.5,OVER,GOBLIN,1,0,0.5,0,0,goblin,2026-02-24T21:10:00.000-05:00,2026-02-24T18:53:19.709000+00:00
10071825|Derrick White|RA|DEMON|12.5|OVER,10071825,Derrick White,BOS,RA,REBS+ASTS,1,12.5,OVER,DEMON,1,0,12.5,0,0,demon,2026-02-24T21:10:00.000-05:00,2026-02-24T18:53:19.709000+00:00
10071826|Derrick White|RA|DEMON|14.5|OVER,10071826,Derrick White,BOS,RA,REBS+ASTS,1,14.5,OVER,DEMON,1,0,14.5,0,0,demon,2026-02-24T21:10:00.000-05:00,2026-02-24T18:53:19.709000+00:00
10071827|Derrick White|RA|GOBLIN|8.5|OVER,10071827,Derrick White,BOS,RA,REBS+ASTS,1,8.5,OVER,GOBLIN,1,0,8.5,0,0,goblin,2026-02-24T21:10:00.000-05:00,2026-02-24T18:53:19.709000+00:00
10071828|Derrick White|STL|DEMON|1.5|OVER,10071828,Derrick White,BOS,STL,STEALS,1,1.5,OVER,DEMON,1,0,1.5,0,0,demon,2026-02-24T21:10:00.000-05:00,2026-02-24T18:53:19.709000+00:00
10073635|Derrick White|RA|GOBLIN|9.5|OVER,10073635,Derrick White,BOS,RA,REBS+ASTS,1,9.5,OVER,GOBLIN,1,0,9.5,0,0,goblin,2026-02-24T21:10:00.000-05:00,2026-02-24T18:53:19.709000+00:00
10083956|Derrick White|BS|DEMON|2.5|OVER,10083956,Derrick White,BOS,BS,BLKS+STLS,1,2.5,OVER,DEMON,1,0,2.5,0,0,demon,2026-02-24T21:10:00.000-05:00,2026-02-24T18:53:19.709000+00:00
10093205|Derrick White|REB|GOBLIN|3.5|OVER,10093205,Derrick White,BOS,REB,REBOUNDS,1,3.5,OVER,GOBLIN,1,0,3.5,0,0,goblin,2026-02-24T21:10:00.000-05:00,2026-02-24T18:53:19.709000+00:00
10065829|Derrick White|AST|STANDARD|6.5|OVER,10065829,Derrick White,BOS,AST,ASSISTS,1,6.5,OVER,STANDARD,1,0,6.5,0,0,standard,2026-02-24T21:10:00.000-05:00,2026-02-24T18:53:10.140000+00:00
10065829|Derrick White|AST|STANDARD|6.5|UNDER,10065829,Derrick White,BOS,AST,ASSISTS,1,6.5,UNDER,STANDARD,0,1,6.5,0,0,standard,2026-02-24T21:10:00.000-05:00,2026-02-24T18:53:10.140000+00:00
10065840|Derrick White|RA|STANDARD|10.5|OVER,10065840,Derrick White,BOS,RA,REBS+ASTS,1,10.5,OVER,STANDARD,1,0,10.5,0,0,standard,2026-02-24T21:10:00.000-05:00,2026-02-24T18:52:25.405000+00:00
10065840|Derrick White|RA|STANDARD|10.5|UNDER,10065840,Derrick White,BOS,RA,REBS+ASTS,1,10.5,UNDER,STANDARD,0,1,10.5,0,0,standard,2026-02-24T21:10:00.000-05:00,2026-02-24T18:52:25.405000+00:00
10065839|Derrick White|REB|STANDARD|4|OVER,10065839,Derrick White,BOS,REB,REBOUNDS,1,4.0,OVER,STANDARD,1,0,4.0,0,0,standard,2026-02-24T21:10:00.000-05:00,2026-02-24T18:52:20.122000+00:00
10065839|Derrick White|REB|STANDARD|4|UNDER,10065839,Derrick White,BOS,REB,REBOUNDS,1,4.0,UNDER,STANDARD,0,1,4.0,0,0,standard,2026-02-24T21:10:00.000-05:00,2026-02-24T18:52:20.122000+00:00
10071799|Baylor Scheierman|PTS|DEMON|10.5|OVER,10071799,Baylor Scheierman,BOS,PTS,POINTS,1,10.5,OVER,DEMON,1,0,10.5,0,0,demon,2026-02-24T21:10:00.000-05:00,2026-02-24T18:50:22.912000+00:00
10072037|Baylor Scheierman|RA|STANDARD|7.5|OVER,10072037,Baylor Scheierman,BOS,RA,REBS+ASTS,1,7.5,OVER,STANDARD,1,0,7.5,0,0,standard,2026-02-24T21:10:00.000-05:00,2026-02-24T18:49:08.593000+00:00
10072037|Baylor Scheierman|RA|STANDARD|7.5|UNDER,10072037,Baylor Scheierman,BOS,RA,REBS+ASTS,1,7.5,UNDER,STANDARD,0,1,7.5,0,0,standard,2026-02-24T21:10:00.000-05:00,2026-02-24T18:49:08.593000+00:00
10083959|Derrick White|TOV|DEMON|2.5|OVER,10083959,Derrick White,BOS,TOV,TURNOVERS,1,2.5,OVER,DEMON,1,0,2.5,0,0,demon,2026-02-24T21:10:00.000-05:00,2026-02-24T18:48:21.313000+00:00
10065811|Collin Gillespie|AST|DEMON|7.5|OVER,10065811,Collin Gillespie,PHX,AST,ASSISTS,1,7.5,OVER,DEMON,1,0,7.5,0,0,demon,2026-02-24T21:10:00.000-05:00,2026-02-24T18:46:43.164000+00:00
10094061|Oso Ighodaro|DEFENSIVE REBOUNDS|STANDARD|3.5|OVER,10094061,Oso Ighodaro,PHX,DEFENSIVE REBOUNDS,DEFENSIVE REBOUNDS,0,3.5,OVER,STANDARD,1,0,3.5,0,0,standard,2026-02-24T21:10:00.000-05:00,2026-02-24T18:46:24.491000+00:00
10094061|Oso Ighodaro|DEFENSIVE REBOUNDS|STANDARD|3.5|UNDER,10094061,Oso Ighodaro,PHX,DEFENSIVE REBOUNDS,DEFENSIVE REBOUNDS,0,3.5,UNDER,STANDARD,0,1,3.5,0,0,standard,2026-02-24T21:10:00.000-05:00,2026-02-24T18:46:24.491000+00:00
10071880|Mark Williams|RA|DEMON|10.5|OVER,10071880,Mark Williams,PHX,RA,REBS+ASTS,1,10.5,OVER,DEMON,1,0,10.5,0,0,demon,2026-02-24T21:10:00.000-05:00,2026-02-24T18:46:23.095000+00:00
10071858|Jalen Green|RA|DEMON|8.5|OVER,10071858,Jalen Green,PHX,RA,REBS+ASTS,1,8.5,OVER,DEMON,1,0,8.5,0,0,demon,2026-02-24T21:10:00.000-05:00,2026-02-24T18:46:22.954000+00:00
10071860|Jalen Green|RA|GOBLIN|6.5|OVER,10071860,Jalen Green,PHX,RA,REBS+ASTS,1,6.5,OVER,GOBLIN,1,0,6.5,0,0,goblin,2026-02-24T21:10:00.000-05:00,2026-02-24T18:46:22.775000+00:00
10071818|Collin Gillespie|RA|GOBLIN|8.5|OVER,10071818,Collin Gillespie,PHX,RA,REBS+ASTS,1,8.5,OVER,GOBLIN,1,0,8.5,0,0,goblin,2026-02-24T21:10:00.000-05:00,2026-02-24T18:46:22.641000+00:00
10071954|Royce O'Neale|RA|DEMON|9.5|OVER,10071954,Royce O'Neale,PHX,RA,REBS+ASTS,1,9.5,OVER,DEMON,1,0,9.5,0,0,demon,2026-02-24T21:10:00.000-05:00,2026-02-24T18:46:22.442000+00:00
10071957|Royce O'Neale|RA|GOBLIN|6.5|OVER,10071957,Royce O'Neale,PHX,RA,REBS+ASTS,1,6.5,OVER,GOBLIN,1,0,6.5,0,0,goblin,2026-02-24T21:10:00.000-05:00,2026-02-24T18:46:22.421000+00:00
10071849|Grayson Allen|RA|DEMON|8.5|OVER,10071849,Grayson Allen,PHX,RA,REBS+ASTS,1,8.5,OVER,DEMON,1,0,8.5,0,0,demon,2026-02-24T21:10:00.000-05:00,2026-02-24T18:46:22.357000+00:00
10071936|Oso Ighodaro|RA|DEMON|9.5|OVER,10071936,Oso Ighodaro,PHX,RA,REBS+ASTS,1,9.5,OVER,DEMON,1,0,9.5,0,0,demon,2026-02-24T21:10:00.000-05:00,2026-02-24T18:46:22.327000+00:00
10071956|Royce O'Neale|RA|DEMON|10.5|OVER,10071956,Royce O'Neale,PHX,RA,REBS+ASTS,1,10.5,OVER,DEMON,1,0,10.5,0,0,demon,2026-02-24T21:10:00.000-05:00,2026-02-24T18:46:22.319000+00:00
10071881|Mark Williams|RA|DEMON|11.5|OVER,10071881,Mark Williams,PHX,RA,REBS+ASTS,1,11.5,OVER,DEMON,1,0,11.5,0,0,demon,2026-02-24T21:10:00.000-05:00,2026-02-24T18:46:22.257000+00:00
10071934|Oso Ighodaro|RA|DEMON|8.5|OVER,10071934,Oso Ighodaro,PHX,RA,REBS+ASTS,1,8.5,OVER,DEMON,1,0,8.5,0,0,demon,2026-02-24T21:10:00.000-05:00,2026-02-24T18:46:22.253000+00:00
10071935|Oso Ighodaro|RA|DEMON|7.5|OVER,10071935,Oso Ighodaro,PHX,RA,REBS+ASTS,1,7.5,OVER,DEMON,1,0,7.5,0,0,demon,2026-02-24T21:10:00.000-05:00,2026-02-24T18:46:22.243000+00:00
10071929|Oso Ighodaro|BLOCKED SHOTS|DEMON|1.5|OVER,10071929,Oso Ighodaro,PHX,BLOCKED SHOTS,BLOCKED SHOTS,0,1.5,OVER,DEMON,1,0,1.5,0,0,demon,2026-02-24T21:10:00.000-05:00,2026-02-24T18:46:22.207000+00:00
10071883|Mark Williams|RA|GOBLIN|7.5|OVER,10071883,Mark Williams,PHX,RA,REBS+ASTS,1,7.5,OVER,GOBLIN,1,0,7.5,0,0,goblin,2026-02-24T21:10:00.000-05:00,2026-02-24T18:46:22.191000+00:00
10071871|Mark Williams|AST|DEMON|1.5|OVER,10071871,Mark Williams,PHX,AST,ASSISTS,1,1.5,OVER,DEMON,1,0,1.5,0,0,demon,2026-02-24T21:10:00.000-05:00,2026-02-24T18:46:22.023000+00:00
10084641|Mark Williams|PRA|GOBLIN|18.5|OVER,10084641,Mark Williams,PHX,PRA,PTS+REBS+ASTS,1,18.5,OVER,GOBLIN,1,0,18.5,0,0,goblin,2026-02-24T21:10:00.000-05:00,2026-02-24T18:46:21.936000+00:00
10071884|Mark Williams|STL|DEMON|1.5|OVER,10071884,Mark Williams,PHX,STL,STEALS,1,1.5,OVER,DEMON,1,0,1.5,0,0,demon,2026-02-24T21:10:00.000-05:00,2026-02-24T18:46:21.905000+00:00
10071878|Mark Williams|PRA|DEMON|25.5|OVER,10071878,Mark Williams,PHX,PRA,PTS+REBS+ASTS,1,25.5,OVER,DEMON,1,0,25.5,0,0,demon,2026-02-24T21:10:00.000-05:00,2026-02-24T18:46:21.859000+00:00
10071877|Mark Williams|PRA|DEMON|21.5|OVER,10071877,Mark Williams,PHX,PRA,PTS+REBS+ASTS,1,21.5,OVER,DEMON,1,0,21.5,0,0,demon,2026-02-24T21:10:00.000-05:00,2026-02-24T18:46:21.825000+00:00
10071879|Mark Williams|PRA|GOBLIN|17.5|OVER,10071879,Mark Williams,PHX,PRA,PTS+REBS+ASTS,1,17.5,OVER,GOBLIN,1,0,17.5,0,0,goblin,2026-02-24T21:10:00.000-05:00,2026-02-24T18:46:21.796000+00:00
10071853|Grayson Allen|STL|DEMON|2.5|OVER,10071853,Grayson Allen,PHX,STL,STEALS,1,2.5,OVER,DEMON,1,0,2.5,0,0,demon,2026-02-24T21:10:00.000-05:00,2026-02-24T18:46:21.770000+00:00
10071938|Oso Ighodaro|STL|DEMON|1.5|OVER,10071938,Oso Ighodaro,PHX,STL,STEALS,1,1.5,OVER,DEMON,1,0,1.5,0,0,demon,2026-02-24T21:10:00.000-05:00,2026-02-24T18:46:21.723000+00:00
10071861|Jalen Green|STL|DEMON|1.5|OVER,10071861,Jalen Green,PHX,STL,STEALS,1,1.5,OVER,DEMON,1,0,1.5,0,0,demon,2026-02-24T21:10:00.000-05:00,2026-02-24T18:46:21.682000+00:00
10068056|Paolo Banchero|PA|DEMON|34.5|OVER,10068056,Paolo Banchero,ORL,PA,PTS+ASTS,1,34.5,OVER,DEMON,1,0,34.5,0,0,demon,2026-02-24T22:40:00.000-05:00,2026-02-24T18:46:19.832000+00:00
10071854|Grayson Allen|STL|GOBLIN|0.5|OVER,10071854,Grayson Allen,PHX,STL,STEALS,1,0.5,OVER,GOBLIN,1,0,0.5,0,0,goblin,2026-02-24T21:10:00.000-05:00,2026-02-24T18:45:57.541000+00:00
10089385|Grayson Allen|PR|DEMON|24.5|OVER,10089385,Grayson Allen,PHX,PR,PTS+REBS,1,24.5,OVER,DEMON,1,0,24.5,0,0,demon,2026-02-24T21:10:00.000-05:00,2026-02-24T18:43:59.685000+00:00
10089463|Royce O'Neale|PA|DEMON|19.5|OVER,10089463,Royce O'Neale,PHX,PA,PTS+ASTS,1,19.5,OVER,DEMON,1,0,19.5,0,0,demon,2026-02-24T21:10:00.000-05:00,2026-02-24T18:43:59.461000+00:00
10089399|Royce O'Neale|PR|DEMON|24.5|OVER,10089399,Royce O'Neale,PHX,PR,PTS+REBS,1,24.5,OVER,DEMON,1,0,24.5,0,0,demon,2026-02-24T21:10:00.000-05:00,2026-02-24T18:43:59.428000+00:00
10089449|Grayson Allen|PA|DEMON|24.5|OVER,10089449,Grayson Allen,PHX,PA,PTS+ASTS,1,24.5,OVER,DEMON,1,0,24.5,0,0,demon,2026-02-24T21:10:00.000-05:00,2026-02-24T18:43:59.280000+00:00
10069259|Collin Gillespie|PA|DEMON|24.5|OVER,10069259,Collin Gillespie,PHX,PA,PTS+ASTS,1,24.5,OVER,DEMON,1,0,24.5,0,0,demon,2026-02-24T21:10:00.000-05:00,2026-02-24T18:43:59.247000+00:00
10069262|Collin Gillespie|PR|DEMON|24.5|OVER,10069262,Collin Gillespie,PHX,PR,PTS+REBS,1,24.5,OVER,DEMON,1,0,24.5,0,0,demon,2026-02-24T21:10:00.000-05:00,2026-02-24T18:43:59.233000+00:00
10089464|Royce O'Neale|PA|GOBLIN|9.5|OVER,10089464,Royce O'Neale,PHX,PA,PTS+ASTS,1,9.5,OVER,GOBLIN,1,0,9.5,0,0,goblin,2026-02-24T21:10:00.000-05:00,2026-02-24T18:43:59.130000+00:00
10069641|Mark Williams|PR|DEMON|29.5|OVER,10069641,Mark Williams,PHX,PR,PTS+REBS,1,29.5,OVER,DEMON,1,0,29.5,0,0,demon,2026-02-24T21:10:00.000-05:00,2026-02-24T18:43:59.110000+00:00
10069281|Mark Williams|PA|DEMON|14.5|OVER,10069281,Mark Williams,PHX,PA,PTS+ASTS,1,14.5,OVER,DEMON,1,0,14.5,0,0,demon,2026-02-24T21:10:00.000-05:00,2026-02-24T18:43:59+00:00
10096637|Oso Ighodaro|PA|GOBLIN|4.5|OVER,10096637,Oso Ighodaro,PHX,PA,PTS+ASTS,1,4.5,OVER,GOBLIN,1,0,4.5,0,0,goblin,2026-02-24T21:10:00.000-05:00,2026-02-24T18:43:58.995000+00:00
10089462|Royce O'Neale|PA|DEMON|14.5|OVER,10089462,Royce O'Neale,PHX,PA,PTS+ASTS,1,14.5,OVER,DEMON,1,0,14.5,0,0,demon,2026-02-24T21:10:00.000-05:00,2026-02-24T18:43:58.962000+00:00
10069283|Mark Williams|PA|GOBLIN|9.5|OVER,10069283,Mark Williams,PHX,PA,PTS+ASTS,1,9.5,OVER,GOBLIN,1,0,9.5,0,0,goblin,2026-02-24T21:10:00.000-05:00,2026-02-24T18:43:58.954000+00:00
10089450|Grayson Allen|PA|DEMON|29.5|OVER,10089450,Grayson Allen,PHX,PA,PTS+ASTS,1,29.5,OVER,DEMON,1,0,29.5,0,0,demon,2026-02-24T21:10:00.000-05:00,2026-02-24T18:43:58.946000+00:00
10069260|Collin Gillespie|PA|DEMON|29.5|OVER,10069260,Collin Gillespie,PHX,PA,PTS+ASTS,1,29.5,OVER,DEMON,1,0,29.5,0,0,demon,2026-02-24T21:10:00.000-05:00,2026-02-24T18:43:58.940000+00:00
10069271|Jalen Green|PA|DEMON|29.5|OVER,10069271,Jalen Green,PHX,PA,PTS+ASTS,1,29.5,OVER,DEMON,1,0,29.5,0,0,demon,2026-02-24T21:10:00.000-05:00,2026-02-24T18:43:58.898000+00:00
10069273|Jalen Green|PA|GOBLIN|19.5|OVER,10069273,Jalen Green,PHX,PA,PTS+ASTS,1,19.5,OVER,GOBLIN,1,0,19.5,0,0,goblin,2026-02-24T21:10:00.000-05:00,2026-02-24T18:43:58.853000+00:00
10089453|Oso Ighodaro|PA|DEMON|9.5|OVER,10089453,Oso Ighodaro,PHX,PA,PTS+ASTS,1,9.5,OVER,DEMON,1,0,9.5,0,0,demon,2026-02-24T21:10:00.000-05:00,2026-02-24T18:43:58.785000+00:00
10069330|Collin Gillespie|PA|DEMON|34.5|OVER,10069330,Collin Gillespie,PHX,PA,PTS+ASTS,1,34.5,OVER,DEMON,1,0,34.5,0,0,demon,2026-02-24T21:10:00.000-05:00,2026-02-24T18:43:58.767000+00:00
10089454|Oso Ighodaro|PR|DEMON|14.5|OVER,10089454,Oso Ighodaro,PHX,PR,PTS+REBS,1,14.5,OVER,DEMON,1,0,14.5,0,0,demon,2026-02-24T21:10:00.000-05:00,2026-02-24T18:43:58.760000+00:00
10089405|Ryan Dunn|PR|DEMON|19.5|OVER,10089405,Ryan Dunn,PHX,PR,PTS+REBS,1,19.5,OVER,DEMON,1,0,19.5,0,0,demon,2026-02-24T21:10:00.000-05:00,2026-02-24T18:43:58.741000+00:00
10069272|Jalen Green|PA|DEMON|34.5|OVER,10069272,Jalen Green,PHX,PA,PTS+ASTS,1,34.5,OVER,DEMON,1,0,34.5,0,0,demon,2026-02-24T21:10:00.000-05:00,2026-02-24T18:43:58.705000+00:00
10069274|Jalen Green|PR|DEMON|29.5|OVER,10069274,Jalen Green,PHX,PR,PTS+REBS,1,29.5,OVER,DEMON,1,0,29.5,0,0,demon,2026-02-24T21:10:00.000-05:00,2026-02-24T18:43:58.680000+00:00
10069282|Mark Williams|PA|DEMON|19.5|OVER,10069282,Mark Williams,PHX,PA,PTS+ASTS,1,19.5,OVER,DEMON,1,0,19.5,0,0,demon,2026-02-24T21:10:00.000-05:00,2026-02-24T18:43:58.680000+00:00
10069639|Mark Williams|PR|GOBLIN|14.5|OVER,10069639,Mark Williams,PHX,PR,PTS+REBS,1,14.5,OVER,GOBLIN,1,0,14.5,0,0,goblin,2026-02-24T21:10:00.000-05:00,2026-02-24T18:43:58.678000+00:00
10089386|Grayson Allen|PR|DEMON|29.5|OVER,10089386,Grayson Allen,PHX,PR,PTS+REBS,1,29.5,OVER,DEMON,1,0,29.5,0,0,demon,2026-02-24T21:10:00.000-05:00,2026-02-24T18:43:58.666000+00:00
10084633|Collin Gillespie|PR|GOBLIN|14.5|OVER,10084633,Collin Gillespie,PHX,PR,PTS+REBS,1,14.5,OVER,GOBLIN,1,0,14.5,0,0,goblin,2026-02-24T21:10:00.000-05:00,2026-02-24T18:43:58.596000+00:00
10096622|Grayson Allen|PR|GOBLIN|14.5|OVER,10096622,Grayson Allen,PHX,PR,PTS+REBS,1,14.5,OVER,GOBLIN,1,0,14.5,0,0,goblin,2026-02-24T21:10:00.000-05:00,2026-02-24T18:43:58.561000+00:00
10089404|Ryan Dunn|PR|DEMON|14.5|OVER,10089404,Ryan Dunn,PHX,PR,PTS+REBS,1,14.5,OVER,DEMON,1,0,14.5,0,0,demon,2026-02-24T21:10:00.000-05:00,2026-02-24T18:43:58.558000+00:00
10069263|Collin Gillespie|PR|DEMON|29.5|OVER,10069263,Collin Gillespie,PHX,PR,PTS+REBS,1,29.5,OVER,DEMON,1,0,29.5,0,0,demon,2026-02-24T21:10:00.000-05:00,2026-02-24T18:43:58.554000+00:00
10069276|Jalen Green|PR|GOBLIN|19.5|OVER,10069276,Jalen Green,PHX,PR,PTS+REBS,1,19.5,OVER,GOBLIN,1,0,19.5,0,0,goblin,2026-02-24T21:10:00.000-05:00,2026-02-24T18:43:58.554000+00:00
10089459|Oso Ighodaro|PRA|GOBLIN|9.5|OVER,10089459,Oso Ighodaro,PHX,PRA,PTS+REBS+ASTS,1,9.5,OVER,GOBLIN,1,0,9.5,0,0,goblin,2026-02-24T21:10:00.000-05:00,2026-02-24T18:43:58.325000+00:00
10069280|Jalen Green|PRA|GOBLIN|24.5|OVER,10069280,Jalen Green,PHX,PRA,PTS+REBS+ASTS,1,24.5,OVER,GOBLIN,1,0,24.5,0,0,goblin,2026-02-24T21:10:00.000-05:00,2026-02-24T18:43:58.249000+00:00
10079228|Collin Gillespie|PRA|GOBLIN|19.5|OVER,10079228,Collin Gillespie,PHX,PRA,PTS+REBS+ASTS,1,19.5,OVER,GOBLIN,1,0,19.5,0,0,goblin,2026-02-24T21:10:00.000-05:00,2026-02-24T18:43:58.164000+00:00
10089458|Oso Ighodaro|PRA|DEMON|19.5|OVER,10089458,Oso Ighodaro,PHX,PRA,PTS+REBS+ASTS,1,19.5,OVER,DEMON,1,0,19.5,0,0,demon,2026-02-24T21:10:00.000-05:00,2026-02-24T18:43:58.139000+00:00
10069265|Collin Gillespie|PRA|DEMON|29.5|OVER,10069265,Collin Gillespie,PHX,PRA,PTS+REBS+ASTS,1,29.5,OVER,DEMON,1,0,29.5,0,0,demon,2026-02-24T21:10:00.000-05:00,2026-02-24T18:43:58.085000+00:00
10089452|Mark Williams|PRA|GOBLIN|14.5|OVER,10089452,Mark Williams,PHX,PRA,PTS+REBS+ASTS,1,14.5,OVER,GOBLIN,1,0,14.5,0,0,goblin,2026-02-24T21:10:00.000-05:00,2026-02-24T18:43:58.084000+00:00
10071842|Grayson Allen|PRA|DEMON|29.5|OVER,10071842,Grayson Allen,PHX,PRA,PTS+REBS+ASTS,1,29.5,OVER,DEMON,1,0,29.5,0,0,demon,2026-02-24T21:10:00.000-05:00,2026-02-24T18:43:58.083000+00:00
10069279|Jalen Green|PRA|DEMON|39.5|OVER,10069279,Jalen Green,PHX,PRA,PTS+REBS+ASTS,1,39.5,OVER,DEMON,1,0,39.5,0,0,demon,2026-02-24T21:10:00.000-05:00,2026-02-24T18:43:58.063000+00:00
10089402|Royce O'Neale|PRA|GOBLIN|14.5|OVER,10089402,Royce O'Neale,PHX,PRA,PTS+REBS+ASTS,1,14.5,OVER,GOBLIN,1,0,14.5,0,0,goblin,2026-02-24T21:10:00.000-05:00,2026-02-24T18:43:58.040000+00:00
10089388|Grayson Allen|PRA|GOBLIN|19.5|OVER,10089388,Grayson Allen,PHX,PRA,PTS+REBS+ASTS,1,19.5,OVER,GOBLIN,1,0,19.5,0,0,goblin,2026-02-24T21:10:00.000-05:00,2026-02-24T18:43:58.031000+00:00
10069266|Collin Gillespie|PRA|DEMON|34.5|OVER,10069266,Collin Gillespie,PHX,PRA,PTS+REBS+ASTS,1,34.5,OVER,DEMON,1,0,34.5,0,0,demon,2026-02-24T21:10:00.000-05:00,2026-02-24T18:43:58.015000+00:00
10069277|Jalen Green|PRA|DEMON|34.5|OVER,10069277,Jalen Green,PHX,PRA,PTS+REBS+ASTS,1,34.5,OVER,DEMON,1,0,34.5,0,0,demon,2026-02-24T21:10:00.000-05:00,2026-02-24T18:43:58.004000+00:00
10069206|Mark Williams|PTS|DEMON|17.5|OVER,10069206,Mark Williams,PHX,PTS,POINTS,1,17.5,OVER,DEMON,1,0,17.5,0,0,demon,2026-02-24T21:10:00.000-05:00,2026-02-24T18:43:57.833000+00:00
10089397|Royce O'Neale|PTS|GOBLIN|5.5|OVER,10089397,Royce O'Neale,PHX,PTS,POINTS,1,5.5,OVER,GOBLIN,1,0,5.5,0,0,goblin,2026-02-24T21:10:00.000-05:00,2026-02-24T18:43:57.751000+00:00
10069205|Mark Williams|PTS|GOBLIN|7.5|OVER,10069205,Mark Williams,PHX,PTS,POINTS,1,7.5,OVER,GOBLIN,1,0,7.5,0,0,goblin,2026-02-24T21:10:00.000-05:00,2026-02-24T18:43:57.688000+00:00
10089316|Oso Ighodaro|PTS|DEMON|11.5|OVER,10089316,Oso Ighodaro,PHX,PTS,POINTS,1,11.5,OVER,DEMON,1,0,11.5,0,0,demon,2026-02-24T21:10:00.000-05:00,2026-02-24T18:43:57.681000+00:00
10069199|Collin Gillespie|PTS|GOBLIN|11.5|OVER,10069199,Collin Gillespie,PHX,PTS,POINTS,1,11.5,OVER,GOBLIN,1,0,11.5,0,0,goblin,2026-02-24T21:10:00.000-05:00,2026-02-24T18:43:57.659000+00:00
10089319|Ryan Dunn|PTS|DEMON|11.5|OVER,10089319,Ryan Dunn,PHX,PTS,POINTS,1,11.5,OVER,DEMON,1,0,11.5,0,0,demon,2026-02-24T21:10:00.000-05:00,2026-02-24T18:43:57.644000+00:00
10095925|Moritz Wagner|REB|GOBLIN|2.5|OVER,10095925,Moritz Wagner,ORL,REB,REBOUNDS,1,2.5,OVER,GOBLIN,1,0,2.5,0,0,goblin,2026-02-24T22:40:00.000-05:00,2026-02-24T18:39:37.976000+00:00
10071834|Grayson Allen|AST|DEMON|4.5|OVER,10071834,Grayson Allen,PHX,AST,ASSISTS,1,4.5,OVER,DEMON,1,0,4.5,0,0,demon,2026-02-24T21:10:00.000-05:00,2026-02-24T18:38:30.270000+00:00
10088728|Ayo Dosunmu|PA|DEMON|19.5|OVER,10088728,Ayo Dosunmu,MIN,PA,PTS+ASTS,1,19.5,OVER,DEMON,1,0,19.5,0,0,demon,2026-02-24T22:10:00.000-05:00,2026-02-24T18:28:39.581000+00:00
10089015|Rui Hachimura|PR|DEMON|19.5|OVER,10089015,Rui Hachimura,LAL,PR,PTS+REBS,1,19.5,OVER,DEMON,1,0,19.5,0,0,demon,2026-02-24T22:40:00.000-05:00,2026-02-24T18:24:32.772000+00:00
10065752|Luka Dončić|REB|STANDARD|7.5|OVER,10065752,Luka Dončić,LAL,REB,REBOUNDS,1,7.5,OVER,STANDARD,1,0,7.5,0,0,standard,2026-02-24T22:40:00.000-05:00,2026-02-24T18:23:57.170000+00:00
10065752|Luka Dončić|REB|STANDARD|7.5|UNDER,10065752,Luka Dončić,LAL,REB,REBOUNDS,1,7.5,UNDER,STANDARD,0,1,7.5,0,0,standard,2026-02-24T22:40:00.000-05:00,2026-02-24T18:23:57.170000+00:00
10088143|Jaden McDaniels|RA|STANDARD|7.5|OVER,10088143,Jaden McDaniels,MIN,RA,REBS+ASTS,1,7.5,OVER,STANDARD,1,0,7.5,0,0,standard,2026-02-24T22:10:00.000-05:00,2026-02-24T18:23:19.535000+00:00
10088143|Jaden McDaniels|RA|STANDARD|7.5|UNDER,10088143,Jaden McDaniels,MIN,RA,REBS+ASTS,1,7.5,UNDER,STANDARD,0,1,7.5,0,0,standard,2026-02-24T22:10:00.000-05:00,2026-02-24T18:23:19.535000+00:00
10092227|Toumani Camara|PRA|GOBLIN|18.5|OVER,10092227,Toumani Camara,POR,PRA,PTS+REBS+ASTS,1,18.5,OVER,GOBLIN,1,0,18.5,0,0,goblin,2026-02-24T22:10:00.000-05:00,2026-02-24T18:23:17.294000+00:00
10086487|Ayo Dosunmu|PTS|DEMON|16.5|OVER,10086487,Ayo Dosunmu,MIN,PTS,POINTS,1,16.5,OVER,DEMON,1,0,16.5,0,0,demon,2026-02-24T22:10:00.000-05:00,2026-02-24T18:22:15.781000+00:00
10089422|Marcus Smart|PA|GOBLIN|7.5|OVER,10089422,Marcus Smart,LAL,PA,PTS+ASTS,1,7.5,OVER,GOBLIN,1,0,7.5,0,0,goblin,2026-02-24T22:40:00.000-05:00,2026-02-24T18:18:48.793000+00:00
10090173|Luka Dončić|RA|DEMON|16.5|OVER,10090173,Luka Dončić,LAL,RA,REBS+ASTS,1,16.5,OVER,DEMON,1,0,16.5,0,0,demon,2026-02-24T22:40:00.000-05:00,2026-02-24T18:18:23.051000+00:00
10065765|Paolo Banchero|PA|STANDARD|27.5|OVER,10065765,Paolo Banchero,ORL,PA,PTS+ASTS,1,27.5,OVER,STANDARD,1,0,27.5,0,0,standard,2026-02-24T22:40:00.000-05:00,2026-02-24T18:17:59.761000+00:00
10065765|Paolo Banchero|PA|STANDARD|27.5|UNDER,10065765,Paolo Banchero,ORL,PA,PTS+ASTS,1,27.5,UNDER,STANDARD,0,1,27.5,0,0,standard,2026-02-24T22:40:00.000-05:00,2026-02-24T18:17:59.761000+00:00
10087005|Toumani Camara|BLOCKED SHOTS|DEMON|0.5|OVER,10087005,Toumani Camara,POR,BLOCKED SHOTS,BLOCKED SHOTS,0,0.5,OVER,DEMON,1,0,0.5,0,0,demon,2026-02-24T22:10:00.000-05:00,2026-02-24T18:14:39.087000+00:00
10068005|Anthony Black|PR|GOBLIN|14.5|OVER,10068005,Anthony Black,ORL,PR,PTS+REBS,1,14.5,OVER,GOBLIN,1,0,14.5,0,0,goblin,2026-02-24T22:40:00.000-05:00,2026-02-24T18:13:32.925000+00:00
10068014|Austin Reaves|PR|DEMON|34.5|OVER,10068014,Austin Reaves,LAL,PR,PTS+REBS,1,34.5,OVER,DEMON,1,0,34.5,0,0,demon,2026-02-24T22:40:00.000-05:00,2026-02-24T18:12:24.759000+00:00
10073730|Desmond Bane|FG3M|DEMON|2.5|OVER,10073730,Desmond Bane,ORL,FG3M,3-PT MADE,1,2.5,OVER,DEMON,1,0,2.5,0,0,demon,2026-02-24T22:40:00.000-05:00,2026-02-24T18:08:17.328000+00:00
10086151|Anthony Black|STL|DEMON|1.5|OVER,10086151,Anthony Black,ORL,STL,STEALS,1,1.5,OVER,DEMON,1,0,1.5,0,0,demon,2026-02-24T22:40:00.000-05:00,2026-02-24T18:08:17.182000+00:00
10077514|Jalen Suggs|RA|DEMON|9.5|OVER,10077514,Jalen Suggs,ORL,RA,REBS+ASTS,1,9.5,OVER,DEMON,1,0,9.5,0,0,demon,2026-02-24T22:40:00.000-05:00,2026-02-24T18:08:17.111000+00:00
10088644|Marcus Smart|PTS|GOBLIN|6.5|OVER,10088644,Marcus Smart,LAL,PTS,POINTS,1,6.5,OVER,GOBLIN,1,0,6.5,0,0,goblin,2026-02-24T22:40:00.000-05:00,2026-02-24T18:08:16.584000+00:00
10077605|Marcus Smart|AST|GOBLIN|1.5|OVER,10077605,Marcus Smart,LAL,AST,ASSISTS,1,1.5,OVER,GOBLIN,1,0,1.5,0,0,goblin,2026-02-24T22:40:00.000-05:00,2026-02-24T18:08:16.228000+00:00
10086637|Jerami Grant|FG3M|DEMON|2.5|OVER,10086637,Jerami Grant,POR,FG3M,3-PT MADE,1,2.5,OVER,DEMON,1,0,2.5,0,0,demon,2026-02-24T22:10:00.000-05:00,2026-02-24T18:07:36.843000+00:00
10086589|Donte DiVincenzo|STL|DEMON|1.5|OVER,10086589,Donte DiVincenzo,MIN,STL,STEALS,1,1.5,OVER,DEMON,1,0,1.5,0,0,demon,2026-02-24T22:10:00.000-05:00,2026-02-24T18:07:36.215000+00:00
10065854|Jalen Green|REB|GOBLIN|3.5|OVER,10065854,Jalen Green,PHX,REB,REBOUNDS,1,3.5,OVER,GOBLIN,1,0,3.5,0,0,goblin,2026-02-24T21:10:00.000-05:00,2026-02-24T18:07:35.468000+00:00
10072048|Royce O'Neale|REB|GOBLIN|4.5|OVER,10072048,Royce O'Neale,PHX,REB,REBOUNDS,1,4.5,OVER,GOBLIN,1,0,4.5,0,0,goblin,2026-02-24T21:10:00.000-05:00,2026-02-24T18:07:35.253000+00:00
10096869|Donte DiVincenzo|AST|GOBLIN|2.5|OVER,10096869,Donte DiVincenzo,MIN,AST,ASSISTS,1,2.5,OVER,GOBLIN,1,0,2.5,0,0,goblin,2026-02-24T22:10:00.000-05:00,2026-02-24T18:03:31.787000+00:00
10086715|Jrue Holiday|RA|DEMON|12.5|OVER,10086715,Jrue Holiday,POR,RA,REBS+ASTS,1,12.5,OVER,DEMON,1,0,12.5,0,0,demon,2026-02-24T22:10:00.000-05:00,2026-02-24T17:58:59.755000+00:00
10086754|Julius Randle|REB|DEMON|9.5|OVER,10086754,Julius Randle,MIN,REB,REBOUNDS,1,9.5,OVER,DEMON,1,0,9.5,0,0,demon,2026-02-24T22:10:00.000-05:00,2026-02-24T17:57:28.805000+00:00
10096945|Julius Randle|REB|GOBLIN|4.5|OVER,10096945,Julius Randle,MIN,REB,REBOUNDS,1,4.5,OVER,GOBLIN,1,0,4.5,0,0,goblin,2026-02-24T22:10:00.000-05:00,2026-02-24T17:57:05.386000+00:00
10094665|Jalen Green|QUARTERS WITH 5+ POINTS|DEMON|3.5|OVER,10094665,Jalen Green,PHX,QUARTERS WITH 5+ POINTS,QUARTERS WITH 5+ POINTS,0,3.5,OVER,DEMON,1,0,3.5,0,0,demon,2026-02-24T21:10:00.000-05:00,2026-02-24T17:55:56.948000+00:00
10096800|Toumani Camara|REB|GOBLIN|3.5|OVER,10096800,Toumani Camara,POR,REB,REBOUNDS,1,3.5,OVER,GOBLIN,1,0,3.5,0,0,goblin,2026-02-24T22:10:00.000-05:00,2026-02-24T17:55:31.739000+00:00
10071873|Mark Williams|BLOCKED SHOTS|DEMON|1.5|OVER,10071873,Mark Williams,PHX,BLOCKED SHOTS,BLOCKED SHOTS,0,1.5,OVER,DEMON,1,0,1.5,0,0,demon,2026-02-24T21:10:00.000-05:00,2026-02-24T17:52:55.852000+00:00
10094148|Donovan Clingan|DEFENSIVE REBOUNDS|STANDARD|7.5|OVER,10094148,Donovan Clingan,POR,DEFENSIVE REBOUNDS,DEFENSIVE REBOUNDS,0,7.5,OVER,STANDARD,1,0,7.5,0,0,standard,2026-02-24T22:10:00.000-05:00,2026-02-24T17:51:55.472000+00:00
10094148|Donovan Clingan|DEFENSIVE REBOUNDS|STANDARD|7.5|UNDER,10094148,Donovan Clingan,POR,DEFENSIVE REBOUNDS,DEFENSIVE REBOUNDS,0,7.5,UNDER,STANDARD,0,1,7.5,0,0,standard,2026-02-24T22:10:00.000-05:00,2026-02-24T17:51:55.472000+00:00
10094643|Ayo Dosunmu|PRA|DEMON|29.5|OVER,10094643,Ayo Dosunmu,MIN,PRA,PTS+REBS+ASTS,1,29.5,OVER,DEMON,1,0,29.5,0,0,demon,2026-02-24T22:10:00.000-05:00,2026-02-24T17:50:48.092000+00:00
10077537|LeBron James|STL|DEMON|1.5|OVER,10077537,LeBron James,LAL,STL,STEALS,1,1.5,OVER,DEMON,1,0,1.5,0,0,demon,2026-02-24T22:40:00.000-05:00,2026-02-24T17:48:02.814000+00:00
10088757|Julius Randle|PR|DEMON|39.5|OVER,10088757,Julius Randle,MIN,PR,PTS+REBS,1,39.5,OVER,DEMON,1,0,39.5,0,0,demon,2026-02-24T22:10:00.000-05:00,2026-02-24T17:47:20.870000+00:00
10096796|Ayo Dosunmu|FG3M|GOBLIN|0.5|OVER,10096796,Ayo Dosunmu,MIN,FG3M,3-PT MADE,1,0.5,OVER,GOBLIN,1,0,0.5,0,0,goblin,2026-02-24T22:10:00.000-05:00,2026-02-24T17:45:50.393000+00:00
10077709|Wendell Carter|PTS|DEMON|12.5|OVER,10077709,Wendell Carter,ORL,PTS,POINTS,1,12.5,OVER,DEMON,1,0,12.5,0,0,demon,2026-02-24T22:40:00.000-05:00,2026-02-24T17:44:21.367000+00:00
10096799|Julius Randle|FG3M|GOBLIN|0.5|OVER,10096799,Julius Randle,MIN,FG3M,3-PT MADE,1,0.5,OVER,GOBLIN,1,0,0.5,0,0,goblin,2026-02-24T22:10:00.000-05:00,2026-02-24T17:44:10.488000+00:00
10077508|Jalen Suggs|PRA|DEMON|29.5|OVER,10077508,Jalen Suggs,ORL,PRA,PTS+REBS+ASTS,1,29.5,OVER,DEMON,1,0,29.5,0,0,demon,2026-02-24T22:40:00.000-05:00,2026-02-24T17:43:56.044000+00:00
10096870|Donte DiVincenzo|PA|DEMON|17.5|OVER,10096870,Donte DiVincenzo,MIN,PA,PTS+ASTS,1,17.5,OVER,DEMON,1,0,17.5,0,0,demon,2026-02-24T22:10:00.000-05:00,2026-02-24T17:42:35.360000+00:00
10086807|Naz Reid|AST|DEMON|3.5|OVER,10086807,Naz Reid,MIN,AST,ASSISTS,1,3.5,OVER,DEMON,1,0,3.5,0,0,demon,2026-02-24T22:10:00.000-05:00,2026-02-24T17:41:50.369000+00:00
10094052|Oso Ighodaro|OFFENSIVE REBOUNDS|STANDARD|1.5|OVER,10094052,Oso Ighodaro,PHX,OFFENSIVE REBOUNDS,OFFENSIVE REBOUNDS,0,1.5,OVER,STANDARD,1,0,1.5,0,0,standard,2026-02-24T21:10:00.000-05:00,2026-02-24T17:41:07.267000+00:00
10094052|Oso Ighodaro|OFFENSIVE REBOUNDS|STANDARD|1.5|UNDER,10094052,Oso Ighodaro,PHX,OFFENSIVE REBOUNDS,OFFENSIVE REBOUNDS,0,1.5,UNDER,STANDARD,0,1,1.5,0,0,standard,2026-02-24T21:10:00.000-05:00,2026-02-24T17:41:07.267000+00:00
10091426|Moritz Wagner|PTS|DEMON|10.5|OVER,10091426,Moritz Wagner,ORL,PTS,POINTS,1,10.5,OVER,DEMON,1,0,10.5,0,0,demon,2026-02-24T22:40:00.000-05:00,2026-02-24T17:41:02.658000+00:00
10094668|Jerami Grant|QUARTERS WITH 5+ POINTS|DEMON|3.5|OVER,10094668,Jerami Grant,POR,QUARTERS WITH 5+ POINTS,QUARTERS WITH 5+ POINTS,0,3.5,OVER,DEMON,1,0,3.5,0,0,demon,2026-02-24T22:10:00.000-05:00,2026-02-24T17:38:36.422000+00:00
10094671|Paolo Banchero|QUARTERS WITH 5+ POINTS|DEMON|3.5|OVER,10094671,Paolo Banchero,ORL,QUARTERS WITH 5+ POINTS,QUARTERS WITH 5+ POINTS,0,3.5,OVER,DEMON,1,0,3.5,0,0,demon,2026-02-24T22:40:00.000-05:00,2026-02-24T17:38:36.410000+00:00
10086536|Donovan Clingan|REB|STANDARD|12.5|OVER,10086536,Donovan Clingan,POR,REB,REBOUNDS,1,12.5,OVER,STANDARD,1,0,12.5,0,0,standard,2026-02-24T22:10:00.000-05:00,2026-02-24T17:38:22.063000+00:00
10086536|Donovan Clingan|REB|STANDARD|12.5|UNDER,10086536,Donovan Clingan,POR,REB,REBOUNDS,1,12.5,UNDER,STANDARD,0,1,12.5,0,0,standard,2026-02-24T22:10:00.000-05:00,2026-02-24T17:38:22.063000+00:00
10088747|Jaden McDaniels|PA|GOBLIN|14.5|OVER,10088747,Jaden McDaniels,MIN,PA,PTS+ASTS,1,14.5,OVER,GOBLIN,1,0,14.5,0,0,goblin,2026-02-24T22:10:00.000-05:00,2026-02-24T17:34:43.443000+00:00
10086761|Julius Randle|STL|DEMON|2.5|OVER,10086761,Julius Randle,MIN,STL,STEALS,1,2.5,OVER,DEMON,1,0,2.5,0,0,demon,2026-02-24T22:10:00.000-05:00,2026-02-24T17:32:54.939000+00:00
10093890|Donte DiVincenzo|PR|DEMON|15.5|OVER,10093890,Donte DiVincenzo,MIN,PR,PTS+REBS,1,15.5,OVER,DEMON,1,0,15.5,0,0,demon,2026-02-24T22:10:00.000-05:00,2026-02-24T17:31:05.379000+00:00
10086758|Julius Randle|RA|DEMON|14.5|OVER,10086758,Julius Randle,MIN,RA,REBS+ASTS,1,14.5,OVER,DEMON,1,0,14.5,0,0,demon,2026-02-24T22:10:00.000-05:00,2026-02-24T17:30:49.478000+00:00
10095850|Moritz Wagner|FG3M|GOBLIN|0.5|OVER,10095850,Moritz Wagner,ORL,FG3M,3-PT MADE,1,0.5,OVER,GOBLIN,1,0,0.5,0,0,goblin,2026-02-24T22:40:00.000-05:00,2026-02-24T17:26:48.481000+00:00
10090158|Naz Reid|RA|GOBLIN|7.5|OVER,10090158,Naz Reid,MIN,RA,REBS+ASTS,1,7.5,OVER,GOBLIN,1,0,7.5,0,0,goblin,2026-02-24T22:10:00.000-05:00,2026-02-24T17:26:11.886000+00:00
10077371|Anthony Black|BS|GOBLIN|1.5|OVER,10077371,Anthony Black,ORL,BS,BLKS+STLS,1,1.5,OVER,GOBLIN,1,0,1.5,0,0,goblin,2026-02-24T22:40:00.000-05:00,2026-02-24T17:24:51.825000+00:00
10093325|Oso Ighodaro|RA|STANDARD|7|OVER,10093325,Oso Ighodaro,PHX,RA,REBS+ASTS,1,7.0,OVER,STANDARD,1,0,7.0,0,0,standard,2026-02-24T21:10:00.000-05:00,2026-02-24T17:23:57.186000+00:00
10093325|Oso Ighodaro|RA|STANDARD|7|UNDER,10093325,Oso Ighodaro,PHX,RA,REBS+ASTS,1,7.0,UNDER,STANDARD,0,1,7.0,0,0,standard,2026-02-24T21:10:00.000-05:00,2026-02-24T17:23:57.186000+00:00
10086834|Naz Reid|RA|DEMON|11.5|OVER,10086834,Naz Reid,MIN,RA,REBS+ASTS,1,11.5,OVER,DEMON,1,0,11.5,0,0,demon,2026-02-24T22:10:00.000-05:00,2026-02-24T17:23:28.286000+00:00
10087069|Luka Dončić|TOV|GOBLIN|3.5|OVER,10087069,Luka Dončić,LAL,TOV,TURNOVERS,1,3.5,OVER,GOBLIN,1,0,3.5,0,0,goblin,2026-02-24T22:40:00.000-05:00,2026-02-24T17:19:51.915000+00:00
10077553|Luka Dončić|RA|STANDARD|15.5|OVER,10077553,Luka Dončić,LAL,RA,REBS+ASTS,1,15.5,OVER,STANDARD,1,0,15.5,0,0,standard,2026-02-24T22:40:00.000-05:00,2026-02-24T17:17:50.804000+00:00
10077553|Luka Dončić|RA|STANDARD|15.5|UNDER,10077553,Luka Dončić,LAL,RA,REBS+ASTS,1,15.5,UNDER,STANDARD,0,1,15.5,0,0,standard,2026-02-24T22:40:00.000-05:00,2026-02-24T17:17:50.804000+00:00
10065694|Austin Reaves|PTS|DEMON|29.5|OVER,10065694,Austin Reaves,LAL,PTS,POINTS,1,29.5,OVER,DEMON,1,0,29.5,0,0,demon,2026-02-24T22:40:00.000-05:00,2026-02-24T17:17:25.474000+00:00
10086657|Jerami Grant|PA|STANDARD|22.5|OVER,10086657,Jerami Grant,POR,PA,PTS+ASTS,1,22.5,OVER,STANDARD,1,0,22.5,0,0,standard,2026-02-24T22:10:00.000-05:00,2026-02-24T17:15:36.820000+00:00
10086657|Jerami Grant|PA|STANDARD|22.5|UNDER,10086657,Jerami Grant,POR,PA,PTS+ASTS,1,22.5,UNDER,STANDARD,0,1,22.5,0,0,standard,2026-02-24T22:10:00.000-05:00,2026-02-24T17:15:36.820000+00:00
10086886|Rudy Gobert|BLOCKED SHOTS|DEMON|2.5|OVER,10086886,Rudy Gobert,MIN,BLOCKED SHOTS,BLOCKED SHOTS,0,2.5,OVER,DEMON,1,0,2.5,0,0,demon,2026-02-24T22:10:00.000-05:00,2026-02-24T17:13:07.531000+00:00
10087033|Toumani Camara|STL|GOBLIN|0.5|OVER,10087033,Toumani Camara,POR,STL,STEALS,1,0.5,OVER,GOBLIN,1,0,0.5,0,0,goblin,2026-02-24T22:10:00.000-05:00,2026-02-24T17:12:23.243000+00:00
10086727|Julius Randle|AST|STANDARD|4.5|OVER,10086727,Julius Randle,MIN,AST,ASSISTS,1,4.5,OVER,STANDARD,1,0,4.5,0,0,standard,2026-02-24T22:10:00.000-05:00,2026-02-24T17:07:14.662000+00:00
10086727|Julius Randle|AST|STANDARD|4.5|UNDER,10086727,Julius Randle,MIN,AST,ASSISTS,1,4.5,UNDER,STANDARD,0,1,4.5,0,0,standard,2026-02-24T22:10:00.000-05:00,2026-02-24T17:07:14.662000+00:00
10093157|Jalen Suggs|BS|GOBLIN|1.5|OVER,10093157,Jalen Suggs,ORL,BS,BLKS+STLS,1,1.5,OVER,GOBLIN,1,0,1.5,0,0,goblin,2026-02-24T22:40:00.000-05:00,2026-02-24T17:06:18.093000+00:00
10096501|Wendell Carter|PA|DEMON|14.5|OVER,10096501,Wendell Carter,ORL,PA,PTS+ASTS,1,14.5,OVER,DEMON,1,0,14.5,0,0,demon,2026-02-24T22:40:00.000-05:00,2026-02-24T17:05:01.588000+00:00
10086887|Rudy Gobert|BLOCKED SHOTS|DEMON|3.5|OVER,10086887,Rudy Gobert,MIN,BLOCKED SHOTS,BLOCKED SHOTS,0,3.5,OVER,DEMON,1,0,3.5,0,0,demon,2026-02-24T22:10:00.000-05:00,2026-02-24T17:01:58.004000+00:00
10092224|Rudy Gobert|BS|DEMON|3.5|OVER,10092224,Rudy Gobert,MIN,BS,BLKS+STLS,1,3.5,OVER,DEMON,1,0,3.5,0,0,demon,2026-02-24T22:10:00.000-05:00,2026-02-24T17:01:57.980000+00:00
10077539|LeBron James|TOV|STANDARD|2.5|OVER,10077539,LeBron James,LAL,TOV,TURNOVERS,1,2.5,OVER,STANDARD,1,0,2.5,0,0,standard,2026-02-24T22:40:00.000-05:00,2026-02-24T17:01:38.690000+00:00
10077539|LeBron James|TOV|STANDARD|2.5|UNDER,10077539,LeBron James,LAL,TOV,TURNOVERS,1,2.5,UNDER,STANDARD,0,1,2.5,0,0,standard,2026-02-24T22:40:00.000-05:00,2026-02-24T17:01:38.690000+00:00
10091432|Tristan Silva|PTS|GOBLIN|5.5|OVER,10091432,Tristan Silva,ORL,PTS,POINTS,1,5.5,OVER,GOBLIN,1,0,5.5,0,0,goblin,2026-02-24T22:40:00.000-05:00,2026-02-24T17:00:53.271000+00:00
10090391|Naz Reid|PA|GOBLIN|11.5|OVER,10090391,Naz Reid,MIN,PA,PTS+ASTS,1,11.5,OVER,GOBLIN,1,0,11.5,0,0,goblin,2026-02-24T22:10:00.000-05:00,2026-02-24T16:57:01.793000+00:00
10086686|Jrue Holiday|AST|DEMON|7.5|OVER,10086686,Jrue Holiday,POR,AST,ASSISTS,1,7.5,OVER,DEMON,1,0,7.5,0,0,demon,2026-02-24T22:10:00.000-05:00,2026-02-24T16:53:59.217000+00:00
10095917|Moritz Wagner|FG3M|DEMON|1.5|OVER,10095917,Moritz Wagner,ORL,FG3M,3-PT MADE,1,1.5,OVER,DEMON,1,0,1.5,0,0,demon,2026-02-24T22:40:00.000-05:00,2026-02-24T16:52:38.172000+00:00
10086469|Ayo Dosunmu|FG3M|DEMON|2.5|OVER,10086469,Ayo Dosunmu,MIN,FG3M,3-PT MADE,1,2.5,OVER,DEMON,1,0,2.5,0,0,demon,2026-02-24T22:10:00.000-05:00,2026-02-24T16:50:57.538000+00:00
10086832|Naz Reid|REB|DEMON|9.5|OVER,10086832,Naz Reid,MIN,REB,REBOUNDS,1,9.5,OVER,DEMON,1,0,9.5,0,0,demon,2026-02-24T22:10:00.000-05:00,2026-02-24T16:49:42.668000+00:00
10086579|Donte DiVincenzo|REB|DEMON|5.5|OVER,10086579,Donte DiVincenzo,MIN,REB,REBOUNDS,1,5.5,OVER,DEMON,1,0,5.5,0,0,demon,2026-02-24T22:10:00.000-05:00,2026-02-24T16:44:51.240000+00:00
10071950|Royce O'Neale|REB|STANDARD|5|OVER,10071950,Royce O'Neale,PHX,REB,REBOUNDS,1,5.0,OVER,STANDARD,1,0,5.0,0,0,standard,2026-02-24T21:10:00.000-05:00,2026-02-24T16:44:35.788000+00:00
10071950|Royce O'Neale|REB|STANDARD|5|UNDER,10071950,Royce O'Neale,PHX,REB,REBOUNDS,1,5.0,UNDER,STANDARD,0,1,5.0,0,0,standard,2026-02-24T21:10:00.000-05:00,2026-02-24T16:44:35.788000+00:00
10093204|Collin Gillespie|AST|GOBLIN|4.5|OVER,10093204,Collin Gillespie,PHX,AST,ASSISTS,1,4.5,OVER,GOBLIN,1,0,4.5,0,0,goblin,2026-02-24T21:10:00.000-05:00,2026-02-24T16:36:03.912000+00:00
10094647|Jalen Green|QUARTERS WITH 3+ POINTS|DEMON|3.5|OVER,10094647,Jalen Green,PHX,QUARTERS WITH 3+ POINTS,QUARTERS WITH 3+ POINTS,0,3.5,OVER,DEMON,1,0,3.5,0,0,demon,2026-02-24T21:10:00.000-05:00,2026-02-24T16:34:16.137000+00:00
10086478|Ayo Dosunmu|BLOCKED SHOTS|DEMON|0.5|OVER,10086478,Ayo Dosunmu,MIN,BLOCKED SHOTS,BLOCKED SHOTS,0,0.5,OVER,DEMON,1,0,0.5,0,0,demon,2026-02-24T22:10:00.000-05:00,2026-02-24T16:33:42.134000+00:00
10095852|Moritz Wagner|BLOCKED SHOTS|DEMON|0.5|OVER,10095852,Moritz Wagner,ORL,BLOCKED SHOTS,BLOCKED SHOTS,0,0.5,OVER,DEMON,1,0,0.5,0,0,demon,2026-02-24T22:40:00.000-05:00,2026-02-24T16:33:42.125000+00:00
10068013|Austin Reaves|PR|DEMON|29.5|OVER,10068013,Austin Reaves,LAL,PR,PTS+REBS,1,29.5,OVER,DEMON,1,0,29.5,0,0,demon,2026-02-24T22:40:00.000-05:00,2026-02-24T16:33:26.330000+00:00
10094656|Toumani Camara|QUARTERS WITH 3+ POINTS|DEMON|3.5|OVER,10094656,Toumani Camara,POR,QUARTERS WITH 3+ POINTS,QUARTERS WITH 3+ POINTS,0,3.5,OVER,DEMON,1,0,3.5,0,0,demon,2026-02-24T22:10:00.000-05:00,2026-02-24T16:33:08.602000+00:00
10090131|Anthony Edwards|PTS|GOBLIN|25.5|OVER,10090131,Anthony Edwards,MIN,PTS,POINTS,1,25.5,OVER,GOBLIN,1,0,25.5,0,0,goblin,2026-02-24T22:10:00.000-05:00,2026-02-24T16:31:27.449000+00:00
10090139|Donte DiVincenzo|PA|DEMON|15.5|OVER,10090139,Donte DiVincenzo,MIN,PA,PTS+ASTS,1,15.5,OVER,DEMON,1,0,15.5,0,0,demon,2026-02-24T22:10:00.000-05:00,2026-02-24T16:31:26.552000+00:00
10086497|Ayo Dosunmu|RA|DEMON|7.5|OVER,10086497,Ayo Dosunmu,MIN,RA,REBS+ASTS,1,7.5,OVER,DEMON,1,0,7.5,0,0,demon,2026-02-24T22:10:00.000-05:00,2026-02-24T16:31:23.162000+00:00
10090137|Ayo Dosunmu|RA|GOBLIN|5.5|OVER,10090137,Ayo Dosunmu,MIN,RA,REBS+ASTS,1,5.5,OVER,GOBLIN,1,0,5.5,0,0,goblin,2026-02-24T22:10:00.000-05:00,2026-02-24T16:31:23.082000+00:00
10091423|Desmond Bane|PA|GOBLIN|22.5|OVER,10091423,Desmond Bane,ORL,PA,PTS+ASTS,1,22.5,OVER,GOBLIN,1,0,22.5,0,0,goblin,2026-02-24T22:40:00.000-05:00,2026-02-24T16:31:20.977000+00:00
10090136|Ayo Dosunmu|PRA|GOBLIN|17.5|OVER,10090136,Ayo Dosunmu,MIN,PRA,PTS+REBS+ASTS,1,17.5,OVER,GOBLIN,1,0,17.5,0,0,goblin,2026-02-24T22:10:00.000-05:00,2026-02-24T16:31:19.756000+00:00
10090174|Marcus Smart|PR|GOBLIN|7.5|OVER,10090174,Marcus Smart,LAL,PR,PTS+REBS,1,7.5,OVER,GOBLIN,1,0,7.5,0,0,goblin,2026-02-24T22:40:00.000-05:00,2026-02-24T16:31:17.484000+00:00
10090177|Rui Hachimura|PR|GOBLIN|10.5|OVER,10090177,Rui Hachimura,LAL,PR,PTS+REBS,1,10.5,OVER,GOBLIN,1,0,10.5,0,0,goblin,2026-02-24T22:40:00.000-05:00,2026-02-24T16:31:17.367000+00:00
10092661|Jalen Suggs|PR|GOBLIN|15.5|OVER,10092661,Jalen Suggs,ORL,PR,PTS+REBS,1,15.5,OVER,GOBLIN,1,0,15.5,0,0,goblin,2026-02-24T22:40:00.000-05:00,2026-02-24T16:31:17.269000+00:00
10091430|Paolo Banchero|RA|GOBLIN|12.5|OVER,10091430,Paolo Banchero,ORL,RA,REBS+ASTS,1,12.5,OVER,GOBLIN,1,0,12.5,0,0,goblin,2026-02-24T22:40:00.000-05:00,2026-02-24T16:31:15.770000+00:00
10086671|Jerami Grant|RA|STANDARD|6|OVER,10086671,Jerami Grant,POR,RA,REBS+ASTS,1,6.0,OVER,STANDARD,1,0,6.0,0,0,standard,2026-02-24T22:10:00.000-05:00,2026-02-24T16:30:13.693000+00:00
10086671|Jerami Grant|RA|STANDARD|6|UNDER,10086671,Jerami Grant,POR,RA,REBS+ASTS,1,6.0,UNDER,STANDARD,0,1,6.0,0,0,standard,2026-02-24T22:10:00.000-05:00,2026-02-24T16:30:13.693000+00:00
10088964|Rui Hachimura|PTS|GOBLIN|4.5|OVER,10088964,Rui Hachimura,LAL,PTS,POINTS,1,4.5,OVER,GOBLIN,1,0,4.5,0,0,goblin,2026-02-24T22:40:00.000-05:00,2026-02-24T16:25:26.375000+00:00
10065763|Paolo Banchero|PTS|STANDARD|22|OVER,10065763,Paolo Banchero,ORL,PTS,POINTS,1,22.0,OVER,STANDARD,1,0,22.0,0,0,standard,2026-02-24T22:40:00.000-05:00,2026-02-24T16:18:49.518000+00:00
10065763|Paolo Banchero|PTS|STANDARD|22|UNDER,10065763,Paolo Banchero,ORL,PTS,POINTS,1,22.0,UNDER,STANDARD,0,1,22.0,0,0,standard,2026-02-24T22:40:00.000-05:00,2026-02-24T16:18:49.518000+00:00
10086435|Anthony Edwards|AST|DEMON|5.5|OVER,10086435,Anthony Edwards,MIN,AST,ASSISTS,1,5.5,OVER,DEMON,1,0,5.5,0,0,demon,2026-02-24T22:10:00.000-05:00,2026-02-24T16:18:13.509000+00:00
10095914|Donovan Clingan|REB|GOBLIN|9.5|OVER,10095914,Donovan Clingan,POR,REB,REBOUNDS,1,9.5,OVER,GOBLIN,1,0,9.5,0,0,goblin,2026-02-24T22:10:00.000-05:00,2026-02-24T16:16:14.836000+00:00
10087000|Toumani Camara|AST|GOBLIN|1.5|OVER,10087000,Toumani Camara,POR,AST,ASSISTS,1,1.5,OVER,GOBLIN,1,0,1.5,0,0,goblin,2026-02-24T22:10:00.000-05:00,2026-02-24T16:13:53.568000+00:00
10067101|Anthony Black|REB|DEMON|4.5|OVER,10067101,Anthony Black,ORL,REB,REBOUNDS,1,4.5,OVER,DEMON,1,0,4.5,0,0,demon,2026-02-24T22:40:00.000-05:00,2026-02-24T16:10:58.343000+00:00
10089250|Jrue Holiday|PA|DEMON|29.5|OVER,10089250,Jrue Holiday,POR,PA,PTS+ASTS,1,29.5,OVER,DEMON,1,0,29.5,0,0,demon,2026-02-24T22:10:00.000-05:00,2026-02-24T16:10:26.410000+00:00
10088744|Jaden McDaniels|PTS|GOBLIN|11.5|OVER,10088744,Jaden McDaniels,MIN,PTS,POINTS,1,11.5,OVER,GOBLIN,1,0,11.5,0,0,goblin,2026-02-24T22:10:00.000-05:00,2026-02-24T16:04:58.266000+00:00
10086809|Naz Reid|BS|GOBLIN|1.5|OVER,10086809,Naz Reid,MIN,BS,BLKS+STLS,1,1.5,OVER,GOBLIN,1,0,1.5,0,0,goblin,2026-02-24T22:10:00.000-05:00,2026-02-24T16:01:09.056000+00:00
10093903|Rui Hachimura|OFFENSIVE REBOUNDS|STANDARD|0.5|OVER,10093903,Rui Hachimura,LAL,OFFENSIVE REBOUNDS,OFFENSIVE REBOUNDS,0,0.5,OVER,STANDARD,1,0,0.5,0,0,standard,2026-02-24T22:40:00.000-05:00,2026-02-24T15:51:08.376000+00:00
10093903|Rui Hachimura|OFFENSIVE REBOUNDS|STANDARD|0.5|UNDER,10093903,Rui Hachimura,LAL,OFFENSIVE REBOUNDS,OFFENSIVE REBOUNDS,0,0.5,UNDER,STANDARD,0,1,0.5,0,0,standard,2026-02-24T22:40:00.000-05:00,2026-02-24T15:51:08.376000+00:00
10086540|Donovan Clingan|RA|STANDARD|15|OVER,10086540,Donovan Clingan,POR,RA,REBS+ASTS,1,15.0,OVER,STANDARD,1,0,15.0,0,0,standard,2026-02-24T22:10:00.000-05:00,2026-02-24T15:48:52.706000+00:00
10086540|Donovan Clingan|RA|STANDARD|15|UNDER,10086540,Donovan Clingan,POR,RA,REBS+ASTS,1,15.0,UNDER,STANDARD,0,1,15.0,0,0,standard,2026-02-24T22:10:00.000-05:00,2026-02-24T15:48:52.706000+00:00
10093271|Oso Ighodaro|PA|STANDARD|8|OVER,10093271,Oso Ighodaro,PHX,PA,PTS+ASTS,1,8.0,OVER,STANDARD,1,0,8.0,0,0,standard,2026-02-24T21:10:00.000-05:00,2026-02-24T15:44:40.768000+00:00
10093271|Oso Ighodaro|PA|STANDARD|8|UNDER,10093271,Oso Ighodaro,PHX,PA,PTS+ASTS,1,8.0,UNDER,STANDARD,0,1,8.0,0,0,standard,2026-02-24T21:10:00.000-05:00,2026-02-24T15:44:40.768000+00:00
10095489|Rudy Gobert|PTS|GOBLIN|7.5|OVER,10095489,Rudy Gobert,MIN,PTS,POINTS,1,7.5,OVER,GOBLIN,1,0,7.5,0,0,goblin,2026-02-24T22:10:00.000-05:00,2026-02-24T15:41:49.468000+00:00
10089238|Ryan Dunn|REB|DEMON|7.5|OVER,10089238,Ryan Dunn,PHX,REB,REBOUNDS,1,7.5,OVER,DEMON,1,0,7.5,0,0,demon,2026-02-24T21:10:00.000-05:00,2026-02-24T15:40:33.280000+00:00
10095131|Oso Ighodaro|FANTASY SCORE|STANDARD|18|OVER,10095131,Oso Ighodaro,PHX,FANTASY SCORE,FANTASY SCORE,0,18.0,OVER,STANDARD,1,0,18.0,0,0,standard,2026-02-24T21:10:00.000-05:00,2026-02-24T15:40:29.799000+00:00
10095131|Oso Ighodaro|FANTASY SCORE|STANDARD|18|UNDER,10095131,Oso Ighodaro,PHX,FANTASY SCORE,FANTASY SCORE,0,18.0,UNDER,STANDARD,0,1,18.0,0,0,standard,2026-02-24T21:10:00.000-05:00,2026-02-24T15:40:29.799000+00:00
10095831|Anthony Edwards|PR|DEMON|49.5|OVER,10095831,Anthony Edwards,MIN,PR,PTS+REBS,1,49.5,OVER,DEMON,1,0,49.5,0,0,demon,2026-02-24T22:10:00.000-05:00,2026-02-24T15:40:13.888000+00:00
10086559|Donte DiVincenzo|BLOCKED SHOTS|DEMON|0.5|OVER,10086559,Donte DiVincenzo,MIN,BLOCKED SHOTS,BLOCKED SHOTS,0,0.5,OVER,DEMON,1,0,0.5,0,0,demon,2026-02-24T22:10:00.000-05:00,2026-02-24T15:39:43.365000+00:00
10095032|Donte DiVincenzo|FANTASY SCORE|STANDARD|25.5|OVER,10095032,Donte DiVincenzo,MIN,FANTASY SCORE,FANTASY SCORE,0,25.5,OVER,STANDARD,1,0,25.5,0,0,standard,2026-02-24T22:10:00.000-05:00,2026-02-24T15:30:04.639000+00:00
10095032|Donte DiVincenzo|FANTASY SCORE|STANDARD|25.5|UNDER,10095032,Donte DiVincenzo,MIN,FANTASY SCORE,FANTASY SCORE,0,25.5,UNDER,STANDARD,0,1,25.5,0,0,standard,2026-02-24T22:10:00.000-05:00,2026-02-24T15:30:04.639000+00:00
10091964|Jaden McDaniels|BS|DEMON|2.5|OVER,10091964,Jaden McDaniels,MIN,BS,BLKS+STLS,1,2.5,OVER,DEMON,1,0,2.5,0,0,demon,2026-02-24T22:10:00.000-05:00,2026-02-24T15:28:11.770000+00:00
10092219|Anthony Edwards|BS|GOBLIN|1.5|OVER,10092219,Anthony Edwards,MIN,BS,BLKS+STLS,1,1.5,OVER,GOBLIN,1,0,1.5,0,0,goblin,2026-02-24T22:10:00.000-05:00,2026-02-24T15:28:11.725000+00:00
10094877|Wendell Carter|FANTASY SCORE|STANDARD|25|OVER,10094877,Wendell Carter,ORL,FANTASY SCORE,FANTASY SCORE,0,25.0,OVER,STANDARD,1,0,25.0,0,0,standard,2026-02-24T22:40:00.000-05:00,2026-02-24T15:27:24.162000+00:00
10094877|Wendell Carter|FANTASY SCORE|STANDARD|25|UNDER,10094877,Wendell Carter,ORL,FANTASY SCORE,FANTASY SCORE,0,25.0,UNDER,STANDARD,0,1,25.0,0,0,standard,2026-02-24T22:40:00.000-05:00,2026-02-24T15:27:24.162000+00:00
10095030|Ayo Dosunmu|FANTASY SCORE|STANDARD|25|OVER,10095030,Ayo Dosunmu,MIN,FANTASY SCORE,FANTASY SCORE,0,25.0,OVER,STANDARD,1,0,25.0,0,0,standard,2026-02-24T22:10:00.000-05:00,2026-02-24T15:24:34.534000+00:00
10095030|Ayo Dosunmu|FANTASY SCORE|STANDARD|25|UNDER,10095030,Ayo Dosunmu,MIN,FANTASY SCORE,FANTASY SCORE,0,25.0,UNDER,STANDARD,0,1,25.0,0,0,standard,2026-02-24T22:10:00.000-05:00,2026-02-24T15:24:34.534000+00:00
10095041|Toumani Camara|FANTASY SCORE|STANDARD|25|OVER,10095041,Toumani Camara,POR,FANTASY SCORE,FANTASY SCORE,0,25.0,OVER,STANDARD,1,0,25.0,0,0,standard,2026-02-24T22:10:00.000-05:00,2026-02-24T15:19:20.128000+00:00
10095041|Toumani Camara|FANTASY SCORE|STANDARD|25|UNDER,10095041,Toumani Camara,POR,FANTASY SCORE,FANTASY SCORE,0,25.0,UNDER,STANDARD,0,1,25.0,0,0,standard,2026-02-24T22:10:00.000-05:00,2026-02-24T15:19:20.128000+00:00
10094672|Desmond Bane|QUARTERS WITH 5+ POINTS|DEMON|3.5|OVER,10094672,Desmond Bane,ORL,QUARTERS WITH 5+ POINTS,QUARTERS WITH 5+ POINTS,0,3.5,OVER,DEMON,1,0,3.5,0,0,demon,2026-02-24T22:40:00.000-05:00,2026-02-24T15:16:45.929000+00:00
10088294|Julius Randle|BS|STANDARD|1.5|OVER,10088294,Julius Randle,MIN,BS,BLKS+STLS,1,1.5,OVER,STANDARD,1,0,1.5,0,0,standard,2026-02-24T22:10:00.000-05:00,2026-02-24T15:16:22.037000+00:00
10088294|Julius Randle|BS|STANDARD|1.5|UNDER,10088294,Julius Randle,MIN,BS,BLKS+STLS,1,1.5,UNDER,STANDARD,0,1,1.5,0,0,standard,2026-02-24T22:10:00.000-05:00,2026-02-24T15:16:22.037000+00:00
10095126|Jalen Green|FANTASY SCORE|STANDARD|31|OVER,10095126,Jalen Green,PHX,FANTASY SCORE,FANTASY SCORE,0,31.0,OVER,STANDARD,1,0,31.0,0,0,standard,2026-02-24T21:10:00.000-05:00,2026-02-24T15:15:32.774000+00:00
10095126|Jalen Green|FANTASY SCORE|STANDARD|31|UNDER,10095126,Jalen Green,PHX,FANTASY SCORE,FANTASY SCORE,0,31.0,UNDER,STANDARD,0,1,31.0,0,0,standard,2026-02-24T21:10:00.000-05:00,2026-02-24T15:15:32.774000+00:00
10095033|Jaden McDaniels|FANTASY SCORE|STANDARD|28.5|OVER,10095033,Jaden McDaniels,MIN,FANTASY SCORE,FANTASY SCORE,0,28.5,OVER,STANDARD,1,0,28.5,0,0,standard,2026-02-24T22:10:00.000-05:00,2026-02-24T15:15:30.200000+00:00
10095033|Jaden McDaniels|FANTASY SCORE|STANDARD|28.5|UNDER,10095033,Jaden McDaniels,MIN,FANTASY SCORE,FANTASY SCORE,0,28.5,UNDER,STANDARD,0,1,28.5,0,0,standard,2026-02-24T22:10:00.000-05:00,2026-02-24T15:15:30.200000+00:00
10095133|Royce O'Neale|FANTASY SCORE|STANDARD|22|OVER,10095133,Royce O'Neale,PHX,FANTASY SCORE,FANTASY SCORE,0,22.0,OVER,STANDARD,1,0,22.0,0,0,standard,2026-02-24T21:10:00.000-05:00,2026-02-24T15:14:50.094000+00:00
10095133|Royce O'Neale|FANTASY SCORE|STANDARD|22|UNDER,10095133,Royce O'Neale,PHX,FANTASY SCORE,FANTASY SCORE,0,22.0,UNDER,STANDARD,0,1,22.0,0,0,standard,2026-02-24T21:10:00.000-05:00,2026-02-24T15:14:50.094000+00:00
10095034|Jerami Grant|FANTASY SCORE|STANDARD|30.5|OVER,10095034,Jerami Grant,POR,FANTASY SCORE,FANTASY SCORE,0,30.5,OVER,STANDARD,1,0,30.5,0,0,standard,2026-02-24T22:10:00.000-05:00,2026-02-24T15:14:50.082000+00:00
10095034|Jerami Grant|FANTASY SCORE|STANDARD|30.5|UNDER,10095034,Jerami Grant,POR,FANTASY SCORE,FANTASY SCORE,0,30.5,UNDER,STANDARD,0,1,30.5,0,0,standard,2026-02-24T22:10:00.000-05:00,2026-02-24T15:14:50.082000+00:00
10095031|Donovan Clingan|FANTASY SCORE|STANDARD|36.5|OVER,10095031,Donovan Clingan,POR,FANTASY SCORE,FANTASY SCORE,0,36.5,OVER,STANDARD,1,0,36.5,0,0,standard,2026-02-24T22:10:00.000-05:00,2026-02-24T15:12:18.694000+00:00
10095031|Donovan Clingan|FANTASY SCORE|STANDARD|36.5|UNDER,10095031,Donovan Clingan,POR,FANTASY SCORE,FANTASY SCORE,0,36.5,UNDER,STANDARD,0,1,36.5,0,0,standard,2026-02-24T22:10:00.000-05:00,2026-02-24T15:12:18.694000+00:00
10071704|Oso Ighodaro|AST|GOBLIN|1.5|OVER,10071704,Oso Ighodaro,PHX,AST,ASSISTS,1,1.5,OVER,GOBLIN,1,0,1.5,0,0,goblin,2026-02-24T21:10:00.000-05:00,2026-02-24T15:09:05.724000+00:00
10092006|Ayo Dosunmu|BS|DEMON|1.5|OVER,10092006,Ayo Dosunmu,MIN,BS,BLKS+STLS,1,1.5,OVER,DEMON,1,0,1.5,0,0,demon,2026-02-24T22:10:00.000-05:00,2026-02-24T15:07:48.968000+00:00
10091112|Sidy Cissoko|AST|DEMON|1.5|OVER,10091112,Sidy Cissoko,POR,AST,ASSISTS,1,1.5,OVER,DEMON,1,0,1.5,0,0,demon,2026-02-24T22:10:00.000-05:00,2026-02-24T15:05:18.621000+00:00
10093414|Tristan Silva|AST|DEMON|1.5|OVER,10093414,Tristan Silva,ORL,AST,ASSISTS,1,1.5,OVER,DEMON,1,0,1.5,0,0,demon,2026-02-24T22:40:00.000-05:00,2026-02-24T15:05:18.612000+00:00
10095036|Julius Randle|FANTASY SCORE|STANDARD|38|OVER,10095036,Julius Randle,MIN,FANTASY SCORE,FANTASY SCORE,0,38.0,OVER,STANDARD,1,0,38.0,0,0,standard,2026-02-24T22:10:00.000-05:00,2026-02-24T15:03:31.861000+00:00
10095036|Julius Randle|FANTASY SCORE|STANDARD|38|UNDER,10095036,Julius Randle,MIN,FANTASY SCORE,FANTASY SCORE,0,38.0,UNDER,STANDARD,0,1,38.0,0,0,standard,2026-02-24T22:10:00.000-05:00,2026-02-24T15:03:31.861000+00:00
10094143|Scoot Henderson|OFFENSIVE REBOUNDS|STANDARD|0.5|OVER,10094143,Scoot Henderson,POR,OFFENSIVE REBOUNDS,OFFENSIVE REBOUNDS,0,0.5,OVER,STANDARD,1,0,0.5,0,0,standard,2026-02-24T22:10:00.000-05:00,2026-02-24T15:02:12.491000+00:00
10094143|Scoot Henderson|OFFENSIVE REBOUNDS|STANDARD|0.5|UNDER,10094143,Scoot Henderson,POR,OFFENSIVE REBOUNDS,OFFENSIVE REBOUNDS,0,0.5,UNDER,STANDARD,0,1,0.5,0,0,standard,2026-02-24T22:10:00.000-05:00,2026-02-24T15:02:12.491000+00:00
10094870|Deandre Ayton|FANTASY SCORE|STANDARD|23|OVER,10094870,Deandre Ayton,LAL,FANTASY SCORE,FANTASY SCORE,0,23.0,OVER,STANDARD,1,0,23.0,0,0,standard,2026-02-24T22:40:00.000-05:00,2026-02-24T15:01:12.160000+00:00
10094870|Deandre Ayton|FANTASY SCORE|STANDARD|23|UNDER,10094870,Deandre Ayton,LAL,FANTASY SCORE,FANTASY SCORE,0,23.0,UNDER,STANDARD,0,1,23.0,0,0,standard,2026-02-24T22:40:00.000-05:00,2026-02-24T15:01:12.160000+00:00
10094868|Anthony Black|FANTASY SCORE|STANDARD|30|OVER,10094868,Anthony Black,ORL,FANTASY SCORE,FANTASY SCORE,0,30.0,OVER,STANDARD,1,0,30.0,0,0,standard,2026-02-24T22:40:00.000-05:00,2026-02-24T14:58:43.980000+00:00
10094868|Anthony Black|FANTASY SCORE|STANDARD|30|UNDER,10094868,Anthony Black,ORL,FANTASY SCORE,FANTASY SCORE,0,30.0,UNDER,STANDARD,0,1,30.0,0,0,standard,2026-02-24T22:40:00.000-05:00,2026-02-24T14:58:43.980000+00:00
10094871|Desmond Bane|FANTASY SCORE|STANDARD|34|OVER,10094871,Desmond Bane,ORL,FANTASY SCORE,FANTASY SCORE,0,34.0,OVER,STANDARD,1,0,34.0,0,0,standard,2026-02-24T22:40:00.000-05:00,2026-02-24T14:57:44.388000+00:00
10094871|Desmond Bane|FANTASY SCORE|STANDARD|34|UNDER,10094871,Desmond Bane,ORL,FANTASY SCORE,FANTASY SCORE,0,34.0,UNDER,STANDARD,0,1,34.0,0,0,standard,2026-02-24T22:40:00.000-05:00,2026-02-24T14:57:44.388000+00:00
10077639|Paolo Banchero|BLOCKED SHOTS|DEMON|1.5|OVER,10077639,Paolo Banchero,ORL,BLOCKED SHOTS,BLOCKED SHOTS,0,1.5,OVER,DEMON,1,0,1.5,0,0,demon,2026-02-24T22:40:00.000-05:00,2026-02-24T14:56:56.324000+00:00
10094650|Collin Gillespie|QUARTERS WITH 3+ POINTS|DEMON|3.5|OVER,10094650,Collin Gillespie,PHX,QUARTERS WITH 3+ POINTS,QUARTERS WITH 3+ POINTS,0,3.5,OVER,DEMON,1,0,3.5,0,0,demon,2026-02-24T21:10:00.000-05:00,2026-02-24T14:56:04.619000+00:00
10093907|Deandre Ayton|DEFENSIVE REBOUNDS|STANDARD|5.5|OVER,10093907,Deandre Ayton,LAL,DEFENSIVE REBOUNDS,DEFENSIVE REBOUNDS,0,5.5,OVER,STANDARD,1,0,5.5,0,0,standard,2026-02-24T22:40:00.000-05:00,2026-02-24T14:55:21.044000+00:00
10093907|Deandre Ayton|DEFENSIVE REBOUNDS|STANDARD|5.5|UNDER,10093907,Deandre Ayton,LAL,DEFENSIVE REBOUNDS,DEFENSIVE REBOUNDS,0,5.5,UNDER,STANDARD,0,1,5.5,0,0,standard,2026-02-24T22:40:00.000-05:00,2026-02-24T14:55:21.044000+00:00
10094657|Luka Dončić|QUARTERS WITH 3+ POINTS|GOBLIN|3.5|OVER,10094657,Luka Dončić,LAL,QUARTERS WITH 3+ POINTS,QUARTERS WITH 3+ POINTS,0,3.5,OVER,GOBLIN,1,0,3.5,0,0,goblin,2026-02-24T22:40:00.000-05:00,2026-02-24T14:53:40.133000+00:00
10094651|Anthony Edwards|QUARTERS WITH 3+ POINTS|GOBLIN|3.5|OVER,10094651,Anthony Edwards,MIN,QUARTERS WITH 3+ POINTS,QUARTERS WITH 3+ POINTS,0,3.5,OVER,GOBLIN,1,0,3.5,0,0,goblin,2026-02-24T22:10:00.000-05:00,2026-02-24T14:53:40.121000+00:00
10093156|Desmond Bane|BS|DEMON|2.5|OVER,10093156,Desmond Bane,ORL,BS,BLKS+STLS,1,2.5,OVER,DEMON,1,0,2.5,0,0,demon,2026-02-24T22:40:00.000-05:00,2026-02-24T14:53:04.073000+00:00
10094873|LeBron James|FANTASY SCORE|STANDARD|38|OVER,10094873,LeBron James,LAL,FANTASY SCORE,FANTASY SCORE,0,38.0,OVER,STANDARD,1,0,38.0,0,0,standard,2026-02-24T22:40:00.000-05:00,2026-02-24T14:50:42.323000+00:00
10094873|LeBron James|FANTASY SCORE|STANDARD|38|UNDER,10094873,LeBron James,LAL,FANTASY SCORE,FANTASY SCORE,0,38.0,UNDER,STANDARD,0,1,38.0,0,0,standard,2026-02-24T22:40:00.000-05:00,2026-02-24T14:50:42.323000+00:00
10094058|Mark Williams|DEFENSIVE REBOUNDS|STANDARD|4.5|OVER,10094058,Mark Williams,PHX,DEFENSIVE REBOUNDS,DEFENSIVE REBOUNDS,0,4.5,OVER,STANDARD,1,0,4.5,0,0,standard,2026-02-24T21:10:00.000-05:00,2026-02-24T14:50:38.808000+00:00
10094058|Mark Williams|DEFENSIVE REBOUNDS|STANDARD|4.5|UNDER,10094058,Mark Williams,PHX,DEFENSIVE REBOUNDS,DEFENSIVE REBOUNDS,0,4.5,UNDER,STANDARD,0,1,4.5,0,0,standard,2026-02-24T21:10:00.000-05:00,2026-02-24T14:50:38.808000+00:00
10093158|LeBron James|BS|DEMON|2.5|OVER,10093158,LeBron James,LAL,BS,BLKS+STLS,1,2.5,OVER,DEMON,1,0,2.5,0,0,demon,2026-02-24T22:40:00.000-05:00,2026-02-24T14:49:46.065000+00:00
10094869|Austin Reaves|FANTASY SCORE|STANDARD|34.5|OVER,10094869,Austin Reaves,LAL,FANTASY SCORE,FANTASY SCORE,0,34.5,OVER,STANDARD,1,0,34.5,0,0,standard,2026-02-24T22:40:00.000-05:00,2026-02-24T14:48:43.250000+00:00
10094869|Austin Reaves|FANTASY SCORE|STANDARD|34.5|UNDER,10094869,Austin Reaves,LAL,FANTASY SCORE,FANTASY SCORE,0,34.5,UNDER,STANDARD,0,1,34.5,0,0,standard,2026-02-24T22:40:00.000-05:00,2026-02-24T14:48:43.250000+00:00
10094876|Paolo Banchero|FANTASY SCORE|STANDARD|41.5|OVER,10094876,Paolo Banchero,ORL,FANTASY SCORE,FANTASY SCORE,0,41.5,OVER,STANDARD,1,0,41.5,0,0,standard,2026-02-24T22:40:00.000-05:00,2026-02-24T14:48:15.487000+00:00
10094876|Paolo Banchero|FANTASY SCORE|STANDARD|41.5|UNDER,10094876,Paolo Banchero,ORL,FANTASY SCORE,FANTASY SCORE,0,41.5,UNDER,STANDARD,0,1,41.5,0,0,standard,2026-02-24T22:40:00.000-05:00,2026-02-24T14:48:15.487000+00:00
10094652|Julius Randle|QUARTERS WITH 3+ POINTS|DEMON|3.5|OVER,10094652,Julius Randle,MIN,QUARTERS WITH 3+ POINTS,QUARTERS WITH 3+ POINTS,0,3.5,OVER,DEMON,1,0,3.5,0,0,demon,2026-02-24T22:10:00.000-05:00,2026-02-24T14:46:57.655000+00:00
10094152|Toumani Camara|DEFENSIVE REBOUNDS|STANDARD|3.5|OVER,10094152,Toumani Camara,POR,DEFENSIVE REBOUNDS,DEFENSIVE REBOUNDS,0,3.5,OVER,STANDARD,1,0,3.5,0,0,standard,2026-02-24T22:10:00.000-05:00,2026-02-24T14:46:18.334000+00:00
10094152|Toumani Camara|DEFENSIVE REBOUNDS|STANDARD|3.5|UNDER,10094152,Toumani Camara,POR,DEFENSIVE REBOUNDS,DEFENSIVE REBOUNDS,0,3.5,UNDER,STANDARD,0,1,3.5,0,0,standard,2026-02-24T22:10:00.000-05:00,2026-02-24T14:46:18.334000+00:00
10094661|LeBron James|QUARTERS WITH 3+ POINTS|DEMON|3.5|OVER,10094661,LeBron James,LAL,QUARTERS WITH 3+ POINTS,QUARTERS WITH 3+ POINTS,0,3.5,OVER,DEMON,1,0,3.5,0,0,demon,2026-02-24T22:40:00.000-05:00,2026-02-24T14:44:47.007000+00:00
10094673|LeBron James|QUARTERS WITH 5+ POINTS|DEMON|3.5|OVER,10094673,LeBron James,LAL,QUARTERS WITH 5+ POINTS,QUARTERS WITH 5+ POINTS,0,3.5,OVER,DEMON,1,0,3.5,0,0,demon,2026-02-24T22:40:00.000-05:00,2026-02-24T14:43:35.810000+00:00
10087016|Toumani Camara|PR|STANDARD|18.5|OVER,10087016,Toumani Camara,POR,PR,PTS+REBS,1,18.5,OVER,STANDARD,1,0,18.5,0,0,standard,2026-02-24T22:10:00.000-05:00,2026-02-24T14:43:05.705000+00:00
10087016|Toumani Camara|PR|STANDARD|18.5|UNDER,10087016,Toumani Camara,POR,PR,PTS+REBS,1,18.5,UNDER,STANDARD,0,1,18.5,0,0,standard,2026-02-24T22:10:00.000-05:00,2026-02-24T14:43:05.705000+00:00
10094669|Luka Dončić|QUARTERS WITH 5+ POINTS|DEMON|3.5|OVER,10094669,Luka Dončić,LAL,QUARTERS WITH 5+ POINTS,QUARTERS WITH 5+ POINTS,0,3.5,OVER,DEMON,1,0,3.5,0,0,demon,2026-02-24T22:40:00.000-05:00,2026-02-24T14:40:22.894000+00:00
10094666|Anthony Edwards|QUARTERS WITH 5+ POINTS|DEMON|3.5|OVER,10094666,Anthony Edwards,MIN,QUARTERS WITH 5+ POINTS,QUARTERS WITH 5+ POINTS,0,3.5,OVER,DEMON,1,0,3.5,0,0,demon,2026-02-24T22:10:00.000-05:00,2026-02-24T14:40:22.885000+00:00
10094659|Paolo Banchero|QUARTERS WITH 3+ POINTS|DEMON|3.5|OVER,10094659,Paolo Banchero,ORL,QUARTERS WITH 3+ POINTS,QUARTERS WITH 3+ POINTS,0,3.5,OVER,DEMON,1,0,3.5,0,0,demon,2026-02-24T22:40:00.000-05:00,2026-02-24T14:40:13.496000+00:00
10093899|Austin Reaves|OFFENSIVE REBOUNDS|STANDARD|0.5|OVER,10093899,Austin Reaves,LAL,OFFENSIVE REBOUNDS,OFFENSIVE REBOUNDS,0,0.5,OVER,STANDARD,1,0,0.5,0,0,standard,2026-02-24T22:40:00.000-05:00,2026-02-24T14:40:08.357000+00:00
10093899|Austin Reaves|OFFENSIVE REBOUNDS|STANDARD|0.5|UNDER,10093899,Austin Reaves,LAL,OFFENSIVE REBOUNDS,OFFENSIVE REBOUNDS,0,0.5,UNDER,STANDARD,0,1,0.5,0,0,standard,2026-02-24T22:40:00.000-05:00,2026-02-24T14:40:08.357000+00:00
10094062|Ryan Dunn|DEFENSIVE REBOUNDS|STANDARD|3|OVER,10094062,Ryan Dunn,PHX,DEFENSIVE REBOUNDS,DEFENSIVE REBOUNDS,0,3.0,OVER,STANDARD,1,0,3.0,0,0,standard,2026-02-24T21:10:00.000-05:00,2026-02-24T14:39:28.038000+00:00
10094062|Ryan Dunn|DEFENSIVE REBOUNDS|STANDARD|3|UNDER,10094062,Ryan Dunn,PHX,DEFENSIVE REBOUNDS,DEFENSIVE REBOUNDS,0,3.0,UNDER,STANDARD,0,1,3.0,0,0,standard,2026-02-24T21:10:00.000-05:00,2026-02-24T14:39:28.038000+00:00
10086526|Donovan Clingan|PA|STANDARD|15.5|OVER,10086526,Donovan Clingan,POR,PA,PTS+ASTS,1,15.5,OVER,STANDARD,1,0,15.5,0,0,standard,2026-02-24T22:10:00.000-05:00,2026-02-24T14:39:05.005000+00:00
10086526|Donovan Clingan|PA|STANDARD|15.5|UNDER,10086526,Donovan Clingan,POR,PA,PTS+ASTS,1,15.5,UNDER,STANDARD,0,1,15.5,0,0,standard,2026-02-24T22:10:00.000-05:00,2026-02-24T14:39:05.005000+00:00
10086915|Rudy Gobert|STL|DEMON|1.5|OVER,10086915,Rudy Gobert,MIN,STL,STEALS,1,1.5,OVER,DEMON,1,0,1.5,0,0,demon,2026-02-24T22:10:00.000-05:00,2026-02-24T14:37:47.913000+00:00
10077416|Deandre Ayton|PRA|STANDARD|18.5|OVER,10077416,Deandre Ayton,LAL,PRA,PTS+REBS+ASTS,1,18.5,OVER,STANDARD,1,0,18.5,0,0,standard,2026-02-24T22:40:00.000-05:00,2026-02-24T14:37:22.542000+00:00
10077416|Deandre Ayton|PRA|STANDARD|18.5|UNDER,10077416,Deandre Ayton,LAL,PRA,PTS+REBS+ASTS,1,18.5,UNDER,STANDARD,0,1,18.5,0,0,standard,2026-02-24T22:40:00.000-05:00,2026-02-24T14:37:22.542000+00:00
10094660|Desmond Bane|QUARTERS WITH 3+ POINTS|DEMON|3.5|OVER,10094660,Desmond Bane,ORL,QUARTERS WITH 3+ POINTS,QUARTERS WITH 3+ POINTS,0,3.5,OVER,DEMON,1,0,3.5,0,0,demon,2026-02-24T22:40:00.000-05:00,2026-02-24T14:34:57.940000+00:00
10094150|Julius Randle|DEFENSIVE REBOUNDS|STANDARD|5.5|OVER,10094150,Julius Randle,MIN,DEFENSIVE REBOUNDS,DEFENSIVE REBOUNDS,0,5.5,OVER,STANDARD,1,0,5.5,0,0,standard,2026-02-24T22:10:00.000-05:00,2026-02-24T14:34:39.683000+00:00
10094150|Julius Randle|DEFENSIVE REBOUNDS|STANDARD|5.5|UNDER,10094150,Julius Randle,MIN,DEFENSIVE REBOUNDS,DEFENSIVE REBOUNDS,0,5.5,UNDER,STANDARD,0,1,5.5,0,0,standard,2026-02-24T22:10:00.000-05:00,2026-02-24T14:34:39.683000+00:00
10094648|Grayson Allen|QUARTERS WITH 3+ POINTS|DEMON|3.5|OVER,10094648,Grayson Allen,PHX,QUARTERS WITH 3+ POINTS,QUARTERS WITH 3+ POINTS,0,3.5,OVER,DEMON,1,0,3.5,0,0,demon,2026-02-24T21:10:00.000-05:00,2026-02-24T14:33:39.279000+00:00
10094655|Jaden McDaniels|QUARTERS WITH 3+ POINTS|DEMON|3.5|OVER,10094655,Jaden McDaniels,MIN,QUARTERS WITH 3+ POINTS,QUARTERS WITH 3+ POINTS,0,3.5,OVER,DEMON,1,0,3.5,0,0,demon,2026-02-24T22:10:00.000-05:00,2026-02-24T14:33:39.268000+00:00
10094658|Austin Reaves|QUARTERS WITH 3+ POINTS|DEMON|3.5|OVER,10094658,Austin Reaves,LAL,QUARTERS WITH 3+ POINTS,QUARTERS WITH 3+ POINTS,0,3.5,OVER,DEMON,1,0,3.5,0,0,demon,2026-02-24T22:40:00.000-05:00,2026-02-24T14:33:39.256000+00:00
10094050|Mark Williams|OFFENSIVE REBOUNDS|STANDARD|3|OVER,10094050,Mark Williams,PHX,OFFENSIVE REBOUNDS,OFFENSIVE REBOUNDS,0,3.0,OVER,STANDARD,1,0,3.0,0,0,standard,2026-02-24T21:10:00.000-05:00,2026-02-24T14:31:22.316000+00:00
10094050|Mark Williams|OFFENSIVE REBOUNDS|STANDARD|3|UNDER,10094050,Mark Williams,PHX,OFFENSIVE REBOUNDS,OFFENSIVE REBOUNDS,0,3.0,UNDER,STANDARD,0,1,3.0,0,0,standard,2026-02-24T21:10:00.000-05:00,2026-02-24T14:31:22.316000+00:00
10077653|Paolo Banchero|STL|DEMON|2.5|OVER,10077653,Paolo Banchero,ORL,STL,STEALS,1,2.5,OVER,DEMON,1,0,2.5,0,0,demon,2026-02-24T22:40:00.000-05:00,2026-02-24T14:28:27.536000+00:00
10092765|Ayo Dosunmu|PA|GOBLIN|11.5|OVER,10092765,Ayo Dosunmu,MIN,PA,PTS+ASTS,1,11.5,OVER,GOBLIN,1,0,11.5,0,0,goblin,2026-02-24T22:10:00.000-05:00,2026-02-24T14:24:02.367000+00:00
10086711|Jrue Holiday|REB|DEMON|6.5|OVER,10086711,Jrue Holiday,POR,REB,REBOUNDS,1,6.5,OVER,DEMON,1,0,6.5,0,0,demon,2026-02-24T22:10:00.000-05:00,2026-02-24T14:21:02.919000+00:00
10087063|Vít Krejčí|REB|DEMON|4.5|OVER,10087063,Vít Krejčí,POR,REB,REBOUNDS,1,4.5,OVER,DEMON,1,0,4.5,0,0,demon,2026-02-24T22:10:00.000-05:00,2026-02-24T14:21:02.908000+00:00
10086155|Jalen Suggs|REB|DEMON|6.5|OVER,10086155,Jalen Suggs,ORL,REB,REBOUNDS,1,6.5,OVER,DEMON,1,0,6.5,0,0,demon,2026-02-24T22:40:00.000-05:00,2026-02-24T14:21:02.899000+00:00
10093908|Desmond Bane|DEFENSIVE REBOUNDS|STANDARD|2.5|OVER,10093908,Desmond Bane,ORL,DEFENSIVE REBOUNDS,DEFENSIVE REBOUNDS,0,2.5,OVER,STANDARD,1,0,2.5,0,0,standard,2026-02-24T22:40:00.000-05:00,2026-02-24T14:20:55.616000+00:00
10093908|Desmond Bane|DEFENSIVE REBOUNDS|STANDARD|2.5|UNDER,10093908,Desmond Bane,ORL,DEFENSIVE REBOUNDS,DEFENSIVE REBOUNDS,0,2.5,UNDER,STANDARD,0,1,2.5,0,0,standard,2026-02-24T22:40:00.000-05:00,2026-02-24T14:20:55.616000+00:00
10094053|Ryan Dunn|OFFENSIVE REBOUNDS|STANDARD|1.5|OVER,10094053,Ryan Dunn,PHX,OFFENSIVE REBOUNDS,OFFENSIVE REBOUNDS,0,1.5,OVER,STANDARD,1,0,1.5,0,0,standard,2026-02-24T21:10:00.000-05:00,2026-02-24T14:19:52.691000+00:00
10094053|Ryan Dunn|OFFENSIVE REBOUNDS|STANDARD|1.5|UNDER,10094053,Ryan Dunn,PHX,OFFENSIVE REBOUNDS,OFFENSIVE REBOUNDS,0,1.5,UNDER,STANDARD,0,1,1.5,0,0,standard,2026-02-24T21:10:00.000-05:00,2026-02-24T14:19:52.691000+00:00
10086929|Scoot Henderson|BLOCKED SHOTS|DEMON|0.5|OVER,10086929,Scoot Henderson,POR,BLOCKED SHOTS,BLOCKED SHOTS,0,0.5,OVER,DEMON,1,0,0.5,0,0,demon,2026-02-24T22:10:00.000-05:00,2026-02-24T14:16:21.834000+00:00
10086928|Scoot Henderson|BS|GOBLIN|0.5|OVER,10086928,Scoot Henderson,POR,BS,BLKS+STLS,1,0.5,OVER,GOBLIN,1,0,0.5,0,0,goblin,2026-02-24T22:10:00.000-05:00,2026-02-24T14:16:21.583000+00:00
10093909|Wendell Carter|DEFENSIVE REBOUNDS|STANDARD|5.5|OVER,10093909,Wendell Carter,ORL,DEFENSIVE REBOUNDS,DEFENSIVE REBOUNDS,0,5.5,OVER,STANDARD,1,0,5.5,0,0,standard,2026-02-24T22:40:00.000-05:00,2026-02-24T14:14:48.908000+00:00
10093909|Wendell Carter|DEFENSIVE REBOUNDS|STANDARD|5.5|UNDER,10093909,Wendell Carter,ORL,DEFENSIVE REBOUNDS,DEFENSIVE REBOUNDS,0,5.5,UNDER,STANDARD,0,1,5.5,0,0,standard,2026-02-24T22:40:00.000-05:00,2026-02-24T14:14:48.908000+00:00
10088962|Scoot Henderson|AST|GOBLIN|4.5|OVER,10088962,Scoot Henderson,POR,AST,ASSISTS,1,4.5,OVER,GOBLIN,1,0,4.5,0,0,goblin,2026-02-24T22:10:00.000-05:00,2026-02-24T14:13:57.655000+00:00
10094138|Anthony Edwards|OFFENSIVE REBOUNDS|STANDARD|0.5|OVER,10094138,Anthony Edwards,MIN,OFFENSIVE REBOUNDS,OFFENSIVE REBOUNDS,0,0.5,OVER,STANDARD,1,0,0.5,0,0,standard,2026-02-24T22:10:00.000-05:00,2026-02-24T14:13:05.812000+00:00
10094138|Anthony Edwards|OFFENSIVE REBOUNDS|STANDARD|0.5|UNDER,10094138,Anthony Edwards,MIN,OFFENSIVE REBOUNDS,OFFENSIVE REBOUNDS,0,0.5,UNDER,STANDARD,0,1,0.5,0,0,standard,2026-02-24T22:10:00.000-05:00,2026-02-24T14:13:05.812000+00:00
10093902|Moritz Wagner|OFFENSIVE REBOUNDS|STANDARD|0.5|OVER,10093902,Moritz Wagner,ORL,OFFENSIVE REBOUNDS,OFFENSIVE REBOUNDS,0,0.5,OVER,STANDARD,1,0,0.5,0,0,standard,2026-02-24T22:40:00.000-05:00,2026-02-24T14:12:49.290000+00:00
10093902|Moritz Wagner|OFFENSIVE REBOUNDS|STANDARD|0.5|UNDER,10093902,Moritz Wagner,ORL,OFFENSIVE REBOUNDS,OFFENSIVE REBOUNDS,0,0.5,UNDER,STANDARD,0,1,0.5,0,0,standard,2026-02-24T22:40:00.000-05:00,2026-02-24T14:12:49.290000+00:00
10088764|Naz Reid|PRA|GOBLIN|19.5|OVER,10088764,Naz Reid,MIN,PRA,PTS+REBS+ASTS,1,19.5,OVER,GOBLIN,1,0,19.5,0,0,goblin,2026-02-24T22:10:00.000-05:00,2026-02-24T14:12:11.106000+00:00
10094049|Jalen Green|OFFENSIVE REBOUNDS|STANDARD|0.5|OVER,10094049,Jalen Green,PHX,OFFENSIVE REBOUNDS,OFFENSIVE REBOUNDS,0,0.5,OVER,STANDARD,1,0,0.5,0,0,standard,2026-02-24T21:10:00.000-05:00,2026-02-24T14:12:07.612000+00:00
10094049|Jalen Green|OFFENSIVE REBOUNDS|STANDARD|0.5|UNDER,10094049,Jalen Green,PHX,OFFENSIVE REBOUNDS,OFFENSIVE REBOUNDS,0,0.5,UNDER,STANDARD,0,1,0.5,0,0,standard,2026-02-24T21:10:00.000-05:00,2026-02-24T14:12:07.612000+00:00
10093898|Anthony Black|OFFENSIVE REBOUNDS|STANDARD|0.5|OVER,10093898,Anthony Black,ORL,OFFENSIVE REBOUNDS,OFFENSIVE REBOUNDS,0,0.5,OVER,STANDARD,1,0,0.5,0,0,standard,2026-02-24T22:40:00.000-05:00,2026-02-24T14:11:14.870000+00:00
10093898|Anthony Black|OFFENSIVE REBOUNDS|STANDARD|0.5|UNDER,10093898,Anthony Black,ORL,OFFENSIVE REBOUNDS,OFFENSIVE REBOUNDS,0,0.5,UNDER,STANDARD,0,1,0.5,0,0,standard,2026-02-24T22:40:00.000-05:00,2026-02-24T14:11:14.870000+00:00
10065699|Austin Reaves|PRA|STANDARD|30.5|OVER,10065699,Austin Reaves,LAL,PRA,PTS+REBS+ASTS,1,30.5,OVER,STANDARD,1,0,30.5,0,0,standard,2026-02-24T22:40:00.000-05:00,2026-02-24T14:11:08.091000+00:00
10065699|Austin Reaves|PRA|STANDARD|30.5|UNDER,10065699,Austin Reaves,LAL,PRA,PTS+REBS+ASTS,1,30.5,UNDER,STANDARD,0,1,30.5,0,0,standard,2026-02-24T22:40:00.000-05:00,2026-02-24T14:11:08.091000+00:00
10094141|Julius Randle|OFFENSIVE REBOUNDS|STANDARD|1.5|OVER,10094141,Julius Randle,MIN,OFFENSIVE REBOUNDS,OFFENSIVE REBOUNDS,0,1.5,OVER,STANDARD,1,0,1.5,0,0,standard,2026-02-24T22:10:00.000-05:00,2026-02-24T14:09:14.709000+00:00
10094141|Julius Randle|OFFENSIVE REBOUNDS|STANDARD|1.5|UNDER,10094141,Julius Randle,MIN,OFFENSIVE REBOUNDS,OFFENSIVE REBOUNDS,0,1.5,UNDER,STANDARD,0,1,1.5,0,0,standard,2026-02-24T22:10:00.000-05:00,2026-02-24T14:09:14.709000+00:00
10086630|Jaden McDaniels|STL|GOBLIN|0.5|OVER,10086630,Jaden McDaniels,MIN,STL,STEALS,1,0.5,OVER,GOBLIN,1,0,0.5,0,0,goblin,2026-02-24T22:10:00.000-05:00,2026-02-24T14:08:37.842000+00:00
10093207|Jaden McDaniels|FG3M|GOBLIN|0.5|OVER,10093207,Jaden McDaniels,MIN,FG3M,3-PT MADE,1,0.5,OVER,GOBLIN,1,0,0.5,0,0,goblin,2026-02-24T22:10:00.000-05:00,2026-02-24T14:04:51.720000+00:00
10089013|Donovan Clingan|REB|DEMON|16.5|OVER,10089013,Donovan Clingan,POR,REB,REBOUNDS,1,16.5,OVER,DEMON,1,0,16.5,0,0,demon,2026-02-24T22:10:00.000-05:00,2026-02-24T13:57:46.126000+00:00
10071848|Grayson Allen|REB|GOBLIN|2.5|OVER,10071848,Grayson Allen,PHX,REB,REBOUNDS,1,2.5,OVER,GOBLIN,1,0,2.5,0,0,goblin,2026-02-24T21:10:00.000-05:00,2026-02-24T13:56:56.608000+00:00
10065767|Paolo Banchero|PRA|STANDARD|35.5|OVER,10065767,Paolo Banchero,ORL,PRA,PTS+REBS+ASTS,1,35.5,OVER,STANDARD,1,0,35.5,0,0,standard,2026-02-24T22:40:00.000-05:00,2026-02-24T13:55:55.002000+00:00
10065767|Paolo Banchero|PRA|STANDARD|35.5|UNDER,10065767,Paolo Banchero,ORL,PRA,PTS+REBS+ASTS,1,35.5,UNDER,STANDARD,0,1,35.5,0,0,standard,2026-02-24T22:40:00.000-05:00,2026-02-24T13:55:55.002000+00:00
10089007|Oso Ighodaro|PR|STANDARD|10.5|OVER,10089007,Oso Ighodaro,PHX,PR,PTS+REBS,1,10.5,OVER,STANDARD,1,0,10.5,0,0,standard,2026-02-24T21:10:00.000-05:00,2026-02-24T13:55:52.464000+00:00
10089007|Oso Ighodaro|PR|STANDARD|10.5|UNDER,10089007,Oso Ighodaro,PHX,PR,PTS+REBS,1,10.5,UNDER,STANDARD,0,1,10.5,0,0,standard,2026-02-24T21:10:00.000-05:00,2026-02-24T13:55:52.464000+00:00
10086935|Scoot Henderson|PTS|STANDARD|16.5|OVER,10086935,Scoot Henderson,POR,PTS,POINTS,1,16.5,OVER,STANDARD,1,0,16.5,0,0,standard,2026-02-24T22:10:00.000-05:00,2026-02-24T13:55:47.566000+00:00
10086935|Scoot Henderson|PTS|STANDARD|16.5|UNDER,10086935,Scoot Henderson,POR,PTS,POINTS,1,16.5,UNDER,STANDARD,0,1,16.5,0,0,standard,2026-02-24T22:10:00.000-05:00,2026-02-24T13:55:47.566000+00:00
10083717|Jake LaRavia|FG3M|STANDARD|0.5|OVER,10083717,Jake LaRavia,LAL,FG3M,3-PT MADE,1,0.5,OVER,STANDARD,1,0,0.5,0,0,standard,2026-02-24T22:40:00.000-05:00,2026-02-24T13:54:19.124000+00:00
10083717|Jake LaRavia|FG3M|STANDARD|0.5|UNDER,10083717,Jake LaRavia,LAL,FG3M,3-PT MADE,1,0.5,UNDER,STANDARD,0,1,0.5,0,0,standard,2026-02-24T22:40:00.000-05:00,2026-02-24T13:54:19.124000+00:00
10093160|Paolo Banchero|BS|GOBLIN|0.5|OVER,10093160,Paolo Banchero,ORL,BS,BLKS+STLS,1,0.5,OVER,GOBLIN,1,0,0.5,0,0,goblin,2026-02-24T22:40:00.000-05:00,2026-02-24T13:48:50.853000+00:00
10086718|Jrue Holiday|STL|DEMON|1.5|OVER,10086718,Jrue Holiday,POR,STL,STEALS,1,1.5,OVER,DEMON,1,0,1.5,0,0,demon,2026-02-24T22:10:00.000-05:00,2026-02-24T13:46:07.651000+00:00
10077462|Jake LaRavia|BLOCKED SHOTS|DEMON|0.5|OVER,10077462,Jake LaRavia,LAL,BLOCKED SHOTS,BLOCKED SHOTS,0,0.5,OVER,DEMON,1,0,0.5,0,0,demon,2026-02-24T22:40:00.000-05:00,2026-02-24T13:44:41.052000+00:00
10077491|Jalen Suggs|BLOCKED SHOTS|DEMON|1.5|OVER,10077491,Jalen Suggs,ORL,BLOCKED SHOTS,BLOCKED SHOTS,0,1.5,OVER,DEMON,1,0,1.5,0,0,demon,2026-02-24T22:40:00.000-05:00,2026-02-24T13:44:20.882000+00:00
10086496|Ayo Dosunmu|REB|DEMON|5.5|OVER,10086496,Ayo Dosunmu,MIN,REB,REBOUNDS,1,5.5,OVER,DEMON,1,0,5.5,0,0,demon,2026-02-24T22:10:00.000-05:00,2026-02-24T13:42:26.870000+00:00
10093304|Anthony Edwards|RA|GOBLIN|8.5|OVER,10093304,Anthony Edwards,MIN,RA,REBS+ASTS,1,8.5,OVER,GOBLIN,1,0,8.5,0,0,goblin,2026-02-24T22:10:00.000-05:00,2026-02-24T13:39:23.058000+00:00
10088724|Anthony Edwards|PR|DEMON|39.5|OVER,10088724,Anthony Edwards,MIN,PR,PTS+REBS,1,39.5,OVER,DEMON,1,0,39.5,0,0,demon,2026-02-24T22:10:00.000-05:00,2026-02-24T13:34:02.305000+00:00
10088745|Jaden McDaniels|PA|DEMON|19.5|OVER,10088745,Jaden McDaniels,MIN,PA,PTS+ASTS,1,19.5,OVER,DEMON,1,0,19.5,0,0,demon,2026-02-24T22:10:00.000-05:00,2026-02-24T13:29:38.052000+00:00
10088844|Ayo Dosunmu|RA|STANDARD|6.5|OVER,10088844,Ayo Dosunmu,MIN,RA,REBS+ASTS,1,6.5,OVER,STANDARD,1,0,6.5,0,0,standard,2026-02-24T22:10:00.000-05:00,2026-02-24T13:24:55.987000+00:00
10088844|Ayo Dosunmu|RA|STANDARD|6.5|UNDER,10088844,Ayo Dosunmu,MIN,RA,REBS+ASTS,1,6.5,UNDER,STANDARD,0,1,6.5,0,0,standard,2026-02-24T22:10:00.000-05:00,2026-02-24T13:24:55.987000+00:00
10068015|Austin Reaves|PR|GOBLIN|19.5|OVER,10068015,Austin Reaves,LAL,PR,PTS+REBS,1,19.5,OVER,GOBLIN,1,0,19.5,0,0,goblin,2026-02-24T22:40:00.000-05:00,2026-02-24T13:24:11.554000+00:00
10093423|Tristan Silva|PRA|STANDARD|12.5|OVER,10093423,Tristan Silva,ORL,PRA,PTS+REBS+ASTS,1,12.5,OVER,STANDARD,1,0,12.5,0,0,standard,2026-02-24T22:40:00.000-05:00,2026-02-24T13:23:38.847000+00:00
10093423|Tristan Silva|PRA|STANDARD|12.5|UNDER,10093423,Tristan Silva,ORL,PRA,PTS+REBS+ASTS,1,12.5,UNDER,STANDARD,0,1,12.5,0,0,standard,2026-02-24T22:40:00.000-05:00,2026-02-24T13:23:38.847000+00:00
10089236|Ryan Dunn|PTS|GOBLIN|4.5|OVER,10089236,Ryan Dunn,PHX,PTS,POINTS,1,4.5,OVER,GOBLIN,1,0,4.5,0,0,goblin,2026-02-24T21:10:00.000-05:00,2026-02-24T13:23:36.705000+00:00
10068057|Paolo Banchero|PA|GOBLIN|24.5|OVER,10068057,Paolo Banchero,ORL,PA,PTS+ASTS,1,24.5,OVER,GOBLIN,1,0,24.5,0,0,goblin,2026-02-24T22:40:00.000-05:00,2026-02-24T13:22:09.591000+00:00
10090386|Donte DiVincenzo|PR|GOBLIN|11.5|OVER,10090386,Donte DiVincenzo,MIN,PR,PTS+REBS,1,11.5,OVER,GOBLIN,1,0,11.5,0,0,goblin,2026-02-24T22:10:00.000-05:00,2026-02-24T13:19:28.543000+00:00
10090387|Julius Randle|RA|DEMON|17.5|OVER,10090387,Julius Randle,MIN,RA,REBS+ASTS,1,17.5,OVER,DEMON,1,0,17.5,0,0,demon,2026-02-24T22:10:00.000-05:00,2026-02-24T13:19:27.198000+00:00
10090389|Julius Randle|RA|GOBLIN|9.5|OVER,10090389,Julius Randle,MIN,RA,REBS+ASTS,1,9.5,OVER,GOBLIN,1,0,9.5,0,0,goblin,2026-02-24T22:10:00.000-05:00,2026-02-24T13:19:27.154000+00:00
10093227|Oso Ighodaro|PTS|STANDARD|6|OVER,10093227,Oso Ighodaro,PHX,PTS,POINTS,1,6.0,OVER,STANDARD,1,0,6.0,0,0,standard,2026-02-24T21:10:00.000-05:00,2026-02-24T13:15:27.545000+00:00
10093227|Oso Ighodaro|PTS|STANDARD|6|UNDER,10093227,Oso Ighodaro,PHX,PTS,POINTS,1,6.0,UNDER,STANDARD,0,1,6.0,0,0,standard,2026-02-24T21:10:00.000-05:00,2026-02-24T13:15:27.545000+00:00
10091922|LeBron James|BS|GOBLIN|1.5|OVER,10091922,LeBron James,LAL,BS,BLKS+STLS,1,1.5,OVER,GOBLIN,1,0,1.5,0,0,goblin,2026-02-24T22:40:00.000-05:00,2026-02-24T13:14:52.854000+00:00
10093105|Deandre Ayton|PTS|GOBLIN|5.5|OVER,10093105,Deandre Ayton,LAL,PTS,POINTS,1,5.5,OVER,GOBLIN,1,0,5.5,0,0,goblin,2026-02-24T22:40:00.000-05:00,2026-02-24T13:06:12.316000+00:00
10088751|Julius Randle|PA|DEMON|29.5|OVER,10088751,Julius Randle,MIN,PA,PTS+ASTS,1,29.5,OVER,DEMON,1,0,29.5,0,0,demon,2026-02-24T22:10:00.000-05:00,2026-02-24T13:04:33.228000+00:00
10090151|Jrue Holiday|RA|GOBLIN|9.5|OVER,10090151,Jrue Holiday,POR,RA,REBS+ASTS,1,9.5,OVER,GOBLIN,1,0,9.5,0,0,goblin,2026-02-24T22:10:00.000-05:00,2026-02-24T13:03:51.793000+00:00
10089197|Wendell Carter|PR|DEMON|24.5|OVER,10089197,Wendell Carter,ORL,PR,PTS+REBS,1,24.5,OVER,DEMON,1,0,24.5,0,0,demon,2026-02-24T22:40:00.000-05:00,2026-02-24T13:02:48.601000+00:00
10093326|Marcus Smart|RA|STANDARD|4|OVER,10093326,Marcus Smart,LAL,RA,REBS+ASTS,1,4.0,OVER,STANDARD,1,0,4.0,0,0,standard,2026-02-24T22:40:00.000-05:00,2026-02-24T13:00:23.518000+00:00
10093326|Marcus Smart|RA|STANDARD|4|UNDER,10093326,Marcus Smart,LAL,RA,REBS+ASTS,1,4.0,UNDER,STANDARD,0,1,4.0,0,0,standard,2026-02-24T22:40:00.000-05:00,2026-02-24T13:00:23.518000+00:00
10068003|Anthony Black|PR|DEMON|24.5|OVER,10068003,Anthony Black,ORL,PR,PTS+REBS,1,24.5,OVER,DEMON,1,0,24.5,0,0,demon,2026-02-24T22:40:00.000-05:00,2026-02-24T12:57:33.334000+00:00
10086636|Jerami Grant|FG3M|GOBLIN|1.5|OVER,10086636,Jerami Grant,POR,FG3M,3-PT MADE,1,1.5,OVER,GOBLIN,1,0,1.5,0,0,goblin,2026-02-24T22:10:00.000-05:00,2026-02-24T12:56:39.282000+00:00
10091950|Anthony Edwards|RA|STANDARD|9|OVER,10091950,Anthony Edwards,MIN,RA,REBS+ASTS,1,9.0,OVER,STANDARD,1,0,9.0,0,0,standard,2026-02-24T22:10:00.000-05:00,2026-02-24T12:56:14.629000+00:00
10091950|Anthony Edwards|RA|STANDARD|9|UNDER,10091950,Anthony Edwards,MIN,RA,REBS+ASTS,1,9.0,UNDER,STANDARD,0,1,9.0,0,0,standard,2026-02-24T22:10:00.000-05:00,2026-02-24T12:56:14.629000+00:00
10093315|Tristan Silva|STL|GOBLIN|0.5|OVER,10093315,Tristan Silva,ORL,STL,STEALS,1,0.5,OVER,GOBLIN,1,0,0.5,0,0,goblin,2026-02-24T22:40:00.000-05:00,2026-02-24T12:55:42.770000+00:00
10093308|Tristan Silva|BS|DEMON|1.5|OVER,10093308,Tristan Silva,ORL,BS,BLKS+STLS,1,1.5,OVER,DEMON,1,0,1.5,0,0,demon,2026-02-24T22:40:00.000-05:00,2026-02-24T12:55:41.638000+00:00
10086927|Scoot Henderson|AST|DEMON|7.5|OVER,10086927,Scoot Henderson,POR,AST,ASSISTS,1,7.5,OVER,DEMON,1,0,7.5,0,0,demon,2026-02-24T22:10:00.000-05:00,2026-02-24T12:54:59.541000+00:00
10065736|LeBron James|RA|STANDARD|12|OVER,10065736,LeBron James,LAL,RA,REBS+ASTS,1,12.0,OVER,STANDARD,1,0,12.0,0,0,standard,2026-02-24T22:40:00.000-05:00,2026-02-24T12:53:31.103000+00:00
10065736|LeBron James|RA|STANDARD|12|UNDER,10065736,LeBron James,LAL,RA,REBS+ASTS,1,12.0,UNDER,STANDARD,0,1,12.0,0,0,standard,2026-02-24T22:40:00.000-05:00,2026-02-24T12:53:31.103000+00:00
10071711|Oso Ighodaro|REB|STANDARD|5|OVER,10071711,Oso Ighodaro,PHX,REB,REBOUNDS,1,5.0,OVER,STANDARD,1,0,5.0,0,0,standard,2026-02-24T21:10:00.000-05:00,2026-02-24T12:53:09.726000+00:00
10071711|Oso Ighodaro|REB|STANDARD|5|UNDER,10071711,Oso Ighodaro,PHX,REB,REBOUNDS,1,5.0,UNDER,STANDARD,0,1,5.0,0,0,standard,2026-02-24T21:10:00.000-05:00,2026-02-24T12:53:09.726000+00:00
10089186|Toumani Camara|PR|DEMON|24.5|OVER,10089186,Toumani Camara,POR,PR,PTS+REBS,1,24.5,OVER,DEMON,1,0,24.5,0,0,demon,2026-02-24T22:10:00.000-05:00,2026-02-24T12:51:11.228000+00:00
10086586|Donte DiVincenzo|RA|DEMON|11.5|OVER,10086586,Donte DiVincenzo,MIN,RA,REBS+ASTS,1,11.5,OVER,DEMON,1,0,11.5,0,0,demon,2026-02-24T22:10:00.000-05:00,2026-02-24T12:51:06.017000+00:00
10093159|Luka Dončić|BS|DEMON|2.5|OVER,10093159,Luka Dončić,LAL,BS,BLKS+STLS,1,2.5,OVER,DEMON,1,0,2.5,0,0,demon,2026-02-24T22:40:00.000-05:00,2026-02-24T12:49:40.719000+00:00
10091431|Tristan Silva|PTS|DEMON|8.5|OVER,10091431,Tristan Silva,ORL,PTS,POINTS,1,8.5,OVER,DEMON,1,0,8.5,0,0,demon,2026-02-24T22:40:00.000-05:00,2026-02-24T12:47:21.771000+00:00
10077502|Jalen Suggs|PA|STANDARD|18.5|OVER,10077502,Jalen Suggs,ORL,PA,PTS+ASTS,1,18.5,OVER,STANDARD,1,0,18.5,0,0,standard,2026-02-24T22:40:00.000-05:00,2026-02-24T12:44:06.527000+00:00
10077502|Jalen Suggs|PA|STANDARD|18.5|UNDER,10077502,Jalen Suggs,ORL,PA,PTS+ASTS,1,18.5,UNDER,STANDARD,0,1,18.5,0,0,standard,2026-02-24T22:40:00.000-05:00,2026-02-24T12:44:06.527000+00:00
10069596|Desmond Bane|RA|DEMON|11.5|OVER,10069596,Desmond Bane,ORL,RA,REBS+ASTS,1,11.5,OVER,DEMON,1,0,11.5,0,0,demon,2026-02-24T22:40:00.000-05:00,2026-02-24T12:43:58.216000+00:00
10084655|Wendell Carter|PR|STANDARD|16.5|OVER,10084655,Wendell Carter,ORL,PR,PTS+REBS,1,16.5,OVER,STANDARD,1,0,16.5,0,0,standard,2026-02-24T22:40:00.000-05:00,2026-02-24T12:41:42.518000+00:00
10084655|Wendell Carter|PR|STANDARD|16.5|UNDER,10084655,Wendell Carter,ORL,PR,PTS+REBS,1,16.5,UNDER,STANDARD,0,1,16.5,0,0,standard,2026-02-24T22:40:00.000-05:00,2026-02-24T12:41:42.518000+00:00
10065851|Jalen Green|PR|STANDARD|24.5|OVER,10065851,Jalen Green,PHX,PR,PTS+REBS,1,24.5,OVER,STANDARD,1,0,24.5,0,0,standard,2026-02-24T21:10:00.000-05:00,2026-02-24T12:41:07.499000+00:00
10065851|Jalen Green|PR|STANDARD|24.5|UNDER,10065851,Jalen Green,PHX,PR,PTS+REBS,1,24.5,UNDER,STANDARD,0,1,24.5,0,0,standard,2026-02-24T21:10:00.000-05:00,2026-02-24T12:41:07.499000+00:00
10077498|Jalen Suggs|PTS|GOBLIN|11.5|OVER,10077498,Jalen Suggs,ORL,PTS,POINTS,1,11.5,OVER,GOBLIN,1,0,11.5,0,0,goblin,2026-02-24T22:40:00.000-05:00,2026-02-24T12:38:21.428000+00:00
10086685|Jrue Holiday|AST|STANDARD|6|OVER,10086685,Jrue Holiday,POR,AST,ASSISTS,1,6.0,OVER,STANDARD,1,0,6.0,0,0,standard,2026-02-24T22:10:00.000-05:00,2026-02-24T12:37:02.964000+00:00
10086685|Jrue Holiday|AST|STANDARD|6|UNDER,10086685,Jrue Holiday,POR,AST,ASSISTS,1,6.0,UNDER,STANDARD,0,1,6.0,0,0,standard,2026-02-24T22:10:00.000-05:00,2026-02-24T12:37:02.964000+00:00
10077396|Austin Reaves|RA|DEMON|10.5|OVER,10077396,Austin Reaves,LAL,RA,REBS+ASTS,1,10.5,OVER,DEMON,1,0,10.5,0,0,demon,2026-02-24T22:40:00.000-05:00,2026-02-24T12:36:54.578000+00:00
10077581|Luke Kennard|PR|STANDARD|8.5|OVER,10077581,Luke Kennard,LAL,PR,PTS+REBS,1,8.5,OVER,STANDARD,1,0,8.5,0,0,standard,2026-02-24T22:40:00.000-05:00,2026-02-24T12:36:54.379000+00:00
10077581|Luke Kennard|PR|STANDARD|8.5|UNDER,10077581,Luke Kennard,LAL,PR,PTS+REBS,1,8.5,UNDER,STANDARD,0,1,8.5,0,0,standard,2026-02-24T22:40:00.000-05:00,2026-02-24T12:36:54.379000+00:00
10077516|Jalen Suggs|RA|DEMON|10.5|OVER,10077516,Jalen Suggs,ORL,RA,REBS+ASTS,1,10.5,OVER,DEMON,1,0,10.5,0,0,demon,2026-02-24T22:40:00.000-05:00,2026-02-24T12:36:54.307000+00:00
10077518|Jalen Suggs|RA|DEMON|12.5|OVER,10077518,Jalen Suggs,ORL,RA,REBS+ASTS,1,12.5,OVER,DEMON,1,0,12.5,0,0,demon,2026-02-24T22:40:00.000-05:00,2026-02-24T12:36:54.290000+00:00
10077650|Paolo Banchero|RA|DEMON|15.5|OVER,10077650,Paolo Banchero,ORL,RA,REBS+ASTS,1,15.5,OVER,DEMON,1,0,15.5,0,0,demon,2026-02-24T22:40:00.000-05:00,2026-02-24T12:36:54.010000+00:00
10077646|Paolo Banchero|PTS|DEMON|26.5|OVER,10077646,Paolo Banchero,ORL,PTS,POINTS,1,26.5,OVER,DEMON,1,0,26.5,0,0,demon,2026-02-24T22:40:00.000-05:00,2026-02-24T12:36:53.491000+00:00
10077582|Luke Kennard|PRA|STANDARD|9.5|OVER,10077582,Luke Kennard,LAL,PRA,PTS+REBS+ASTS,1,9.5,OVER,STANDARD,1,0,9.5,0,0,standard,2026-02-24T22:40:00.000-05:00,2026-02-24T12:36:53.457000+00:00
10077582|Luke Kennard|PRA|STANDARD|9.5|UNDER,10077582,Luke Kennard,LAL,PRA,PTS+REBS+ASTS,1,9.5,UNDER,STANDARD,0,1,9.5,0,0,standard,2026-02-24T22:40:00.000-05:00,2026-02-24T12:36:53.457000+00:00
10077413|Deandre Ayton|PTS|DEMON|12.5|OVER,10077413,Deandre Ayton,LAL,PTS,POINTS,1,12.5,OVER,DEMON,1,0,12.5,0,0,demon,2026-02-24T22:40:00.000-05:00,2026-02-24T12:36:53.279000+00:00
10077673|Rui Hachimura|PTS|DEMON|12.5|OVER,10077673,Rui Hachimura,LAL,PTS,POINTS,1,12.5,OVER,DEMON,1,0,12.5,0,0,demon,2026-02-24T22:40:00.000-05:00,2026-02-24T12:36:53.178000+00:00
10077677|Rui Hachimura|PRA|STANDARD|12.5|OVER,10077677,Rui Hachimura,LAL,PRA,PTS+REBS+ASTS,1,12.5,OVER,STANDARD,1,0,12.5,0,0,standard,2026-02-24T22:40:00.000-05:00,2026-02-24T12:36:52.805000+00:00
10077677|Rui Hachimura|PRA|STANDARD|12.5|UNDER,10077677,Rui Hachimura,LAL,PRA,PTS+REBS+ASTS,1,12.5,UNDER,STANDARD,0,1,12.5,0,0,standard,2026-02-24T22:40:00.000-05:00,2026-02-24T12:36:52.805000+00:00
10077527|LeBron James|BLOCKED SHOTS|STANDARD|0.5|OVER,10077527,LeBron James,LAL,BLOCKED SHOTS,BLOCKED SHOTS,0,0.5,OVER,STANDARD,1,0,0.5,0,0,standard,2026-02-24T22:40:00.000-05:00,2026-02-24T12:36:52.539000+00:00
10077527|LeBron James|BLOCKED SHOTS|STANDARD|0.5|UNDER,10077527,LeBron James,LAL,BLOCKED SHOTS,BLOCKED SHOTS,0,0.5,UNDER,STANDARD,0,1,0.5,0,0,standard,2026-02-24T22:40:00.000-05:00,2026-02-24T12:36:52.539000+00:00
10077675|Rui Hachimura|PA|STANDARD|9.5|OVER,10077675,Rui Hachimura,LAL,PA,PTS+ASTS,1,9.5,OVER,STANDARD,1,0,9.5,0,0,standard,2026-02-24T22:40:00.000-05:00,2026-02-24T12:36:52.423000+00:00
10077675|Rui Hachimura|PA|STANDARD|9.5|UNDER,10077675,Rui Hachimura,LAL,PA,PTS+ASTS,1,9.5,UNDER,STANDARD,0,1,9.5,0,0,standard,2026-02-24T22:40:00.000-05:00,2026-02-24T12:36:52.423000+00:00
10077710|Wendell Carter|PA|STANDARD|11.5|OVER,10077710,Wendell Carter,ORL,PA,PTS+ASTS,1,11.5,OVER,STANDARD,1,0,11.5,0,0,standard,2026-02-24T22:40:00.000-05:00,2026-02-24T12:36:52.404000+00:00
10077710|Wendell Carter|PA|STANDARD|11.5|UNDER,10077710,Wendell Carter,ORL,PA,PTS+ASTS,1,11.5,UNDER,STANDARD,0,1,11.5,0,0,standard,2026-02-24T22:40:00.000-05:00,2026-02-24T12:36:52.404000+00:00
10077660|Rui Hachimura|AST|STANDARD|0.5|OVER,10077660,Rui Hachimura,LAL,AST,ASSISTS,1,0.5,OVER,STANDARD,1,0,0.5,0,0,standard,2026-02-24T22:40:00.000-05:00,2026-02-24T12:36:52.376000+00:00
10077660|Rui Hachimura|AST|STANDARD|0.5|UNDER,10077660,Rui Hachimura,LAL,AST,ASSISTS,1,0.5,UNDER,STANDARD,0,1,0.5,0,0,standard,2026-02-24T22:40:00.000-05:00,2026-02-24T12:36:52.376000+00:00
10077565|Luke Kennard|AST|GOBLIN|0.5|OVER,10077565,Luke Kennard,LAL,AST,ASSISTS,1,0.5,OVER,GOBLIN,1,0,0.5,0,0,goblin,2026-02-24T22:40:00.000-05:00,2026-02-24T12:36:52.263000+00:00
10077692|Rui Hachimura|TOV|STANDARD|0.5|OVER,10077692,Rui Hachimura,LAL,TOV,TURNOVERS,1,0.5,OVER,STANDARD,1,0,0.5,0,0,standard,2026-02-24T22:40:00.000-05:00,2026-02-24T12:36:52.195000+00:00
10077692|Rui Hachimura|TOV|STANDARD|0.5|UNDER,10077692,Rui Hachimura,LAL,TOV,TURNOVERS,1,0.5,UNDER,STANDARD,0,1,0.5,0,0,standard,2026-02-24T22:40:00.000-05:00,2026-02-24T12:36:52.195000+00:00
10077698|Wendell Carter|AST|GOBLIN|1.5|OVER,10077698,Wendell Carter,ORL,AST,ASSISTS,1,1.5,OVER,GOBLIN,1,0,1.5,0,0,goblin,2026-02-24T22:40:00.000-05:00,2026-02-24T12:36:52.194000+00:00
10077458|Jake LaRavia|AST|GOBLIN|0.5|OVER,10077458,Jake LaRavia,LAL,AST,ASSISTS,1,0.5,OVER,GOBLIN,1,0,0.5,0,0,goblin,2026-02-24T22:40:00.000-05:00,2026-02-24T12:36:52.173000+00:00
10077490|Jalen Suggs|BLOCKED SHOTS|STANDARD|0.5|OVER,10077490,Jalen Suggs,ORL,BLOCKED SHOTS,BLOCKED SHOTS,0,0.5,OVER,STANDARD,1,0,0.5,0,0,standard,2026-02-24T22:40:00.000-05:00,2026-02-24T12:36:52.125000+00:00
10077490|Jalen Suggs|BLOCKED SHOTS|STANDARD|0.5|UNDER,10077490,Jalen Suggs,ORL,BLOCKED SHOTS,BLOCKED SHOTS,0,0.5,UNDER,STANDARD,0,1,0.5,0,0,standard,2026-02-24T22:40:00.000-05:00,2026-02-24T12:36:52.125000+00:00
10077635|Marcus Smart|TOV|GOBLIN|0.5|OVER,10077635,Marcus Smart,LAL,TOV,TURNOVERS,1,0.5,OVER,GOBLIN,1,0,0.5,0,0,goblin,2026-02-24T22:40:00.000-05:00,2026-02-24T12:36:51.910000+00:00
10077598|Luke Kennard|TOV|STANDARD|0.5|OVER,10077598,Luke Kennard,LAL,TOV,TURNOVERS,1,0.5,OVER,STANDARD,1,0,0.5,0,0,standard,2026-02-24T22:40:00.000-05:00,2026-02-24T12:36:51.789000+00:00
10077598|Luke Kennard|TOV|STANDARD|0.5|UNDER,10077598,Luke Kennard,LAL,TOV,TURNOVERS,1,0.5,UNDER,STANDARD,0,1,0.5,0,0,standard,2026-02-24T22:40:00.000-05:00,2026-02-24T12:36:51.789000+00:00
10077382|Anthony Black|TOV|GOBLIN|1.5|OVER,10077382,Anthony Black,ORL,TOV,TURNOVERS,1,1.5,OVER,GOBLIN,1,0,1.5,0,0,goblin,2026-02-24T22:40:00.000-05:00,2026-02-24T12:36:51.782000+00:00
10077434|Deandre Ayton|TOV|GOBLIN|0.5|OVER,10077434,Deandre Ayton,LAL,TOV,TURNOVERS,1,0.5,OVER,GOBLIN,1,0,0.5,0,0,goblin,2026-02-24T22:40:00.000-05:00,2026-02-24T12:36:51.723000+00:00
10077455|Desmond Bane|TOV|GOBLIN|1.5|OVER,10077455,Desmond Bane,ORL,TOV,TURNOVERS,1,1.5,OVER,GOBLIN,1,0,1.5,0,0,goblin,2026-02-24T22:40:00.000-05:00,2026-02-24T12:36:51.691000+00:00
10077654|Paolo Banchero|TOV|STANDARD|2.5|OVER,10077654,Paolo Banchero,ORL,TOV,TURNOVERS,1,2.5,OVER,STANDARD,1,0,2.5,0,0,standard,2026-02-24T22:40:00.000-05:00,2026-02-24T12:36:51.691000+00:00
10077654|Paolo Banchero|TOV|STANDARD|2.5|UNDER,10077654,Paolo Banchero,ORL,TOV,TURNOVERS,1,2.5,UNDER,STANDARD,0,1,2.5,0,0,standard,2026-02-24T22:40:00.000-05:00,2026-02-24T12:36:51.691000+00:00
10086434|Anthony Edwards|AST|STANDARD|3.5|OVER,10086434,Anthony Edwards,MIN,AST,ASSISTS,1,3.5,OVER,STANDARD,1,0,3.5,0,0,standard,2026-02-24T22:10:00.000-05:00,2026-02-24T12:36:11.953000+00:00
10086434|Anthony Edwards|AST|STANDARD|3.5|UNDER,10086434,Anthony Edwards,MIN,AST,ASSISTS,1,3.5,UNDER,STANDARD,0,1,3.5,0,0,standard,2026-02-24T22:10:00.000-05:00,2026-02-24T12:36:11.953000+00:00
10069258|Collin Gillespie|AST|STANDARD|5|OVER,10069258,Collin Gillespie,PHX,AST,ASSISTS,1,5.0,OVER,STANDARD,1,0,5.0,0,0,standard,2026-02-24T21:10:00.000-05:00,2026-02-24T12:35:31.347000+00:00
10069258|Collin Gillespie|AST|STANDARD|5|UNDER,10069258,Collin Gillespie,PHX,AST,ASSISTS,1,5.0,UNDER,STANDARD,0,1,5.0,0,0,standard,2026-02-24T21:10:00.000-05:00,2026-02-24T12:35:31.347000+00:00
10071846|Grayson Allen|REB|DEMON|4.5|OVER,10071846,Grayson Allen,PHX,REB,REBOUNDS,1,4.5,OVER,DEMON,1,0,4.5,0,0,demon,2026-02-24T21:10:00.000-05:00,2026-02-24T12:35:10.031000+00:00
10077634|Marcus Smart|STL|DEMON|1.5|OVER,10077634,Marcus Smart,LAL,STL,STEALS,1,1.5,OVER,DEMON,1,0,1.5,0,0,demon,2026-02-24T22:40:00.000-05:00,2026-02-24T12:34:01.673000+00:00
10087019|Toumani Camara|PRA|DEMON|25.5|OVER,10087019,Toumani Camara,POR,PRA,PTS+REBS+ASTS,1,25.5,OVER,DEMON,1,0,25.5,0,0,demon,2026-02-24T22:10:00.000-05:00,2026-02-24T12:33:54.515000+00:00
10086437|Anthony Edwards|BLOCKED SHOTS|STANDARD|0.5|OVER,10086437,Anthony Edwards,MIN,BLOCKED SHOTS,BLOCKED SHOTS,0,0.5,OVER,STANDARD,1,0,0.5,0,0,standard,2026-02-24T22:10:00.000-05:00,2026-02-24T12:33:54.341000+00:00
10086437|Anthony Edwards|BLOCKED SHOTS|STANDARD|0.5|UNDER,10086437,Anthony Edwards,MIN,BLOCKED SHOTS,BLOCKED SHOTS,0,0.5,UNDER,STANDARD,0,1,0.5,0,0,standard,2026-02-24T22:10:00.000-05:00,2026-02-24T12:33:54.341000+00:00
10086747|Julius Randle|PRA|DEMON|36.5|OVER,10086747,Julius Randle,MIN,PRA,PTS+REBS+ASTS,1,36.5,OVER,DEMON,1,0,36.5,0,0,demon,2026-02-24T22:10:00.000-05:00,2026-02-24T12:33:54.263000+00:00
10086452|Anthony Edwards|PRA|DEMON|41.5|OVER,10086452,Anthony Edwards,MIN,PRA,PTS+REBS+ASTS,1,41.5,OVER,DEMON,1,0,41.5,0,0,demon,2026-02-24T22:10:00.000-05:00,2026-02-24T12:33:53.959000+00:00
10086573|Donte DiVincenzo|PRA|DEMON|22.5|OVER,10086573,Donte DiVincenzo,MIN,PRA,PTS+REBS+ASTS,1,22.5,OVER,DEMON,1,0,22.5,0,0,demon,2026-02-24T22:10:00.000-05:00,2026-02-24T12:33:53.913000+00:00
10086450|Anthony Edwards|PRA|GOBLIN|35.5|OVER,10086450,Anthony Edwards,MIN,PRA,PTS+REBS+ASTS,1,35.5,OVER,GOBLIN,1,0,35.5,0,0,goblin,2026-02-24T22:10:00.000-05:00,2026-02-24T12:33:53.827000+00:00
10086964|Sidy Cissoko|BS|GOBLIN|0.5|OVER,10086964,Sidy Cissoko,POR,BS,BLKS+STLS,1,0.5,OVER,GOBLIN,1,0,0.5,0,0,goblin,2026-02-24T22:10:00.000-05:00,2026-02-24T12:33:53.319000+00:00
10087046|Vít Krejčí|AST|DEMON|1.5|OVER,10087046,Vít Krejčí,POR,AST,ASSISTS,1,1.5,OVER,DEMON,1,0,1.5,0,0,demon,2026-02-24T22:10:00.000-05:00,2026-02-24T12:33:53.175000+00:00
10086713|Jrue Holiday|RA|GOBLIN|8.5|OVER,10086713,Jrue Holiday,POR,RA,REBS+ASTS,1,8.5,OVER,GOBLIN,1,0,8.5,0,0,goblin,2026-02-24T22:10:00.000-05:00,2026-02-24T12:33:52.722000+00:00
10086629|Jaden McDaniels|RA|DEMON|10.5|OVER,10086629,Jaden McDaniels,MIN,RA,REBS+ASTS,1,10.5,OVER,DEMON,1,0,10.5,0,0,demon,2026-02-24T22:10:00.000-05:00,2026-02-24T12:33:52.653000+00:00
10086896|Rudy Gobert|PTS|DEMON|15.5|OVER,10086896,Rudy Gobert,MIN,PTS,POINTS,1,15.5,OVER,DEMON,1,0,15.5,0,0,demon,2026-02-24T22:10:00.000-05:00,2026-02-24T12:33:52.537000+00:00
10086462|Anthony Edwards|RA|DEMON|10.5|OVER,10086462,Anthony Edwards,MIN,RA,REBS+ASTS,1,10.5,OVER,DEMON,1,0,10.5,0,0,demon,2026-02-24T22:10:00.000-05:00,2026-02-24T12:33:52.484000+00:00
10086610|Jaden McDaniels|PTS|DEMON|18.5|OVER,10086610,Jaden McDaniels,MIN,PTS,POINTS,1,18.5,OVER,DEMON,1,0,18.5,0,0,demon,2026-02-24T22:10:00.000-05:00,2026-02-24T12:33:52.478000+00:00
10087066|Vít Krejčí|TOV|GOBLIN|0.5|OVER,10087066,Vít Krejčí,POR,TOV,TURNOVERS,1,0.5,OVER,GOBLIN,1,0,0.5,0,0,goblin,2026-02-24T22:10:00.000-05:00,2026-02-24T12:33:51.497000+00:00
10086633|Jaden McDaniels|TOV|GOBLIN|1.5|OVER,10086633,Jaden McDaniels,MIN,TOV,TURNOVERS,1,1.5,OVER,GOBLIN,1,0,1.5,0,0,goblin,2026-02-24T22:10:00.000-05:00,2026-02-24T12:33:51.485000+00:00
10087036|Toumani Camara|TOV|GOBLIN|1.5|OVER,10087036,Toumani Camara,POR,TOV,TURNOVERS,1,1.5,OVER,GOBLIN,1,0,1.5,0,0,goblin,2026-02-24T22:10:00.000-05:00,2026-02-24T12:33:51.480000+00:00
10086501|Ayo Dosunmu|TOV|DEMON|1.5|OVER,10086501,Ayo Dosunmu,MIN,TOV,TURNOVERS,1,1.5,OVER,DEMON,1,0,1.5,0,0,demon,2026-02-24T22:10:00.000-05:00,2026-02-24T12:33:51.464000+00:00
10086468|Anthony Edwards|TOV|DEMON|3.5|OVER,10086468,Anthony Edwards,MIN,TOV,TURNOVERS,1,3.5,OVER,DEMON,1,0,3.5,0,0,demon,2026-02-24T22:10:00.000-05:00,2026-02-24T12:33:51.431000+00:00
10077423|Deandre Ayton|REB|STANDARD|7.5|OVER,10077423,Deandre Ayton,LAL,REB,REBOUNDS,1,7.5,OVER,STANDARD,1,0,7.5,0,0,standard,2026-02-24T22:40:00.000-05:00,2026-02-24T12:25:56.895000+00:00
10077423|Deandre Ayton|REB|STANDARD|7.5|UNDER,10077423,Deandre Ayton,LAL,REB,REBOUNDS,1,7.5,UNDER,STANDARD,0,1,7.5,0,0,standard,2026-02-24T22:40:00.000-05:00,2026-02-24T12:25:56.895000+00:00
10071555|Collin Gillespie|REB|STANDARD|4.5|OVER,10071555,Collin Gillespie,PHX,REB,REBOUNDS,1,4.5,OVER,STANDARD,1,0,4.5,0,0,standard,2026-02-24T21:10:00.000-05:00,2026-02-24T12:23:27.415000+00:00
10071555|Collin Gillespie|REB|STANDARD|4.5|UNDER,10071555,Collin Gillespie,PHX,REB,REBOUNDS,1,4.5,UNDER,STANDARD,0,1,4.5,0,0,standard,2026-02-24T21:10:00.000-05:00,2026-02-24T12:23:27.415000+00:00
10086746|Julius Randle|PRA|STANDARD|32.5|OVER,10086746,Julius Randle,MIN,PRA,PTS+REBS+ASTS,1,32.5,OVER,STANDARD,1,0,32.5,0,0,standard,2026-02-24T22:10:00.000-05:00,2026-02-24T12:19:20.019000+00:00
10086746|Julius Randle|PRA|STANDARD|32.5|UNDER,10086746,Julius Randle,MIN,PRA,PTS+REBS+ASTS,1,32.5,UNDER,STANDARD,0,1,32.5,0,0,standard,2026-02-24T22:10:00.000-05:00,2026-02-24T12:19:20.019000+00:00
10071833|Grayson Allen|FG3M|GOBLIN|2.5|OVER,10071833,Grayson Allen,PHX,FG3M,3-PT MADE,1,2.5,OVER,GOBLIN,1,0,2.5,0,0,goblin,2026-02-24T21:10:00.000-05:00,2026-02-24T12:14:15.288000+00:00
10088753|Julius Randle|PA|GOBLIN|19.5|OVER,10088753,Julius Randle,MIN,PA,PTS+ASTS,1,19.5,OVER,GOBLIN,1,0,19.5,0,0,goblin,2026-02-24T22:10:00.000-05:00,2026-02-24T12:13:49.919000+00:00
10065679|Anthony Black|PTS|STANDARD|15.5|OVER,10065679,Anthony Black,ORL,PTS,POINTS,1,15.5,OVER,STANDARD,1,0,15.5,0,0,standard,2026-02-24T22:40:00.000-05:00,2026-02-24T12:10:25.294000+00:00
10065679|Anthony Black|PTS|STANDARD|15.5|UNDER,10065679,Anthony Black,ORL,PTS,POINTS,1,15.5,UNDER,STANDARD,0,1,15.5,0,0,standard,2026-02-24T22:40:00.000-05:00,2026-02-24T12:10:25.294000+00:00
10085635|Marcus Smart|PTS|STANDARD|7|OVER,10085635,Marcus Smart,LAL,PTS,POINTS,1,7.0,OVER,STANDARD,1,0,7.0,0,0,standard,2026-02-24T22:40:00.000-05:00,2026-02-24T12:10:18.068000+00:00
10085635|Marcus Smart|PTS|STANDARD|7|UNDER,10085635,Marcus Smart,LAL,PTS,POINTS,1,7.0,UNDER,STANDARD,0,1,7.0,0,0,standard,2026-02-24T22:40:00.000-05:00,2026-02-24T12:10:18.068000+00:00
10089237|Ryan Dunn|REB|DEMON|5.5|OVER,10089237,Ryan Dunn,PHX,REB,REBOUNDS,1,5.5,OVER,DEMON,1,0,5.5,0,0,demon,2026-02-24T21:10:00.000-05:00,2026-02-24T12:09:47.930000+00:00
10071628|Grayson Allen|REB|DEMON|3.5|OVER,10071628,Grayson Allen,PHX,REB,REBOUNDS,1,3.5,OVER,DEMON,1,0,3.5,0,0,demon,2026-02-24T21:10:00.000-05:00,2026-02-24T12:08:38.860000+00:00
10071830|Grayson Allen|FG3M|DEMON|4.5|OVER,10071830,Grayson Allen,PHX,FG3M,3-PT MADE,1,4.5,OVER,DEMON,1,0,4.5,0,0,demon,2026-02-24T21:10:00.000-05:00,2026-02-24T12:08:38.860000+00:00
10071835|Grayson Allen|AST|DEMON|5.5|OVER,10071835,Grayson Allen,PHX,AST,ASSISTS,1,5.5,OVER,DEMON,1,0,5.5,0,0,demon,2026-02-24T21:10:00.000-05:00,2026-02-24T12:08:38.860000+00:00
10071837|Grayson Allen|AST|GOBLIN|2.5|OVER,10071837,Grayson Allen,PHX,AST,ASSISTS,1,2.5,OVER,GOBLIN,1,0,2.5,0,0,goblin,2026-02-24T21:10:00.000-05:00,2026-02-24T12:08:38.860000+00:00
10071840|Grayson Allen|PTS|DEMON|19.5|OVER,10071840,Grayson Allen,PHX,PTS,POINTS,1,19.5,OVER,DEMON,1,0,19.5,0,0,demon,2026-02-24T21:10:00.000-05:00,2026-02-24T12:08:38.860000+00:00
10071847|Grayson Allen|REB|DEMON|5.5|OVER,10071847,Grayson Allen,PHX,REB,REBOUNDS,1,5.5,OVER,DEMON,1,0,5.5,0,0,demon,2026-02-24T21:10:00.000-05:00,2026-02-24T12:08:38.860000+00:00
10089188|Toumani Camara|PR|GOBLIN|14.5|OVER,10089188,Toumani Camara,POR,PR,PTS+REBS,1,14.5,OVER,GOBLIN,1,0,14.5,0,0,goblin,2026-02-24T22:10:00.000-05:00,2026-02-24T12:07:51.035000+00:00
10065703|Austin Reaves|RA|STANDARD|8.5|OVER,10065703,Austin Reaves,LAL,RA,REBS+ASTS,1,8.5,OVER,STANDARD,1,0,8.5,0,0,standard,2026-02-24T22:40:00.000-05:00,2026-02-24T11:44:03.977000+00:00
10065703|Austin Reaves|RA|STANDARD|8.5|UNDER,10065703,Austin Reaves,LAL,RA,REBS+ASTS,1,8.5,UNDER,STANDARD,0,1,8.5,0,0,standard,2026-02-24T22:40:00.000-05:00,2026-02-24T11:44:03.977000+00:00
10077521|Jalen Suggs|STL|DEMON|3.5|OVER,10077521,Jalen Suggs,ORL,STL,STEALS,1,3.5,OVER,DEMON,1,0,3.5,0,0,demon,2026-02-24T22:40:00.000-05:00,2026-02-24T11:11:33.625000+00:00
10086824|Naz Reid|PRA|STANDARD|21.5|OVER,10086824,Naz Reid,MIN,PRA,PTS+REBS+ASTS,1,21.5,OVER,STANDARD,1,0,21.5,0,0,standard,2026-02-24T22:10:00.000-05:00,2026-02-24T10:53:36.266000+00:00
10086824|Naz Reid|PRA|STANDARD|21.5|UNDER,10086824,Naz Reid,MIN,PRA,PTS+REBS+ASTS,1,21.5,UNDER,STANDARD,0,1,21.5,0,0,standard,2026-02-24T22:10:00.000-05:00,2026-02-24T10:53:36.266000+00:00
10086816|Naz Reid|PTS|GOBLIN|10.5|OVER,10086816,Naz Reid,MIN,PTS,POINTS,1,10.5,OVER,GOBLIN,1,0,10.5,0,0,goblin,2026-02-24T22:10:00.000-05:00,2026-02-24T10:52:35.822000+00:00
10086598|Jaden McDaniels|BS|GOBLIN|1.5|OVER,10086598,Jaden McDaniels,MIN,BS,BLKS+STLS,1,1.5,OVER,GOBLIN,1,0,1.5,0,0,goblin,2026-02-24T22:10:00.000-05:00,2026-02-24T10:26:13.795000+00:00
10086592|Jaden McDaniels|FG3M|DEMON|2.5|OVER,10086592,Jaden McDaniels,MIN,FG3M,3-PT MADE,1,2.5,OVER,DEMON,1,0,2.5,0,0,demon,2026-02-24T22:10:00.000-05:00,2026-02-24T10:22:11.279000+00:00
10077616|Marcus Smart|PTS|DEMON|9.5|OVER,10077616,Marcus Smart,LAL,PTS,POINTS,1,9.5,OVER,DEMON,1,0,9.5,0,0,demon,2026-02-24T22:40:00.000-05:00,2026-02-24T10:20:50.434000+00:00
10086638|Jerami Grant|FG3M|DEMON|3.5|OVER,10086638,Jerami Grant,POR,FG3M,3-PT MADE,1,3.5,OVER,DEMON,1,0,3.5,0,0,demon,2026-02-24T22:10:00.000-05:00,2026-02-24T10:19:52.705000+00:00
10089729|Donte DiVincenzo|STL|GOBLIN|0.5|OVER,10089729,Donte DiVincenzo,MIN,STL,STEALS,1,0.5,OVER,GOBLIN,1,0,0.5,0,0,goblin,2026-02-24T22:10:00.000-05:00,2026-02-24T10:16:45.102000+00:00
10088972|Tristan Silva|REB|DEMON|5.5|OVER,10088972,Tristan Silva,ORL,REB,REBOUNDS,1,5.5,OVER,DEMON,1,0,5.5,0,0,demon,2026-02-24T22:40:00.000-05:00,2026-02-24T10:14:57.667000+00:00
10088849|Moritz Wagner|PTS|DEMON|14.5|OVER,10088849,Moritz Wagner,ORL,PTS,POINTS,1,14.5,OVER,DEMON,1,0,14.5,0,0,demon,2026-02-24T22:40:00.000-05:00,2026-02-24T10:13:55.543000+00:00
10088969|Tristan Silva|PTS|GOBLIN|4.5|OVER,10088969,Tristan Silva,ORL,PTS,POINTS,1,4.5,OVER,GOBLIN,1,0,4.5,0,0,goblin,2026-02-24T22:40:00.000-05:00,2026-02-24T10:13:51.502000+00:00
10088968|Tristan Silva|PTS|DEMON|9.5|OVER,10088968,Tristan Silva,ORL,PTS,POINTS,1,9.5,OVER,DEMON,1,0,9.5,0,0,demon,2026-02-24T22:40:00.000-05:00,2026-02-24T10:13:51.489000+00:00
10089423|Tristan Silva|PTS|DEMON|14.5|OVER,10089423,Tristan Silva,ORL,PTS,POINTS,1,14.5,OVER,DEMON,1,0,14.5,0,0,demon,2026-02-24T22:40:00.000-05:00,2026-02-24T10:13:51.484000+00:00
10088967|Tristan Silva|FG3M|GOBLIN|0.5|OVER,10088967,Tristan Silva,ORL,FG3M,3-PT MADE,1,0.5,OVER,GOBLIN,1,0,0.5,0,0,goblin,2026-02-24T22:40:00.000-05:00,2026-02-24T10:13:41.315000+00:00
10088966|Tristan Silva|FG3M|DEMON|2.5|OVER,10088966,Tristan Silva,ORL,FG3M,3-PT MADE,1,2.5,OVER,DEMON,1,0,2.5,0,0,demon,2026-02-24T22:40:00.000-05:00,2026-02-24T10:13:41.212000+00:00
10091614|Desmond Bane|PRA|GOBLIN|26.5|OVER,10091614,Desmond Bane,ORL,PRA,PTS+REBS+ASTS,1,26.5,OVER,GOBLIN,1,0,26.5,0,0,goblin,2026-02-24T22:40:00.000-05:00,2026-02-24T10:12:15.250000+00:00
10086429|Anthony Edwards|FG3M|DEMON|5.5|OVER,10086429,Anthony Edwards,MIN,FG3M,3-PT MADE,1,5.5,OVER,DEMON,1,0,5.5,0,0,demon,2026-02-24T22:10:00.000-05:00,2026-02-24T10:05:00.901000+00:00
10086760|Julius Randle|STL|GOBLIN|0.5|OVER,10086760,Julius Randle,MIN,STL,STEALS,1,0.5,OVER,GOBLIN,1,0,0.5,0,0,goblin,2026-02-24T22:10:00.000-05:00,2026-02-24T10:04:43.534000+00:00
10086728|Julius Randle|AST|DEMON|5.5|OVER,10086728,Julius Randle,MIN,AST,ASSISTS,1,5.5,OVER,DEMON,1,0,5.5,0,0,demon,2026-02-24T22:10:00.000-05:00,2026-02-24T10:04:43.528000+00:00
10086654|Jerami Grant|PTS|DEMON|24.5|OVER,10086654,Jerami Grant,POR,PTS,POINTS,1,24.5,OVER,DEMON,1,0,24.5,0,0,demon,2026-02-24T22:10:00.000-05:00,2026-02-24T09:55:58.828000+00:00
10073739|Paolo Banchero|RA|DEMON|14.5|OVER,10073739,Paolo Banchero,ORL,RA,REBS+ASTS,1,14.5,OVER,DEMON,1,0,14.5,0,0,demon,2026-02-24T22:40:00.000-05:00,2026-02-24T09:53:18.679000+00:00
10086822|Naz Reid|PR|STANDARD|18.5|OVER,10086822,Naz Reid,MIN,PR,PTS+REBS,1,18.5,OVER,STANDARD,1,0,18.5,0,0,standard,2026-02-24T22:10:00.000-05:00,2026-02-24T09:51:39.464000+00:00
10086822|Naz Reid|PR|STANDARD|18.5|UNDER,10086822,Naz Reid,MIN,PR,PTS+REBS,1,18.5,UNDER,STANDARD,0,1,18.5,0,0,standard,2026-02-24T22:10:00.000-05:00,2026-02-24T09:51:39.464000+00:00
10090390|Naz Reid|AST|GOBLIN|1.5|OVER,10090390,Naz Reid,MIN,AST,ASSISTS,1,1.5,OVER,GOBLIN,1,0,1.5,0,0,goblin,2026-02-24T22:10:00.000-05:00,2026-02-24T09:45:30.366000+00:00
10077528|LeBron James|BLOCKED SHOTS|DEMON|1.5|OVER,10077528,LeBron James,LAL,BLOCKED SHOTS,BLOCKED SHOTS,0,1.5,OVER,DEMON,1,0,1.5,0,0,demon,2026-02-24T22:40:00.000-05:00,2026-02-24T09:45:04.710000+00:00
10090162|Toumani Camara|PTS|GOBLIN|10.5|OVER,10090162,Toumani Camara,POR,PTS,POINTS,1,10.5,OVER,GOBLIN,1,0,10.5,0,0,goblin,2026-02-24T22:10:00.000-05:00,2026-02-24T09:44:01.647000+00:00
10091921|Jalen Suggs|BLOCKED SHOTS|DEMON|2.5|OVER,10091921,Jalen Suggs,ORL,BLOCKED SHOTS,BLOCKED SHOTS,0,2.5,OVER,DEMON,1,0,2.5,0,0,demon,2026-02-24T22:40:00.000-05:00,2026-02-24T09:43:50.907000+00:00
10086571|Donte DiVincenzo|PRA|GOBLIN|16.5|OVER,10086571,Donte DiVincenzo,MIN,PRA,PTS+REBS+ASTS,1,16.5,OVER,GOBLIN,1,0,16.5,0,0,goblin,2026-02-24T22:10:00.000-05:00,2026-02-24T09:42:53.011000+00:00
10086574|Donte DiVincenzo|PRA|DEMON|20.5|OVER,10086574,Donte DiVincenzo,MIN,PRA,PTS+REBS+ASTS,1,20.5,OVER,DEMON,1,0,20.5,0,0,demon,2026-02-24T22:10:00.000-05:00,2026-02-24T09:42:52.679000+00:00
10086745|Julius Randle|PRA|GOBLIN|30.5|OVER,10086745,Julius Randle,MIN,PRA,PTS+REBS+ASTS,1,30.5,OVER,GOBLIN,1,0,30.5,0,0,goblin,2026-02-24T22:10:00.000-05:00,2026-02-24T09:42:52.466000+00:00
10087020|Toumani Camara|PRA|DEMON|23.5|OVER,10087020,Toumani Camara,POR,PRA,PTS+REBS+ASTS,1,23.5,OVER,DEMON,1,0,23.5,0,0,demon,2026-02-24T22:10:00.000-05:00,2026-02-24T09:42:52.233000+00:00
10077448|Desmond Bane|PRA|GOBLIN|25.5|OVER,10077448,Desmond Bane,ORL,PRA,PTS+REBS+ASTS,1,25.5,OVER,GOBLIN,1,0,25.5,0,0,goblin,2026-02-24T22:40:00.000-05:00,2026-02-24T09:42:51.766000+00:00
10077647|Paolo Banchero|PRA|GOBLIN|33.5|OVER,10077647,Paolo Banchero,ORL,PRA,PTS+REBS+ASTS,1,33.5,OVER,GOBLIN,1,0,33.5,0,0,goblin,2026-02-24T22:40:00.000-05:00,2026-02-24T09:42:51.716000+00:00
10086627|Jaden McDaniels|RA|DEMON|8.5|OVER,10086627,Jaden McDaniels,MIN,RA,REBS+ASTS,1,8.5,OVER,DEMON,1,0,8.5,0,0,demon,2026-02-24T22:10:00.000-05:00,2026-02-24T09:42:47.251000+00:00
10086626|Jaden McDaniels|RA|GOBLIN|6.5|OVER,10086626,Jaden McDaniels,MIN,RA,REBS+ASTS,1,6.5,OVER,GOBLIN,1,0,6.5,0,0,goblin,2026-02-24T22:10:00.000-05:00,2026-02-24T09:42:47.234000+00:00
10086607|Jaden McDaniels|PTS|GOBLIN|12.5|OVER,10086607,Jaden McDaniels,MIN,PTS,POINTS,1,12.5,OVER,GOBLIN,1,0,12.5,0,0,goblin,2026-02-24T22:10:00.000-05:00,2026-02-24T09:42:43.016000+00:00
10077379|Anthony Black|RA|DEMON|8.5|OVER,10077379,Anthony Black,ORL,RA,REBS+ASTS,1,8.5,OVER,DEMON,1,0,8.5,0,0,demon,2026-02-24T22:40:00.000-05:00,2026-02-24T09:42:42.904000+00:00
10077515|Jalen Suggs|RA|GOBLIN|8.5|OVER,10077515,Jalen Suggs,ORL,RA,REBS+ASTS,1,8.5,OVER,GOBLIN,1,0,8.5,0,0,goblin,2026-02-24T22:40:00.000-05:00,2026-02-24T09:42:42.841000+00:00
10077534|LeBron James|RA|GOBLIN|10.5|OVER,10077534,LeBron James,LAL,RA,REBS+ASTS,1,10.5,OVER,GOBLIN,1,0,10.5,0,0,goblin,2026-02-24T22:40:00.000-05:00,2026-02-24T09:42:42.796000+00:00
10077451|Desmond Bane|RA|DEMON|8.5|OVER,10077451,Desmond Bane,ORL,RA,REBS+ASTS,1,8.5,OVER,DEMON,1,0,8.5,0,0,demon,2026-02-24T22:40:00.000-05:00,2026-02-24T09:42:42.766000+00:00
10077450|Desmond Bane|RA|GOBLIN|6.5|OVER,10077450,Desmond Bane,ORL,RA,REBS+ASTS,1,6.5,OVER,GOBLIN,1,0,6.5,0,0,goblin,2026-02-24T22:40:00.000-05:00,2026-02-24T09:42:42.759000+00:00
10086566|Donte DiVincenzo|PTS|DEMON|12.5|OVER,10086566,Donte DiVincenzo,MIN,PTS,POINTS,1,12.5,OVER,DEMON,1,0,12.5,0,0,demon,2026-02-24T22:10:00.000-05:00,2026-02-24T09:42:42.172000+00:00
10086443|Anthony Edwards|PTS|GOBLIN|26.5|OVER,10086443,Anthony Edwards,MIN,PTS,POINTS,1,26.5,OVER,GOBLIN,1,0,26.5,0,0,goblin,2026-02-24T22:10:00.000-05:00,2026-02-24T09:42:41.936000+00:00
10086485|Ayo Dosunmu|PTS|GOBLIN|10.5|OVER,10086485,Ayo Dosunmu,MIN,PTS,POINTS,1,10.5,OVER,GOBLIN,1,0,10.5,0,0,goblin,2026-02-24T22:10:00.000-05:00,2026-02-24T09:42:41.746000+00:00
10086936|Scoot Henderson|PTS|DEMON|18.5|OVER,10086936,Scoot Henderson,POR,PTS,POINTS,1,18.5,OVER,DEMON,1,0,18.5,0,0,demon,2026-02-24T22:10:00.000-05:00,2026-02-24T09:42:41.509000+00:00
10086698|Jrue Holiday|PTS|DEMON|20.5|OVER,10086698,Jrue Holiday,POR,PTS,POINTS,1,20.5,OVER,DEMON,1,0,20.5,0,0,demon,2026-02-24T22:10:00.000-05:00,2026-02-24T09:42:41.482000+00:00
10086611|Jaden McDaniels|PTS|DEMON|16.5|OVER,10086611,Jaden McDaniels,MIN,PTS,POINTS,1,16.5,OVER,DEMON,1,0,16.5,0,0,demon,2026-02-24T22:10:00.000-05:00,2026-02-24T09:42:41.448000+00:00
10090161|Scoot Henderson|PTS|GOBLIN|13.5|OVER,10090161,Scoot Henderson,POR,PTS,POINTS,1,13.5,OVER,GOBLIN,1,0,13.5,0,0,goblin,2026-02-24T22:10:00.000-05:00,2026-02-24T09:42:41.413000+00:00
10087013|Toumani Camara|PTS|DEMON|15.5|OVER,10087013,Toumani Camara,POR,PTS,POINTS,1,15.5,OVER,DEMON,1,0,15.5,0,0,demon,2026-02-24T22:10:00.000-05:00,2026-02-24T09:42:41.396000+00:00
10086564|Donte DiVincenzo|PTS|GOBLIN|8.5|OVER,10086564,Donte DiVincenzo,MIN,PTS,POINTS,1,8.5,OVER,GOBLIN,1,0,8.5,0,0,goblin,2026-02-24T22:10:00.000-05:00,2026-02-24T09:42:41.329000+00:00
10086895|Rudy Gobert|PTS|DEMON|13.5|OVER,10086895,Rudy Gobert,MIN,PTS,POINTS,1,13.5,OVER,DEMON,1,0,13.5,0,0,demon,2026-02-24T22:10:00.000-05:00,2026-02-24T09:42:41.197000+00:00
10086656|Jerami Grant|PTS|DEMON|23.5|OVER,10086656,Jerami Grant,POR,PTS,POINTS,1,23.5,OVER,DEMON,1,0,23.5,0,0,demon,2026-02-24T22:10:00.000-05:00,2026-02-24T09:42:41.176000+00:00
10086447|Anthony Edwards|PTS|DEMON|30.5|OVER,10086447,Anthony Edwards,MIN,PTS,POINTS,1,30.5,OVER,DEMON,1,0,30.5,0,0,demon,2026-02-24T22:10:00.000-05:00,2026-02-24T09:42:41.113000+00:00
10086445|Anthony Edwards|PTS|DEMON|32.5|OVER,10086445,Anthony Edwards,MIN,PTS,POINTS,1,32.5,OVER,DEMON,1,0,32.5,0,0,demon,2026-02-24T22:10:00.000-05:00,2026-02-24T09:42:41.111000+00:00
10077446|Desmond Bane|PTS|GOBLIN|18.5|OVER,10077446,Desmond Bane,ORL,PTS,POINTS,1,18.5,OVER,GOBLIN,1,0,18.5,0,0,goblin,2026-02-24T22:40:00.000-05:00,2026-02-24T09:42:39.592000+00:00
10077447|Desmond Bane|PTS|DEMON|22.5|OVER,10077447,Desmond Bane,ORL,PTS,POINTS,1,22.5,OVER,DEMON,1,0,22.5,0,0,demon,2026-02-24T22:40:00.000-05:00,2026-02-24T09:42:39.384000+00:00
10077550|Luka Dončić|PTS|DEMON|33.5|OVER,10077550,Luka Dončić,LAL,PTS,POINTS,1,33.5,OVER,DEMON,1,0,33.5,0,0,demon,2026-02-24T22:40:00.000-05:00,2026-02-24T09:42:39.291000+00:00
10077549|Luka Dončić|PTS|GOBLIN|27.5|OVER,10077549,Luka Dončić,LAL,PTS,POINTS,1,27.5,OVER,GOBLIN,1,0,27.5,0,0,goblin,2026-02-24T22:40:00.000-05:00,2026-02-24T09:42:39.271000+00:00
10077674|Rui Hachimura|PTS|DEMON|10.5|OVER,10077674,Rui Hachimura,LAL,PTS,POINTS,1,10.5,OVER,DEMON,1,0,10.5,0,0,demon,2026-02-24T22:40:00.000-05:00,2026-02-24T09:42:39.232000+00:00
10084653|LeBron James|PTS|GOBLIN|16.5|OVER,10084653,LeBron James,LAL,PTS,POINTS,1,16.5,OVER,GOBLIN,1,0,16.5,0,0,goblin,2026-02-24T22:40:00.000-05:00,2026-02-24T09:42:39.141000+00:00
10084654|Luka Dončić|PTS|GOBLIN|28.5|OVER,10084654,Luka Dončić,LAL,PTS,POINTS,1,28.5,OVER,GOBLIN,1,0,28.5,0,0,goblin,2026-02-24T22:40:00.000-05:00,2026-02-24T09:42:39.141000+00:00
10077500|Jalen Suggs|PTS|DEMON|15.5|OVER,10077500,Jalen Suggs,ORL,PTS,POINTS,1,15.5,OVER,DEMON,1,0,15.5,0,0,demon,2026-02-24T22:40:00.000-05:00,2026-02-24T09:42:39.072000+00:00
10071820|Collin Gillespie|STL|GOBLIN|0.5|OVER,10071820,Collin Gillespie,PHX,STL,STEALS,1,0.5,OVER,GOBLIN,1,0,0.5,0,0,goblin,2026-02-24T21:10:00.000-05:00,2026-02-24T09:42:38.415000+00:00
10089403|Royce O'Neale|STL|DEMON|2.5|OVER,10089403,Royce O'Neale,PHX,STL,STEALS,1,2.5,OVER,DEMON,1,0,2.5,0,0,demon,2026-02-24T21:10:00.000-05:00,2026-02-24T09:42:38.084000+00:00
10071819|Collin Gillespie|STL|DEMON|2.5|OVER,10071819,Collin Gillespie,PHX,STL,STEALS,1,2.5,OVER,DEMON,1,0,2.5,0,0,demon,2026-02-24T21:10:00.000-05:00,2026-02-24T09:42:37.814000+00:00
10071713|Oso Ighodaro|TOV|DEMON|1.5|OVER,10071713,Oso Ighodaro,PHX,TOV,TURNOVERS,1,1.5,OVER,DEMON,1,0,1.5,0,0,demon,2026-02-24T21:10:00.000-05:00,2026-02-24T09:42:37.777000+00:00
10071666|Mark Williams|TOV|GOBLIN|0.5|OVER,10071666,Mark Williams,PHX,TOV,TURNOVERS,1,0.5,OVER,GOBLIN,1,0,0.5,0,0,goblin,2026-02-24T21:10:00.000-05:00,2026-02-24T09:42:37.697000+00:00
10071657|Mark Williams|AST|GOBLIN|0.5|OVER,10071657,Mark Williams,PHX,AST,ASSISTS,1,0.5,OVER,GOBLIN,1,0,0.5,0,0,goblin,2026-02-24T21:10:00.000-05:00,2026-02-24T09:42:37.318000+00:00
10071733|Royce O'Neale|TOV|DEMON|1.5|OVER,10071733,Royce O'Neale,PHX,TOV,TURNOVERS,1,1.5,OVER,DEMON,1,0,1.5,0,0,demon,2026-02-24T21:10:00.000-05:00,2026-02-24T09:42:37.084000+00:00
10089234|Royce O'Neale|FG3M|DEMON|3.5|OVER,10089234,Royce O'Neale,PHX,FG3M,3-PT MADE,1,3.5,OVER,DEMON,1,0,3.5,0,0,demon,2026-02-24T21:10:00.000-05:00,2026-02-24T09:30:30.566000+00:00
10086937|Scoot Henderson|PTS|DEMON|19.5|OVER,10086937,Scoot Henderson,POR,PTS,POINTS,1,19.5,OVER,DEMON,1,0,19.5,0,0,demon,2026-02-24T22:10:00.000-05:00,2026-02-24T09:30:14.631000+00:00
10089320|Ryan Dunn|PTS|DEMON|7.5|OVER,10089320,Ryan Dunn,PHX,PTS,POINTS,1,7.5,OVER,DEMON,1,0,7.5,0,0,demon,2026-02-24T21:10:00.000-05:00,2026-02-24T09:27:53.800000+00:00
10065711|Desmond Bane|PTS|STANDARD|20.5|OVER,10065711,Desmond Bane,ORL,PTS,POINTS,1,20.5,OVER,STANDARD,1,0,20.5,0,0,standard,2026-02-24T22:40:00.000-05:00,2026-02-24T09:22:57.717000+00:00
10065711|Desmond Bane|PTS|STANDARD|20.5|UNDER,10065711,Desmond Bane,ORL,PTS,POINTS,1,20.5,UNDER,STANDARD,0,1,20.5,0,0,standard,2026-02-24T22:40:00.000-05:00,2026-02-24T09:22:57.717000+00:00
10088756|Julius Randle|PR|DEMON|29.5|OVER,10088756,Julius Randle,MIN,PR,PTS+REBS,1,29.5,OVER,DEMON,1,0,29.5,0,0,demon,2026-02-24T22:10:00.000-05:00,2026-02-24T09:22:21.393000+00:00
10089196|Wendell Carter|PR|DEMON|19.5|OVER,10089196,Wendell Carter,ORL,PR,PTS+REBS,1,19.5,OVER,DEMON,1,0,19.5,0,0,demon,2026-02-24T22:40:00.000-05:00,2026-02-24T09:22:21.358000+00:00
10089348|Tristan Silva|PR|DEMON|14.5|OVER,10089348,Tristan Silva,ORL,PR,PTS+REBS,1,14.5,OVER,DEMON,1,0,14.5,0,0,demon,2026-02-24T22:40:00.000-05:00,2026-02-24T09:22:21.347000+00:00
10088748|Jaden McDaniels|PR|DEMON|24.5|OVER,10088748,Jaden McDaniels,MIN,PR,PTS+REBS,1,24.5,OVER,DEMON,1,0,24.5,0,0,demon,2026-02-24T22:10:00.000-05:00,2026-02-24T09:19:31.550000+00:00
10089455|Oso Ighodaro|PR|GOBLIN|9.5|OVER,10089455,Oso Ighodaro,PHX,PR,PTS+REBS,1,9.5,OVER,GOBLIN,1,0,9.5,0,0,goblin,2026-02-24T21:10:00.000-05:00,2026-02-24T09:11:40.975000+00:00
10067984|Anthony Black|AST|DEMON|6.5|OVER,10067984,Anthony Black,ORL,AST,ASSISTS,1,6.5,OVER,DEMON,1,0,6.5,0,0,demon,2026-02-24T22:40:00.000-05:00,2026-02-24T09:01:57.089000+00:00
10089190|Jalen Suggs|PA|GOBLIN|14.5|OVER,10089190,Jalen Suggs,ORL,PA,PTS+ASTS,1,14.5,OVER,GOBLIN,1,0,14.5,0,0,goblin,2026-02-24T22:40:00.000-05:00,2026-02-24T09:00:43.427000+00:00
10086947|Scoot Henderson|REB|GOBLIN|2.5|OVER,10086947,Scoot Henderson,POR,REB,REBOUNDS,1,2.5,OVER,GOBLIN,1,0,2.5,0,0,goblin,2026-02-24T22:10:00.000-05:00,2026-02-24T08:58:55.371000+00:00
10089195|Wendell Carter|PTS|GOBLIN|7.5|OVER,10089195,Wendell Carter,ORL,PTS,POINTS,1,7.5,OVER,GOBLIN,1,0,7.5,0,0,goblin,2026-02-24T22:40:00.000-05:00,2026-02-24T08:57:39.631000+00:00
10068046|Luka Dončić|PR|DEMON|44.5|OVER,10068046,Luka Dončić,LAL,PR,PTS+REBS,1,44.5,OVER,DEMON,1,0,44.5,0,0,demon,2026-02-24T22:40:00.000-05:00,2026-02-24T08:56:11.341000+00:00
10086551|Donte DiVincenzo|FG3M|DEMON|4.5|OVER,10086551,Donte DiVincenzo,MIN,FG3M,3-PT MADE,1,4.5,OVER,DEMON,1,0,4.5,0,0,demon,2026-02-24T22:10:00.000-05:00,2026-02-24T08:54:57.111000+00:00
10091490|Marcus Smart|STL|DEMON|2.5|OVER,10091490,Marcus Smart,LAL,STL,STEALS,1,2.5,OVER,DEMON,1,0,2.5,0,0,demon,2026-02-24T22:40:00.000-05:00,2026-02-24T08:52:38.519000+00:00
10088763|Naz Reid|PR|GOBLIN|14.5|OVER,10088763,Naz Reid,MIN,PR,PTS+REBS,1,14.5,OVER,GOBLIN,1,0,14.5,0,0,goblin,2026-02-24T22:10:00.000-05:00,2026-02-24T08:49:31.383000+00:00
10077499|Jalen Suggs|PTS|DEMON|17.5|OVER,10077499,Jalen Suggs,ORL,PTS,POINTS,1,17.5,OVER,DEMON,1,0,17.5,0,0,demon,2026-02-24T22:40:00.000-05:00,2026-02-24T08:39:56.079000+00:00
10089239|Ryan Dunn|REB|GOBLIN|3.5|OVER,10089239,Ryan Dunn,PHX,REB,REBOUNDS,1,3.5,OVER,GOBLIN,1,0,3.5,0,0,goblin,2026-02-24T21:10:00.000-05:00,2026-02-24T08:37:36.488000+00:00
10091319|Jalen Suggs|PA|DEMON|29.5|OVER,10091319,Jalen Suggs,ORL,PA,PTS+ASTS,1,29.5,OVER,DEMON,1,0,29.5,0,0,demon,2026-02-24T22:40:00.000-05:00,2026-02-24T08:37:21.709000+00:00
10065809|Collin Gillespie|FG3M|DEMON|5.5|OVER,10065809,Collin Gillespie,PHX,FG3M,3-PT MADE,1,5.5,OVER,DEMON,1,0,5.5,0,0,demon,2026-02-24T21:10:00.000-05:00,2026-02-24T08:35:55.716000+00:00
10086596|Jaden McDaniels|AST|DEMON|3.5|OVER,10086596,Jaden McDaniels,MIN,AST,ASSISTS,1,3.5,OVER,DEMON,1,0,3.5,0,0,demon,2026-02-24T22:10:00.000-05:00,2026-02-24T08:34:35.896000+00:00
10077489|Jalen Suggs|AST|DEMON|8.5|OVER,10077489,Jalen Suggs,ORL,AST,ASSISTS,1,8.5,OVER,DEMON,1,0,8.5,0,0,demon,2026-02-24T22:40:00.000-05:00,2026-02-24T08:32:40.029000+00:00
10086467|Anthony Edwards|STL|STANDARD|1.5|OVER,10086467,Anthony Edwards,MIN,STL,STEALS,1,1.5,OVER,STANDARD,1,0,1.5,0,0,standard,2026-02-24T22:10:00.000-05:00,2026-02-24T08:31:11.790000+00:00
10086467|Anthony Edwards|STL|STANDARD|1.5|UNDER,10086467,Anthony Edwards,MIN,STL,STEALS,1,1.5,UNDER,STANDARD,0,1,1.5,0,0,standard,2026-02-24T22:10:00.000-05:00,2026-02-24T08:31:11.790000+00:00
10077590|Luke Kennard|REB|DEMON|3.5|OVER,10077590,Luke Kennard,LAL,REB,REBOUNDS,1,3.5,OVER,DEMON,1,0,3.5,0,0,demon,2026-02-24T22:40:00.000-05:00,2026-02-24T08:30:52.605000+00:00
10077519|Jalen Suggs|STL|STANDARD|1.5|OVER,10077519,Jalen Suggs,ORL,STL,STEALS,1,1.5,OVER,STANDARD,1,0,1.5,0,0,standard,2026-02-24T22:40:00.000-05:00,2026-02-24T08:26:31.387000+00:00
10077519|Jalen Suggs|STL|STANDARD|1.5|UNDER,10077519,Jalen Suggs,ORL,STL,STEALS,1,1.5,UNDER,STANDARD,0,1,1.5,0,0,standard,2026-02-24T22:40:00.000-05:00,2026-02-24T08:26:31.387000+00:00
10087010|Toumani Camara|PTS|GOBLIN|11.5|OVER,10087010,Toumani Camara,POR,PTS,POINTS,1,11.5,OVER,GOBLIN,1,0,11.5,0,0,goblin,2026-02-24T22:10:00.000-05:00,2026-02-24T08:23:52.345000+00:00
10089327|Moritz Wagner|PR|DEMON|14.5|OVER,10089327,Moritz Wagner,ORL,PR,PTS+REBS,1,14.5,OVER,DEMON,1,0,14.5,0,0,demon,2026-02-24T22:40:00.000-05:00,2026-02-24T08:22:02.976000+00:00
10087023|Toumani Camara|REB|GOBLIN|4.5|OVER,10087023,Toumani Camara,POR,REB,REBOUNDS,1,4.5,OVER,GOBLIN,1,0,4.5,0,0,goblin,2026-02-24T22:10:00.000-05:00,2026-02-24T08:16:53.014000+00:00
10086491|Ayo Dosunmu|PR|STANDARD|15.5|OVER,10086491,Ayo Dosunmu,MIN,PR,PTS+REBS,1,15.5,OVER,STANDARD,1,0,15.5,0,0,standard,2026-02-24T22:10:00.000-05:00,2026-02-24T08:14:46.688000+00:00
10086491|Ayo Dosunmu|PR|STANDARD|15.5|UNDER,10086491,Ayo Dosunmu,MIN,PR,PTS+REBS,1,15.5,UNDER,STANDARD,0,1,15.5,0,0,standard,2026-02-24T22:10:00.000-05:00,2026-02-24T08:14:46.688000+00:00
10077651|Paolo Banchero|STL|GOBLIN|0.5|OVER,10077651,Paolo Banchero,ORL,STL,STEALS,1,0.5,OVER,GOBLIN,1,0,0.5,0,0,goblin,2026-02-24T22:40:00.000-05:00,2026-02-24T08:13:30.880000+00:00
10077415|Deandre Ayton|PR|STANDARD|17.5|OVER,10077415,Deandre Ayton,LAL,PR,PTS+REBS,1,17.5,OVER,STANDARD,1,0,17.5,0,0,standard,2026-02-24T22:40:00.000-05:00,2026-02-24T08:11:37.340000+00:00
10077415|Deandre Ayton|PR|STANDARD|17.5|UNDER,10077415,Deandre Ayton,LAL,PR,PTS+REBS,1,17.5,UNDER,STANDARD,0,1,17.5,0,0,standard,2026-02-24T22:40:00.000-05:00,2026-02-24T08:11:37.340000+00:00
10086645|Jerami Grant|BS|DEMON|1.5|OVER,10086645,Jerami Grant,POR,BS,BLKS+STLS,1,1.5,OVER,DEMON,1,0,1.5,0,0,demon,2026-02-24T22:10:00.000-05:00,2026-02-24T08:10:46.173000+00:00
10088758|Julius Randle|PR|GOBLIN|24.5|OVER,10088758,Julius Randle,MIN,PR,PTS+REBS,1,24.5,OVER,GOBLIN,1,0,24.5,0,0,goblin,2026-02-24T22:10:00.000-05:00,2026-02-24T08:08:18.795000+00:00
10086885|Rudy Gobert|BS|GOBLIN|2.5|OVER,10086885,Rudy Gobert,MIN,BS,BLKS+STLS,1,2.5,OVER,GOBLIN,1,0,2.5,0,0,goblin,2026-02-24T22:10:00.000-05:00,2026-02-24T08:07:29.337000+00:00
10086710|Jrue Holiday|REB|DEMON|5.5|OVER,10086710,Jrue Holiday,POR,REB,REBOUNDS,1,5.5,OVER,DEMON,1,0,5.5,0,0,demon,2026-02-24T22:10:00.000-05:00,2026-02-24T08:02:49.672000+00:00
10089318|Royce O'Neale|PTS|GOBLIN|7.5|OVER,10089318,Royce O'Neale,PHX,PTS,POINTS,1,7.5,OVER,GOBLIN,1,0,7.5,0,0,goblin,2026-02-24T21:10:00.000-05:00,2026-02-24T07:56:34.741000+00:00
10089198|Wendell Carter|PR|GOBLIN|14.5|OVER,10089198,Wendell Carter,ORL,PR,PTS+REBS,1,14.5,OVER,GOBLIN,1,0,14.5,0,0,goblin,2026-02-24T22:40:00.000-05:00,2026-02-24T07:48:46.989000+00:00
10086901|Rudy Gobert|PRA|DEMON|29.5|OVER,10086901,Rudy Gobert,MIN,PRA,PTS+REBS+ASTS,1,29.5,OVER,DEMON,1,0,29.5,0,0,demon,2026-02-24T22:10:00.000-05:00,2026-02-24T07:48:07.934000+00:00
10077388|Austin Reaves|BLOCKED SHOTS|DEMON|0.5|OVER,10077388,Austin Reaves,LAL,BLOCKED SHOTS,BLOCKED SHOTS,0,0.5,OVER,DEMON,1,0,0.5,0,0,demon,2026-02-24T22:40:00.000-05:00,2026-02-24T07:45:22.842000+00:00
10086751|Julius Randle|REB|GOBLIN|6.5|OVER,10086751,Julius Randle,MIN,REB,REBOUNDS,1,6.5,OVER,GOBLIN,1,0,6.5,0,0,goblin,2026-02-24T22:10:00.000-05:00,2026-02-24T07:39:29.536000+00:00
10087048|Vít Krejčí|BLOCKED SHOTS|DEMON|0.5|OVER,10087048,Vít Krejčí,POR,BLOCKED SHOTS,BLOCKED SHOTS,0,0.5,OVER,DEMON,1,0,0.5,0,0,demon,2026-02-24T22:10:00.000-05:00,2026-02-24T07:39:19.350000+00:00
10087027|Toumani Camara|REB|DEMON|8.5|OVER,10087027,Toumani Camara,POR,REB,REBOUNDS,1,8.5,OVER,DEMON,1,0,8.5,0,0,demon,2026-02-24T22:10:00.000-05:00,2026-02-24T07:19:35.565000+00:00
10090382|Donovan Clingan|PTS|GOBLIN|9.5|OVER,10090382,Donovan Clingan,POR,PTS,POINTS,1,9.5,OVER,GOBLIN,1,0,9.5,0,0,goblin,2026-02-24T22:10:00.000-05:00,2026-02-24T07:18:29.662000+00:00
10086575|Donte DiVincenzo|PRA|DEMON|24.5|OVER,10086575,Donte DiVincenzo,MIN,PRA,PTS+REBS+ASTS,1,24.5,OVER,DEMON,1,0,24.5,0,0,demon,2026-02-24T22:10:00.000-05:00,2026-02-24T07:15:25.311000+00:00
10089014|Rui Hachimura|PR|DEMON|14.5|OVER,10089014,Rui Hachimura,LAL,PR,PTS+REBS,1,14.5,OVER,DEMON,1,0,14.5,0,0,demon,2026-02-24T22:40:00.000-05:00,2026-02-24T07:08:03.745000+00:00
10077503|Jalen Suggs|PR|STANDARD|16.5|OVER,10077503,Jalen Suggs,ORL,PR,PTS+REBS,1,16.5,OVER,STANDARD,1,0,16.5,0,0,standard,2026-02-24T22:40:00.000-05:00,2026-02-24T07:07:42.231000+00:00
10077503|Jalen Suggs|PR|STANDARD|16.5|UNDER,10077503,Jalen Suggs,ORL,PR,PTS+REBS,1,16.5,UNDER,STANDARD,0,1,16.5,0,0,standard,2026-02-24T22:40:00.000-05:00,2026-02-24T07:07:42.231000+00:00
10089366|Marcus Smart|PR|DEMON|14.5|OVER,10089366,Marcus Smart,LAL,PR,PTS+REBS,1,14.5,OVER,DEMON,1,0,14.5,0,0,demon,2026-02-24T22:40:00.000-05:00,2026-02-24T07:06:18.028000+00:00
10071931|Oso Ighodaro|REB|DEMON|5.5|OVER,10071931,Oso Ighodaro,PHX,REB,REBOUNDS,1,5.5,OVER,DEMON,1,0,5.5,0,0,demon,2026-02-24T21:10:00.000-05:00,2026-02-24T07:06:01.596000+00:00
10086922|Scoot Henderson|FG3M|DEMON|3.5|OVER,10086922,Scoot Henderson,POR,FG3M,3-PT MADE,1,3.5,OVER,DEMON,1,0,3.5,0,0,demon,2026-02-24T22:10:00.000-05:00,2026-02-24T07:01:42.175000+00:00
10086755|Julius Randle|REB|DEMON|8.5|OVER,10086755,Julius Randle,MIN,REB,REBOUNDS,1,8.5,OVER,DEMON,1,0,8.5,0,0,demon,2026-02-24T22:10:00.000-05:00,2026-02-24T06:58:13.160000+00:00
10077623|Marcus Smart|PRA|DEMON|14.5|OVER,10077623,Marcus Smart,LAL,PRA,PTS+REBS+ASTS,1,14.5,OVER,DEMON,1,0,14.5,0,0,demon,2026-02-24T22:40:00.000-05:00,2026-02-24T06:54:35.440000+00:00
10086805|Naz Reid|FG3M|DEMON|3.5|OVER,10086805,Naz Reid,MIN,FG3M,3-PT MADE,1,3.5,OVER,DEMON,1,0,3.5,0,0,demon,2026-02-24T22:10:00.000-05:00,2026-02-24T06:47:40.137000+00:00
10089345|Deandre Ayton|PR|GOBLIN|14.5|OVER,10089345,Deandre Ayton,LAL,PR,PTS+REBS,1,14.5,OVER,GOBLIN,1,0,14.5,0,0,goblin,2026-02-24T22:40:00.000-05:00,2026-02-24T06:46:41.620000+00:00
10088765|Rudy Gobert|PR|DEMON|29.5|OVER,10088765,Rudy Gobert,MIN,PR,PTS+REBS,1,29.5,OVER,DEMON,1,0,29.5,0,0,demon,2026-02-24T22:10:00.000-05:00,2026-02-24T06:46:14.817000+00:00
10088846|Jalen Suggs|PTS|GOBLIN|9.5|OVER,10088846,Jalen Suggs,ORL,PTS,POINTS,1,9.5,OVER,GOBLIN,1,0,9.5,0,0,goblin,2026-02-24T22:40:00.000-05:00,2026-02-24T06:46:00.528000+00:00
10086717|Jrue Holiday|STL|GOBLIN|0.5|OVER,10086717,Jrue Holiday,POR,STL,STEALS,1,0.5,OVER,GOBLIN,1,0,0.5,0,0,goblin,2026-02-24T22:10:00.000-05:00,2026-02-24T06:43:43.244000+00:00
10088730|Ayo Dosunmu|PA|GOBLIN|14.5|OVER,10088730,Ayo Dosunmu,MIN,PA,PTS+ASTS,1,14.5,OVER,GOBLIN,1,0,14.5,0,0,goblin,2026-02-24T22:10:00.000-05:00,2026-02-24T06:41:43.346000+00:00
10077603|Marcus Smart|FG3M|DEMON|2.5|OVER,10077603,Marcus Smart,LAL,FG3M,3-PT MADE,1,2.5,OVER,DEMON,1,0,2.5,0,0,demon,2026-02-24T22:40:00.000-05:00,2026-02-24T06:34:27.376000+00:00
10086921|Scoot Henderson|FG3M|DEMON|2.5|OVER,10086921,Scoot Henderson,POR,FG3M,3-PT MADE,1,2.5,OVER,DEMON,1,0,2.5,0,0,demon,2026-02-24T22:10:00.000-05:00,2026-02-24T06:33:09.348000+00:00
10077564|Luke Kennard|FG3M|DEMON|2.5|OVER,10077564,Luke Kennard,LAL,FG3M,3-PT MADE,1,2.5,OVER,DEMON,1,0,2.5,0,0,demon,2026-02-24T22:40:00.000-05:00,2026-02-24T06:30:09.057000+00:00
10065749|Luka Dončić|PR|STANDARD|39|OVER,10065749,Luka Dončić,LAL,PR,PTS+REBS,1,39.0,OVER,STANDARD,1,0,39.0,0,0,standard,2026-02-24T22:40:00.000-05:00,2026-02-24T06:23:11.362000+00:00
10065749|Luka Dončić|PR|STANDARD|39|UNDER,10065749,Luka Dončić,LAL,PR,PTS+REBS,1,39.0,UNDER,STANDARD,0,1,39.0,0,0,standard,2026-02-24T22:40:00.000-05:00,2026-02-24T06:23:11.362000+00:00
10089465|Royce O'Neale|PRA|DEMON|19.5|OVER,10089465,Royce O'Neale,PHX,PRA,PTS+REBS+ASTS,1,19.5,OVER,DEMON,1,0,19.5,0,0,demon,2026-02-24T21:10:00.000-05:00,2026-02-24T06:18:20.993000+00:00
10088749|Jaden McDaniels|PR|GOBLIN|14.5|OVER,10088749,Jaden McDaniels,MIN,PR,PTS+REBS,1,14.5,OVER,GOBLIN,1,0,14.5,0,0,goblin,2026-02-24T22:10:00.000-05:00,2026-02-24T06:18:17.345000+00:00
10086494|Ayo Dosunmu|REB|GOBLIN|2.5|OVER,10086494,Ayo Dosunmu,MIN,REB,REBOUNDS,1,2.5,OVER,GOBLIN,1,0,2.5,0,0,goblin,2026-02-24T22:10:00.000-05:00,2026-02-24T06:17:15.905000+00:00
10086883|Rudy Gobert|AST|DEMON|2.5|OVER,10086883,Rudy Gobert,MIN,AST,ASSISTS,1,2.5,OVER,DEMON,1,0,2.5,0,0,demon,2026-02-24T22:10:00.000-05:00,2026-02-24T06:15:32.237000+00:00
10089706|Wendell Carter|BLOCKED SHOTS|DEMON|1.5|OVER,10089706,Wendell Carter,ORL,BLOCKED SHOTS,BLOCKED SHOTS,0,1.5,OVER,DEMON,1,0,1.5,0,0,demon,2026-02-24T22:40:00.000-05:00,2026-02-24T06:14:20.894000+00:00
10089705|Austin Reaves|BLOCKED SHOTS|DEMON|1.5|OVER,10089705,Austin Reaves,LAL,BLOCKED SHOTS,BLOCKED SHOTS,0,1.5,OVER,DEMON,1,0,1.5,0,0,demon,2026-02-24T22:40:00.000-05:00,2026-02-24T06:14:16.404000+00:00
10071928|Oso Ighodaro|AST|DEMON|3.5|OVER,10071928,Oso Ighodaro,PHX,AST,ASSISTS,1,3.5,OVER,DEMON,1,0,3.5,0,0,demon,2026-02-24T21:10:00.000-05:00,2026-02-24T06:10:21.109000+00:00
10086597|Jaden McDaniels|AST|DEMON|5.5|OVER,10086597,Jaden McDaniels,MIN,AST,ASSISTS,1,5.5,OVER,DEMON,1,0,5.5,0,0,demon,2026-02-24T22:10:00.000-05:00,2026-02-24T06:10:21.100000+00:00
10089457|Oso Ighodaro|PRA|DEMON|14.5|OVER,10089457,Oso Ighodaro,PHX,PRA,PTS+REBS+ASTS,1,14.5,OVER,DEMON,1,0,14.5,0,0,demon,2026-02-24T21:10:00.000-05:00,2026-02-24T06:08:42.877000+00:00
10089167|Jerami Grant|PTS|GOBLIN|17.5|OVER,10089167,Jerami Grant,POR,PTS,POINTS,1,17.5,OVER,GOBLIN,1,0,17.5,0,0,goblin,2026-02-24T22:10:00.000-05:00,2026-02-24T06:07:44.762000+00:00
10089258|Naz Reid|REB|GOBLIN|4.5|OVER,10089258,Naz Reid,MIN,REB,REBOUNDS,1,4.5,OVER,GOBLIN,1,0,4.5,0,0,goblin,2026-02-24T22:10:00.000-05:00,2026-02-24T06:03:53.871000+00:00
10086762|Julius Randle|STL|DEMON|1.5|OVER,10086762,Julius Randle,MIN,STL,STEALS,1,1.5,OVER,DEMON,1,0,1.5,0,0,demon,2026-02-24T22:10:00.000-05:00,2026-02-24T06:03:51.229000+00:00
10086544|Donovan Clingan|STL|DEMON|0.5|OVER,10086544,Donovan Clingan,POR,STL,STEALS,1,0.5,OVER,DEMON,1,0,0.5,0,0,demon,2026-02-24T22:10:00.000-05:00,2026-02-24T06:01:34.547000+00:00
10082725|Mark Williams|STL|DEMON|0.5|OVER,10082725,Mark Williams,PHX,STL,STEALS,1,0.5,OVER,DEMON,1,0,0.5,0,0,demon,2026-02-24T21:10:00.000-05:00,2026-02-24T06:01:34.533000+00:00
10086920|Scoot Henderson|FG3M|GOBLIN|1.5|OVER,10086920,Scoot Henderson,POR,FG3M,3-PT MADE,1,1.5,OVER,GOBLIN,1,0,1.5,0,0,goblin,2026-02-24T22:10:00.000-05:00,2026-02-24T06:00:58.259000+00:00
10089365|Marcus Smart|PA|DEMON|14.5|OVER,10089365,Marcus Smart,LAL,PA,PTS+ASTS,1,14.5,OVER,DEMON,1,0,14.5,0,0,demon,2026-02-24T22:40:00.000-05:00,2026-02-24T06:00:03.699000+00:00
10088743|Donte DiVincenzo|PRA|GOBLIN|14.5|OVER,10088743,Donte DiVincenzo,MIN,PRA,PTS+REBS+ASTS,1,14.5,OVER,GOBLIN,1,0,14.5,0,0,goblin,2026-02-24T22:10:00.000-05:00,2026-02-24T05:57:44.962000+00:00
10077591|Luke Kennard|REB|DEMON|4.5|OVER,10077591,Luke Kennard,LAL,REB,REBOUNDS,1,4.5,OVER,DEMON,1,0,4.5,0,0,demon,2026-02-24T22:40:00.000-05:00,2026-02-24T05:57:02.229000+00:00
10089317|Royce O'Neale|PTS|DEMON|11.5|OVER,10089317,Royce O'Neale,PHX,PTS,POINTS,1,11.5,OVER,DEMON,1,0,11.5,0,0,demon,2026-02-24T21:10:00.000-05:00,2026-02-24T05:56:04.030000+00:00
10088735|Ayo Dosunmu|PRA|GOBLIN|14.5|OVER,10088735,Ayo Dosunmu,MIN,PRA,PTS+REBS+ASTS,1,14.5,OVER,GOBLIN,1,0,14.5,0,0,goblin,2026-02-24T22:10:00.000-05:00,2026-02-24T05:55:37.440000+00:00
10088740|Donte DiVincenzo|PTS|GOBLIN|7.5|OVER,10088740,Donte DiVincenzo,MIN,PTS,POINTS,1,7.5,OVER,GOBLIN,1,0,7.5,0,0,goblin,2026-02-24T22:10:00.000-05:00,2026-02-24T05:51:32.034000+00:00
10089325|Jalen Suggs|RA|GOBLIN|7.5|OVER,10089325,Jalen Suggs,ORL,RA,REBS+ASTS,1,7.5,OVER,GOBLIN,1,0,7.5,0,0,goblin,2026-02-24T22:40:00.000-05:00,2026-02-24T05:48:43.139000+00:00
10086515|Donovan Clingan|BLOCKED SHOTS|DEMON|2.5|OVER,10086515,Donovan Clingan,POR,BLOCKED SHOTS,BLOCKED SHOTS,0,2.5,OVER,DEMON,1,0,2.5,0,0,demon,2026-02-24T22:10:00.000-05:00,2026-02-24T05:48:02.798000+00:00
10077558|Luka Dončić|STL|DEMON|1.5|OVER,10077558,Luka Dončić,LAL,STL,STEALS,1,1.5,OVER,DEMON,1,0,1.5,0,0,demon,2026-02-24T22:40:00.000-05:00,2026-02-24T05:45:57.816000+00:00
10089177|Scoot Henderson|PTS|GOBLIN|11.5|OVER,10089177,Scoot Henderson,POR,PTS,POINTS,1,11.5,OVER,GOBLIN,1,0,11.5,0,0,goblin,2026-02-24T22:10:00.000-05:00,2026-02-24T05:44:32.631000+00:00
10077559|Luka Dončić|STL|DEMON|2.5|OVER,10077559,Luka Dončić,LAL,STL,STEALS,1,2.5,OVER,DEMON,1,0,2.5,0,0,demon,2026-02-24T22:40:00.000-05:00,2026-02-24T05:43:49.506000+00:00
10089343|Deandre Ayton|PR|DEMON|19.5|OVER,10089343,Deandre Ayton,LAL,PR,PTS+REBS,1,19.5,OVER,DEMON,1,0,19.5,0,0,demon,2026-02-24T22:40:00.000-05:00,2026-02-24T05:41:04.821000+00:00
10089016|Rui Hachimura|PR|GOBLIN|9.5|OVER,10089016,Rui Hachimura,LAL,PR,PTS+REBS,1,9.5,OVER,GOBLIN,1,0,9.5,0,0,goblin,2026-02-24T22:40:00.000-05:00,2026-02-24T05:40:52.200000+00:00
10068002|Anthony Black|PA|GOBLIN|14.5|OVER,10068002,Anthony Black,ORL,PA,PTS+ASTS,1,14.5,OVER,GOBLIN,1,0,14.5,0,0,goblin,2026-02-24T22:40:00.000-05:00,2026-02-24T05:36:11.373000+00:00
10086612|Jaden McDaniels|PTS|DEMON|19.5|OVER,10086612,Jaden McDaniels,MIN,PTS,POINTS,1,19.5,OVER,DEMON,1,0,19.5,0,0,demon,2026-02-24T22:10:00.000-05:00,2026-02-24T05:35:42.370000+00:00
10065698|Austin Reaves|PR|STANDARD|26.5|OVER,10065698,Austin Reaves,LAL,PR,PTS+REBS,1,26.5,OVER,STANDARD,1,0,26.5,0,0,standard,2026-02-24T22:40:00.000-05:00,2026-02-24T05:34:57.889000+00:00
10065698|Austin Reaves|PR|STANDARD|26.5|UNDER,10065698,Austin Reaves,LAL,PR,PTS+REBS,1,26.5,UNDER,STANDARD,0,1,26.5,0,0,standard,2026-02-24T22:40:00.000-05:00,2026-02-24T05:34:57.889000+00:00
10088760|Naz Reid|PTS|GOBLIN|7.5|OVER,10088760,Naz Reid,MIN,PTS,POINTS,1,7.5,OVER,GOBLIN,1,0,7.5,0,0,goblin,2026-02-24T22:10:00.000-05:00,2026-02-24T05:34:33.524000+00:00
10089253|Jrue Holiday|PA|GOBLIN|19.5|OVER,10089253,Jrue Holiday,POR,PA,PTS+ASTS,1,19.5,OVER,GOBLIN,1,0,19.5,0,0,goblin,2026-02-24T22:10:00.000-05:00,2026-02-24T05:31:32.741000+00:00
10086752|Julius Randle|REB|GOBLIN|5.5|OVER,10086752,Julius Randle,MIN,REB,REBOUNDS,1,5.5,OVER,GOBLIN,1,0,5.5,0,0,goblin,2026-02-24T22:10:00.000-05:00,2026-02-24T05:30:48.199000+00:00
10089194|Jalen Suggs|PRA|GOBLIN|19.5|OVER,10089194,Jalen Suggs,ORL,PRA,PTS+REBS+ASTS,1,19.5,OVER,GOBLIN,1,0,19.5,0,0,goblin,2026-02-24T22:40:00.000-05:00,2026-02-24T05:28:42.567000+00:00
10087002|Toumani Camara|AST|DEMON|2.5|OVER,10087002,Toumani Camara,POR,AST,ASSISTS,1,2.5,OVER,DEMON,1,0,2.5,0,0,demon,2026-02-24T22:10:00.000-05:00,2026-02-24T05:28:34.422000+00:00
10088231|Ayo Dosunmu|REB|DEMON|3.5|OVER,10088231,Ayo Dosunmu,MIN,REB,REBOUNDS,1,3.5,OVER,DEMON,1,0,3.5,0,0,demon,2026-02-24T22:10:00.000-05:00,2026-02-24T05:27:48.462000+00:00
10077544|Luka Dončić|BLOCKED SHOTS|DEMON|1.5|OVER,10077544,Luka Dončić,LAL,BLOCKED SHOTS,BLOCKED SHOTS,0,1.5,OVER,DEMON,1,0,1.5,0,0,demon,2026-02-24T22:40:00.000-05:00,2026-02-24T05:27:40.989000+00:00
10077567|Luke Kennard|AST|DEMON|2.5|OVER,10077567,Luke Kennard,LAL,AST,ASSISTS,1,2.5,OVER,DEMON,1,0,2.5,0,0,demon,2026-02-24T22:40:00.000-05:00,2026-02-24T05:26:59.215000+00:00
10077497|Jalen Suggs|PTS|STANDARD|13.5|OVER,10077497,Jalen Suggs,ORL,PTS,POINTS,1,13.5,OVER,STANDARD,1,0,13.5,0,0,standard,2026-02-24T22:40:00.000-05:00,2026-02-24T05:26:22.575000+00:00
10077497|Jalen Suggs|PTS|STANDARD|13.5|UNDER,10077497,Jalen Suggs,ORL,PTS,POINTS,1,13.5,UNDER,STANDARD,0,1,13.5,0,0,standard,2026-02-24T22:40:00.000-05:00,2026-02-24T05:26:22.575000+00:00
10089351|Tristan Silva|PR|GOBLIN|9.5|OVER,10089351,Tristan Silva,ORL,PR,PTS+REBS,1,9.5,OVER,GOBLIN,1,0,9.5,0,0,goblin,2026-02-24T22:40:00.000-05:00,2026-02-24T05:24:19.744000+00:00
10089349|Tristan Silva|PR|DEMON|19.5|OVER,10089349,Tristan Silva,ORL,PR,PTS+REBS,1,19.5,OVER,DEMON,1,0,19.5,0,0,demon,2026-02-24T22:40:00.000-05:00,2026-02-24T05:24:19.604000+00:00
10077701|Wendell Carter|BS|DEMON|1.5|OVER,10077701,Wendell Carter,ORL,BS,BLKS+STLS,1,1.5,OVER,DEMON,1,0,1.5,0,0,demon,2026-02-24T22:40:00.000-05:00,2026-02-24T05:23:47.940000+00:00
10089315|Oso Ighodaro|PTS|DEMON|7.5|OVER,10089315,Oso Ighodaro,PHX,PTS,POINTS,1,7.5,OVER,DEMON,1,0,7.5,0,0,demon,2026-02-24T21:10:00.000-05:00,2026-02-24T05:23:45.871000+00:00
10086556|Donte DiVincenzo|AST|DEMON|6.5|OVER,10086556,Donte DiVincenzo,MIN,AST,ASSISTS,1,6.5,OVER,DEMON,1,0,6.5,0,0,demon,2026-02-24T22:10:00.000-05:00,2026-02-24T05:23:20.659000+00:00
10086926|Scoot Henderson|AST|DEMON|6.5|OVER,10086926,Scoot Henderson,POR,AST,ASSISTS,1,6.5,OVER,DEMON,1,0,6.5,0,0,demon,2026-02-24T22:10:00.000-05:00,2026-02-24T05:22:53.562000+00:00
10089181|Scoot Henderson|PR|GOBLIN|14.5|OVER,10089181,Scoot Henderson,POR,PR,PTS+REBS,1,14.5,OVER,GOBLIN,1,0,14.5,0,0,goblin,2026-02-24T22:10:00.000-05:00,2026-02-24T05:21:01.416000+00:00
10086461|Anthony Edwards|RA|GOBLIN|7.5|OVER,10086461,Anthony Edwards,MIN,RA,REBS+ASTS,1,7.5,OVER,GOBLIN,1,0,7.5,0,0,goblin,2026-02-24T22:10:00.000-05:00,2026-02-24T05:20:49.620000+00:00
10071927|Oso Ighodaro|AST|DEMON|2.5|OVER,10071927,Oso Ighodaro,PHX,AST,ASSISTS,1,2.5,OVER,DEMON,1,0,2.5,0,0,demon,2026-02-24T21:10:00.000-05:00,2026-02-24T05:19:57.939000+00:00
10089256|Jrue Holiday|PR|GOBLIN|19.5|OVER,10089256,Jrue Holiday,POR,PR,PTS+REBS,1,19.5,OVER,GOBLIN,1,0,19.5,0,0,goblin,2026-02-24T22:10:00.000-05:00,2026-02-24T05:18:47.108000+00:00
10089158|Donovan Clingan|PTS|GOBLIN|11.5|OVER,10089158,Donovan Clingan,POR,PTS,POINTS,1,11.5,OVER,GOBLIN,1,0,11.5,0,0,goblin,2026-02-24T22:10:00.000-05:00,2026-02-24T05:16:49.170000+00:00
10077684|Rui Hachimura|REB|DEMON|3.5|OVER,10077684,Rui Hachimura,LAL,REB,REBOUNDS,1,3.5,OVER,DEMON,1,0,3.5,0,0,demon,2026-02-24T22:40:00.000-05:00,2026-02-24T05:15:37.066000+00:00
10088723|Anthony Edwards|PA|GOBLIN|29.5|OVER,10088723,Anthony Edwards,MIN,PA,PTS+ASTS,1,29.5,OVER,GOBLIN,1,0,29.5,0,0,goblin,2026-02-24T22:10:00.000-05:00,2026-02-24T05:15:22.767000+00:00
10065820|Collin Gillespie|REB|DEMON|5.5|OVER,10065820,Collin Gillespie,PHX,REB,REBOUNDS,1,5.5,OVER,DEMON,1,0,5.5,0,0,demon,2026-02-24T21:10:00.000-05:00,2026-02-24T05:15:13.112000+00:00
10086458|Anthony Edwards|REB|DEMON|6.5|OVER,10086458,Anthony Edwards,MIN,REB,REBOUNDS,1,6.5,OVER,DEMON,1,0,6.5,0,0,demon,2026-02-24T22:10:00.000-05:00,2026-02-24T05:13:46.557000+00:00
10086585|Donte DiVincenzo|RA|DEMON|9.5|OVER,10086585,Donte DiVincenzo,MIN,RA,REBS+ASTS,1,9.5,OVER,DEMON,1,0,9.5,0,0,demon,2026-02-24T22:10:00.000-05:00,2026-02-24T05:13:33.880000+00:00
10087040|Vít Krejčí|FG3M|DEMON|2.5|OVER,10087040,Vít Krejčí,POR,FG3M,3-PT MADE,1,2.5,OVER,DEMON,1,0,2.5,0,0,demon,2026-02-24T22:10:00.000-05:00,2026-02-24T05:12:00.616000+00:00
10089176|Rudy Gobert|PRA|GOBLIN|19.5|OVER,10089176,Rudy Gobert,MIN,PRA,PTS+REBS+ASTS,1,19.5,OVER,GOBLIN,1,0,19.5,0,0,goblin,2026-02-24T22:10:00.000-05:00,2026-02-24T05:11:46.785000+00:00
10088721|Anthony Edwards|PA|DEMON|34.5|OVER,10088721,Anthony Edwards,MIN,PA,PTS+ASTS,1,34.5,OVER,DEMON,1,0,34.5,0,0,demon,2026-02-24T22:10:00.000-05:00,2026-02-24T05:11:26.315000+00:00
10086568|Donte DiVincenzo|PTS|DEMON|14.5|OVER,10086568,Donte DiVincenzo,MIN,PTS,POINTS,1,14.5,OVER,DEMON,1,0,14.5,0,0,demon,2026-02-24T22:10:00.000-05:00,2026-02-24T05:11:24.647000+00:00
10073740|Paolo Banchero|RA|DEMON|17.5|OVER,10073740,Paolo Banchero,ORL,RA,REBS+ASTS,1,17.5,OVER,DEMON,1,0,17.5,0,0,demon,2026-02-24T22:40:00.000-05:00,2026-02-24T05:11:13.194000+00:00
10077609|Marcus Smart|BLOCKED SHOTS|DEMON|0.5|OVER,10077609,Marcus Smart,LAL,BLOCKED SHOTS,BLOCKED SHOTS,0,0.5,OVER,DEMON,1,0,0.5,0,0,demon,2026-02-24T22:40:00.000-05:00,2026-02-24T05:09:35.407000+00:00
10086689|Jrue Holiday|BS|DEMON|1.5|OVER,10086689,Jrue Holiday,POR,BS,BLKS+STLS,1,1.5,OVER,DEMON,1,0,1.5,0,0,demon,2026-02-24T22:10:00.000-05:00,2026-02-24T05:08:45.627000+00:00
10086511|Donovan Clingan|AST|DEMON|3.5|OVER,10086511,Donovan Clingan,POR,AST,ASSISTS,1,3.5,OVER,DEMON,1,0,3.5,0,0,demon,2026-02-24T22:10:00.000-05:00,2026-02-24T05:07:48.501000+00:00
10088970|Tristan Silva|PTS|STANDARD|7.5|OVER,10088970,Tristan Silva,ORL,PTS,POINTS,1,7.5,OVER,STANDARD,1,0,7.5,0,0,standard,2026-02-24T22:40:00.000-05:00,2026-02-24T05:05:15.931000+00:00
10088970|Tristan Silva|PTS|STANDARD|7.5|UNDER,10088970,Tristan Silva,ORL,PTS,POINTS,1,7.5,UNDER,STANDARD,0,1,7.5,0,0,standard,2026-02-24T22:40:00.000-05:00,2026-02-24T05:05:15.931000+00:00
10086646|Jerami Grant|BLOCKED SHOTS|DEMON|0.5|OVER,10086646,Jerami Grant,POR,BLOCKED SHOTS,BLOCKED SHOTS,0,0.5,OVER,DEMON,1,0,0.5,0,0,demon,2026-02-24T22:10:00.000-05:00,2026-02-24T05:03:11.808000+00:00
10086600|Jaden McDaniels|BLOCKED SHOTS|DEMON|1.5|OVER,10086600,Jaden McDaniels,MIN,BLOCKED SHOTS,BLOCKED SHOTS,0,1.5,OVER,DEMON,1,0,1.5,0,0,demon,2026-02-24T22:10:00.000-05:00,2026-02-24T05:03:11.797000+00:00
10088750|Julius Randle|PTS|GOBLIN|17.5|OVER,10088750,Julius Randle,MIN,PTS,POINTS,1,17.5,OVER,GOBLIN,1,0,17.5,0,0,goblin,2026-02-24T22:10:00.000-05:00,2026-02-24T05:02:06.676000+00:00
10086490|Ayo Dosunmu|PA|STANDARD|16|OVER,10086490,Ayo Dosunmu,MIN,PA,PTS+ASTS,1,16.0,OVER,STANDARD,1,0,16.0,0,0,standard,2026-02-24T22:10:00.000-05:00,2026-02-24T04:59:05.324000+00:00
10086490|Ayo Dosunmu|PA|STANDARD|16|UNDER,10086490,Ayo Dosunmu,MIN,PA,PTS+ASTS,1,16.0,UNDER,STANDARD,0,1,16.0,0,0,standard,2026-02-24T22:10:00.000-05:00,2026-02-24T04:59:05.324000+00:00
10086631|Jaden McDaniels|STL|DEMON|1.5|OVER,10086631,Jaden McDaniels,MIN,STL,STEALS,1,1.5,OVER,DEMON,1,0,1.5,0,0,demon,2026-02-24T22:10:00.000-05:00,2026-02-24T04:57:57.124000+00:00
10088726|Anthony Edwards|PR|GOBLIN|29.5|OVER,10088726,Anthony Edwards,MIN,PR,PTS+REBS,1,29.5,OVER,GOBLIN,1,0,29.5,0,0,goblin,2026-02-24T22:10:00.000-05:00,2026-02-24T04:56:44.641000+00:00
10088965|Tristan Silva|FG3M|DEMON|1.5|OVER,10088965,Tristan Silva,ORL,FG3M,3-PT MADE,1,1.5,OVER,DEMON,1,0,1.5,0,0,demon,2026-02-24T22:40:00.000-05:00,2026-02-24T04:56:28.145000+00:00
10088759|Julius Randle|PRA|GOBLIN|29.5|OVER,10088759,Julius Randle,MIN,PRA,PTS+REBS+ASTS,1,29.5,OVER,GOBLIN,1,0,29.5,0,0,goblin,2026-02-24T22:10:00.000-05:00,2026-02-24T04:55:52.986000+00:00
10086514|Donovan Clingan|BLOCKED SHOTS|GOBLIN|0.5|OVER,10086514,Donovan Clingan,POR,BLOCKED SHOTS,BLOCKED SHOTS,0,0.5,OVER,GOBLIN,1,0,0.5,0,0,goblin,2026-02-24T22:10:00.000-05:00,2026-02-24T04:55:42.520000+00:00
10089193|Jalen Suggs|PR|GOBLIN|14.5|OVER,10089193,Jalen Suggs,ORL,PR,PTS+REBS,1,14.5,OVER,GOBLIN,1,0,14.5,0,0,goblin,2026-02-24T22:40:00.000-05:00,2026-02-24T04:55:34.467000+00:00
10089192|Jalen Suggs|PR|DEMON|24.5|OVER,10089192,Jalen Suggs,ORL,PR,PTS+REBS,1,24.5,OVER,DEMON,1,0,24.5,0,0,demon,2026-02-24T22:40:00.000-05:00,2026-02-24T04:55:34.393000+00:00
10086430|Anthony Edwards|FG3M|DEMON|6.5|OVER,10086430,Anthony Edwards,MIN,FG3M,3-PT MADE,1,6.5,OVER,DEMON,1,0,6.5,0,0,demon,2026-02-24T22:10:00.000-05:00,2026-02-24T04:53:14.971000+00:00
10086690|Jrue Holiday|BLOCKED SHOTS|DEMON|0.5|OVER,10086690,Jrue Holiday,POR,BLOCKED SHOTS,BLOCKED SHOTS,0,0.5,OVER,DEMON,1,0,0.5,0,0,demon,2026-02-24T22:10:00.000-05:00,2026-02-24T04:53:12.361000+00:00
10088843|Ayo Dosunmu|PTS|GOBLIN|7.5|OVER,10088843,Ayo Dosunmu,MIN,PTS,POINTS,1,7.5,OVER,GOBLIN,1,0,7.5,0,0,goblin,2026-02-24T22:10:00.000-05:00,2026-02-24T04:53:09.982000+00:00
10086488|Ayo Dosunmu|PTS|DEMON|14.5|OVER,10086488,Ayo Dosunmu,MIN,PTS,POINTS,1,14.5,OVER,DEMON,1,0,14.5,0,0,demon,2026-02-24T22:10:00.000-05:00,2026-02-24T04:51:31.156000+00:00
10086680|Jrue Holiday|FG3M|DEMON|3.5|OVER,10086680,Jrue Holiday,POR,FG3M,3-PT MADE,1,3.5,OVER,DEMON,1,0,3.5,0,0,demon,2026-02-24T22:10:00.000-05:00,2026-02-24T04:49:56.645000+00:00
10077402|Deandre Ayton|BLOCKED SHOTS|GOBLIN|0.5|OVER,10077402,Deandre Ayton,LAL,BLOCKED SHOTS,BLOCKED SHOTS,0,0.5,OVER,GOBLIN,1,0,0.5,0,0,goblin,2026-02-24T22:40:00.000-05:00,2026-02-24T04:49:43.304000+00:00
10088766|Rudy Gobert|PR|GOBLIN|19.5|OVER,10088766,Rudy Gobert,MIN,PR,PTS+REBS,1,19.5,OVER,GOBLIN,1,0,19.5,0,0,goblin,2026-02-24T22:10:00.000-05:00,2026-02-24T04:47:15.334000+00:00
10086534|Donovan Clingan|REB|GOBLIN|11.5|OVER,10086534,Donovan Clingan,POR,REB,REBOUNDS,1,11.5,OVER,GOBLIN,1,0,11.5,0,0,goblin,2026-02-24T22:10:00.000-05:00,2026-02-24T04:47:09.075000+00:00
10086756|Julius Randle|REB|DEMON|10.5|OVER,10086756,Julius Randle,MIN,REB,REBOUNDS,1,10.5,OVER,DEMON,1,0,10.5,0,0,demon,2026-02-24T22:10:00.000-05:00,2026-02-24T04:46:56.405000+00:00
10083709|Royce O'Neale|PTS|DEMON|14.5|OVER,10083709,Royce O'Neale,PHX,PTS,POINTS,1,14.5,OVER,DEMON,1,0,14.5,0,0,demon,2026-02-24T21:10:00.000-05:00,2026-02-24T04:44:45.583000+00:00
10086154|Jalen Suggs|AST|STANDARD|5.5|OVER,10086154,Jalen Suggs,ORL,AST,ASSISTS,1,5.5,OVER,STANDARD,1,0,5.5,0,0,standard,2026-02-24T22:40:00.000-05:00,2026-02-24T04:42:40.470000+00:00
10086154|Jalen Suggs|AST|STANDARD|5.5|UNDER,10086154,Jalen Suggs,ORL,AST,ASSISTS,1,5.5,UNDER,STANDARD,0,1,5.5,0,0,standard,2026-02-24T22:40:00.000-05:00,2026-02-24T04:42:40.470000+00:00
10086740|Julius Randle|PTS|DEMON|24.5|OVER,10086740,Julius Randle,MIN,PTS,POINTS,1,24.5,OVER,DEMON,1,0,24.5,0,0,demon,2026-02-24T22:10:00.000-05:00,2026-02-24T04:42:27.296000+00:00
10078814|Luka Dončić|RA|GOBLIN|14.5|OVER,10078814,Luka Dončić,LAL,RA,REBS+ASTS,1,14.5,OVER,GOBLIN,1,0,14.5,0,0,goblin,2026-02-24T22:40:00.000-05:00,2026-02-24T04:39:25.741000+00:00
10077452|Desmond Bane|STL|GOBLIN|0.5|OVER,10077452,Desmond Bane,ORL,STL,STEALS,1,0.5,OVER,GOBLIN,1,0,0.5,0,0,goblin,2026-02-24T22:40:00.000-05:00,2026-02-24T04:39:19.053000+00:00
10088727|Anthony Edwards|PRA|GOBLIN|34.5|OVER,10088727,Anthony Edwards,MIN,PRA,PTS+REBS+ASTS,1,34.5,OVER,GOBLIN,1,0,34.5,0,0,goblin,2026-02-24T22:10:00.000-05:00,2026-02-24T04:38:07.967000+00:00
10088842|Anthony Edwards|REB|GOBLIN|3.5|OVER,10088842,Anthony Edwards,MIN,REB,REBOUNDS,1,3.5,OVER,GOBLIN,1,0,3.5,0,0,goblin,2026-02-24T22:10:00.000-05:00,2026-02-24T04:36:06.520000+00:00
10077504|Jalen Suggs|PRA|STANDARD|22.5|OVER,10077504,Jalen Suggs,ORL,PRA,PTS+REBS+ASTS,1,22.5,OVER,STANDARD,1,0,22.5,0,0,standard,2026-02-24T22:40:00.000-05:00,2026-02-24T04:35:45.545000+00:00
10077504|Jalen Suggs|PRA|STANDARD|22.5|UNDER,10077504,Jalen Suggs,ORL,PRA,PTS+REBS+ASTS,1,22.5,UNDER,STANDARD,0,1,22.5,0,0,standard,2026-02-24T22:40:00.000-05:00,2026-02-24T04:35:45.545000+00:00
10086709|Jrue Holiday|REB|GOBLIN|3.5|OVER,10086709,Jrue Holiday,POR,REB,REBOUNDS,1,3.5,OVER,GOBLIN,1,0,3.5,0,0,goblin,2026-02-24T22:10:00.000-05:00,2026-02-24T04:31:28.841000+00:00
10086628|Jaden McDaniels|RA|DEMON|9.5|OVER,10086628,Jaden McDaniels,MIN,RA,REBS+ASTS,1,9.5,OVER,DEMON,1,0,9.5,0,0,demon,2026-02-24T22:10:00.000-05:00,2026-02-24T04:30:25.664000+00:00
10086744|Julius Randle|PR|STANDARD|28|OVER,10086744,Julius Randle,MIN,PR,PTS+REBS,1,28.0,OVER,STANDARD,1,0,28.0,0,0,standard,2026-02-24T22:10:00.000-05:00,2026-02-24T04:29:49.295000+00:00
10086744|Julius Randle|PR|STANDARD|28|UNDER,10086744,Julius Randle,MIN,PR,PTS+REBS,1,28.0,UNDER,STANDARD,0,1,28.0,0,0,standard,2026-02-24T22:10:00.000-05:00,2026-02-24T04:29:49.295000+00:00
10088238|Rudy Gobert|REB|GOBLIN|9.5|OVER,10088238,Rudy Gobert,MIN,REB,REBOUNDS,1,9.5,OVER,GOBLIN,1,0,9.5,0,0,goblin,2026-02-24T22:10:00.000-05:00,2026-02-24T04:27:41.984000+00:00
10077662|Rui Hachimura|BS|GOBLIN|0.5|OVER,10077662,Rui Hachimura,LAL,BS,BLKS+STLS,1,0.5,OVER,GOBLIN,1,0,0.5,0,0,goblin,2026-02-24T22:40:00.000-05:00,2026-02-24T04:26:18.574000+00:00
10086608|Jaden McDaniels|PTS|GOBLIN|9.5|OVER,10086608,Jaden McDaniels,MIN,PTS,POINTS,1,9.5,OVER,GOBLIN,1,0,9.5,0,0,goblin,2026-02-24T22:10:00.000-05:00,2026-02-24T04:25:54.541000+00:00
10088142|Jaden McDaniels|FG3M|DEMON|1.5|OVER,10088142,Jaden McDaniels,MIN,FG3M,3-PT MADE,1,1.5,OVER,DEMON,1,0,1.5,0,0,demon,2026-02-24T22:10:00.000-05:00,2026-02-24T04:25:28.436000+00:00
10086730|Julius Randle|AST|DEMON|7.5|OVER,10086730,Julius Randle,MIN,AST,ASSISTS,1,7.5,OVER,DEMON,1,0,7.5,0,0,demon,2026-02-24T22:10:00.000-05:00,2026-02-24T04:25:20.738000+00:00
10086432|Anthony Edwards|AST|GOBLIN|2.5|OVER,10086432,Anthony Edwards,MIN,AST,ASSISTS,1,2.5,OVER,GOBLIN,1,0,2.5,0,0,goblin,2026-02-24T22:10:00.000-05:00,2026-02-24T04:24:33.518000+00:00
10088762|Naz Reid|PR|DEMON|24.5|OVER,10088762,Naz Reid,MIN,PR,PTS+REBS,1,24.5,OVER,DEMON,1,0,24.5,0,0,demon,2026-02-24T22:10:00.000-05:00,2026-02-24T04:23:59.793000+00:00
10088761|Naz Reid|PA|DEMON|19.5|OVER,10088761,Naz Reid,MIN,PA,PTS+ASTS,1,19.5,OVER,DEMON,1,0,19.5,0,0,demon,2026-02-24T22:10:00.000-05:00,2026-02-24T04:23:59.612000+00:00
10088746|Jaden McDaniels|PA|DEMON|24.5|OVER,10088746,Jaden McDaniels,MIN,PA,PTS+ASTS,1,24.5,OVER,DEMON,1,0,24.5,0,0,demon,2026-02-24T22:10:00.000-05:00,2026-02-24T04:23:55.851000+00:00
10088742|Donte DiVincenzo|PR|DEMON|19.5|OVER,10088742,Donte DiVincenzo,MIN,PR,PTS+REBS,1,19.5,OVER,DEMON,1,0,19.5,0,0,demon,2026-02-24T22:10:00.000-05:00,2026-02-24T04:23:54.897000+00:00
10088741|Donte DiVincenzo|PA|DEMON|19.5|OVER,10088741,Donte DiVincenzo,MIN,PA,PTS+ASTS,1,19.5,OVER,DEMON,1,0,19.5,0,0,demon,2026-02-24T22:10:00.000-05:00,2026-02-24T04:23:54.712000+00:00
10088733|Ayo Dosunmu|PR|GOBLIN|14.5|OVER,10088733,Ayo Dosunmu,MIN,PR,PTS+REBS,1,14.5,OVER,GOBLIN,1,0,14.5,0,0,goblin,2026-02-24T22:10:00.000-05:00,2026-02-24T04:23:52.986000+00:00
10088732|Ayo Dosunmu|PR|DEMON|24.5|OVER,10088732,Ayo Dosunmu,MIN,PR,PTS+REBS,1,24.5,OVER,DEMON,1,0,24.5,0,0,demon,2026-02-24T22:10:00.000-05:00,2026-02-24T04:23:52.914000+00:00
10088731|Ayo Dosunmu|PR|DEMON|19.5|OVER,10088731,Ayo Dosunmu,MIN,PR,PTS+REBS,1,19.5,OVER,DEMON,1,0,19.5,0,0,demon,2026-02-24T22:10:00.000-05:00,2026-02-24T04:23:52.838000+00:00
10088729|Ayo Dosunmu|PA|DEMON|24.5|OVER,10088729,Ayo Dosunmu,MIN,PA,PTS+ASTS,1,24.5,OVER,DEMON,1,0,24.5,0,0,demon,2026-02-24T22:10:00.000-05:00,2026-02-24T04:23:52.578000+00:00
10088722|Anthony Edwards|PA|DEMON|44.5|OVER,10088722,Anthony Edwards,MIN,PA,PTS+ASTS,1,44.5,OVER,DEMON,1,0,44.5,0,0,demon,2026-02-24T22:10:00.000-05:00,2026-02-24T04:23:51.392000+00:00
10086997|Toumani Camara|FG3M|DEMON|3.5|OVER,10086997,Toumani Camara,POR,FG3M,3-PT MADE,1,3.5,OVER,DEMON,1,0,3.5,0,0,demon,2026-02-24T22:10:00.000-05:00,2026-02-24T04:22:29.562000+00:00
10088297|Rudy Gobert|REB|DEMON|13.5|OVER,10088297,Rudy Gobert,MIN,REB,REBOUNDS,1,13.5,OVER,DEMON,1,0,13.5,0,0,demon,2026-02-24T22:10:00.000-05:00,2026-02-24T04:22:25.355000+00:00
10087525|Austin Reaves|PA|GOBLIN|19.5|OVER,10087525,Austin Reaves,LAL,PA,PTS+ASTS,1,19.5,OVER,GOBLIN,1,0,19.5,0,0,goblin,2026-02-24T22:40:00.000-05:00,2026-02-24T04:21:49.015000+00:00
10077676|Rui Hachimura|PR|STANDARD|11.5|OVER,10077676,Rui Hachimura,LAL,PR,PTS+REBS,1,11.5,OVER,STANDARD,1,0,11.5,0,0,standard,2026-02-24T22:40:00.000-05:00,2026-02-24T04:21:28.218000+00:00
10077676|Rui Hachimura|PR|STANDARD|11.5|UNDER,10077676,Rui Hachimura,LAL,PR,PTS+REBS,1,11.5,UNDER,STANDARD,0,1,11.5,0,0,standard,2026-02-24T22:40:00.000-05:00,2026-02-24T04:21:28.218000+00:00
10077726|Wendell Carter|STL|GOBLIN|0.5|OVER,10077726,Wendell Carter,ORL,STL,STEALS,1,0.5,OVER,GOBLIN,1,0,0.5,0,0,goblin,2026-02-24T22:40:00.000-05:00,2026-02-24T04:20:26.127000+00:00
10077670|Rui Hachimura|PTS|STANDARD|8.5|OVER,10077670,Rui Hachimura,LAL,PTS,POINTS,1,8.5,OVER,STANDARD,1,0,8.5,0,0,standard,2026-02-24T22:40:00.000-05:00,2026-02-24T04:16:42.480000+00:00
10077670|Rui Hachimura|PTS|STANDARD|8.5|UNDER,10077670,Rui Hachimura,LAL,PTS,POINTS,1,8.5,UNDER,STANDARD,0,1,8.5,0,0,standard,2026-02-24T22:40:00.000-05:00,2026-02-24T04:16:42.480000+00:00
10086492|Ayo Dosunmu|PRA|STANDARD|19.5|OVER,10086492,Ayo Dosunmu,MIN,PRA,PTS+REBS+ASTS,1,19.5,OVER,STANDARD,1,0,19.5,0,0,standard,2026-02-24T22:10:00.000-05:00,2026-02-24T04:15:59.537000+00:00
10086492|Ayo Dosunmu|PRA|STANDARD|19.5|UNDER,10086492,Ayo Dosunmu,MIN,PRA,PTS+REBS+ASTS,1,19.5,UNDER,STANDARD,0,1,19.5,0,0,standard,2026-02-24T22:10:00.000-05:00,2026-02-24T04:15:59.537000+00:00
10086555|Donte DiVincenzo|AST|DEMON|5.5|OVER,10086555,Donte DiVincenzo,MIN,AST,ASSISTS,1,5.5,OVER,DEMON,1,0,5.5,0,0,demon,2026-02-24T22:10:00.000-05:00,2026-02-24T04:12:14.729000+00:00
10086436|Anthony Edwards|BLOCKED SHOTS|DEMON|1.5|OVER,10086436,Anthony Edwards,MIN,BLOCKED SHOTS,BLOCKED SHOTS,0,1.5,OVER,DEMON,1,0,1.5,0,0,demon,2026-02-24T22:10:00.000-05:00,2026-02-24T04:09:12.083000+00:00
10086537|Donovan Clingan|REB|DEMON|15.5|OVER,10086537,Donovan Clingan,POR,REB,REBOUNDS,1,15.5,OVER,DEMON,1,0,15.5,0,0,demon,2026-02-24T22:10:00.000-05:00,2026-02-24T04:07:36.203000+00:00
10087017|Toumani Camara|PRA|GOBLIN|19.5|OVER,10087017,Toumani Camara,POR,PRA,PTS+REBS+ASTS,1,19.5,OVER,GOBLIN,1,0,19.5,0,0,goblin,2026-02-24T22:10:00.000-05:00,2026-02-24T04:06:23.863000+00:00
10086580|Donte DiVincenzo|REB|DEMON|4.5|OVER,10086580,Donte DiVincenzo,MIN,REB,REBOUNDS,1,4.5,OVER,DEMON,1,0,4.5,0,0,demon,2026-02-24T22:10:00.000-05:00,2026-02-24T04:04:42.601000+00:00
10088144|LeBron James|PA|GOBLIN|19.5|OVER,10088144,LeBron James,LAL,PA,PTS+ASTS,1,19.5,OVER,GOBLIN,1,0,19.5,0,0,goblin,2026-02-24T22:40:00.000-05:00,2026-02-24T04:00:19.053000+00:00
10086726|Julius Randle|AST|GOBLIN|3.5|OVER,10086726,Julius Randle,MIN,AST,ASSISTS,1,3.5,OVER,GOBLIN,1,0,3.5,0,0,goblin,2026-02-24T22:10:00.000-05:00,2026-02-24T03:59:45.271000+00:00
10077683|Rui Hachimura|REB|GOBLIN|2.5|OVER,10077683,Rui Hachimura,LAL,REB,REBOUNDS,1,2.5,OVER,GOBLIN,1,0,2.5,0,0,goblin,2026-02-24T22:40:00.000-05:00,2026-02-24T03:57:13.961000+00:00
10087009|Toumani Camara|PTS|GOBLIN|9.5|OVER,10087009,Toumani Camara,POR,PTS,POINTS,1,9.5,OVER,GOBLIN,1,0,9.5,0,0,goblin,2026-02-24T22:10:00.000-05:00,2026-02-24T03:57:06.743000+00:00
10086815|Naz Reid|PTS|GOBLIN|9.5|OVER,10086815,Naz Reid,MIN,PTS,POINTS,1,9.5,OVER,GOBLIN,1,0,9.5,0,0,goblin,2026-02-24T22:10:00.000-05:00,2026-02-24T03:57:06.734000+00:00
10086473|Ayo Dosunmu|AST|GOBLIN|2.5|OVER,10086473,Ayo Dosunmu,MIN,AST,ASSISTS,1,2.5,OVER,GOBLIN,1,0,2.5,0,0,goblin,2026-02-24T22:10:00.000-05:00,2026-02-24T03:55:33.403000+00:00
10077695|Wendell Carter|FG3M|GOBLIN|0.5|OVER,10077695,Wendell Carter,ORL,FG3M,3-PT MADE,1,0.5,OVER,GOBLIN,1,0,0.5,0,0,goblin,2026-02-24T22:40:00.000-05:00,2026-02-24T03:53:54.226000+00:00
10067530|Luka Dončić|FG3M|DEMON|6.5|OVER,10067530,Luka Dončić,LAL,FG3M,3-PT MADE,1,6.5,OVER,DEMON,1,0,6.5,0,0,demon,2026-02-24T22:40:00.000-05:00,2026-02-24T03:53:31.648000+00:00
10086554|Donte DiVincenzo|AST|STANDARD|4|OVER,10086554,Donte DiVincenzo,MIN,AST,ASSISTS,1,4.0,OVER,STANDARD,1,0,4.0,0,0,standard,2026-02-24T22:10:00.000-05:00,2026-02-24T03:52:19.685000+00:00
10086554|Donte DiVincenzo|AST|STANDARD|4|UNDER,10086554,Donte DiVincenzo,MIN,AST,ASSISTS,1,4.0,UNDER,STANDARD,0,1,4.0,0,0,standard,2026-02-24T22:10:00.000-05:00,2026-02-24T03:52:19.685000+00:00
10087054|Vít Krejčí|PTS|GOBLIN|4.5|OVER,10087054,Vít Krejčí,POR,PTS,POINTS,1,4.5,OVER,GOBLIN,1,0,4.5,0,0,goblin,2026-02-24T22:10:00.000-05:00,2026-02-24T03:52:10.171000+00:00
10083706|Royce O'Neale|FG3M|GOBLIN|1.5|OVER,10083706,Royce O'Neale,PHX,FG3M,3-PT MADE,1,1.5,OVER,GOBLIN,1,0,1.5,0,0,goblin,2026-02-24T21:10:00.000-05:00,2026-02-24T03:51:50.559000+00:00
10086433|Anthony Edwards|AST|DEMON|4.5|OVER,10086433,Anthony Edwards,MIN,AST,ASSISTS,1,4.5,OVER,DEMON,1,0,4.5,0,0,demon,2026-02-24T22:10:00.000-05:00,2026-02-24T03:50:45.241000+00:00
10086623|Jaden McDaniels|REB|DEMON|5.5|OVER,10086623,Jaden McDaniels,MIN,REB,REBOUNDS,1,5.5,OVER,DEMON,1,0,5.5,0,0,demon,2026-02-24T22:10:00.000-05:00,2026-02-24T03:50:40.138000+00:00
10087025|Toumani Camara|REB|DEMON|7.5|OVER,10087025,Toumani Camara,POR,REB,REBOUNDS,1,7.5,OVER,DEMON,1,0,7.5,0,0,demon,2026-02-24T22:10:00.000-05:00,2026-02-24T03:50:40.125000+00:00
10071933|Oso Ighodaro|REB|GOBLIN|3.5|OVER,10071933,Oso Ighodaro,PHX,REB,REBOUNDS,1,3.5,OVER,GOBLIN,1,0,3.5,0,0,goblin,2026-02-24T21:10:00.000-05:00,2026-02-24T03:50:29.295000+00:00
10087727|Anthony Black|AST|STANDARD|4|OVER,10087727,Anthony Black,ORL,AST,ASSISTS,1,4.0,OVER,STANDARD,1,0,4.0,0,0,standard,2026-02-24T22:40:00.000-05:00,2026-02-24T03:49:25.346000+00:00
10087727|Anthony Black|AST|STANDARD|4|UNDER,10087727,Anthony Black,ORL,AST,ASSISTS,1,4.0,UNDER,STANDARD,0,1,4.0,0,0,standard,2026-02-24T22:40:00.000-05:00,2026-02-24T03:49:25.346000+00:00
10077517|Jalen Suggs|RA|DEMON|11.5|OVER,10077517,Jalen Suggs,ORL,RA,REBS+ASTS,1,11.5,OVER,DEMON,1,0,11.5,0,0,demon,2026-02-24T22:40:00.000-05:00,2026-02-24T03:49:17.979000+00:00
10086724|Julius Randle|FG3M|STANDARD|1.5|OVER,10086724,Julius Randle,MIN,FG3M,3-PT MADE,1,1.5,OVER,STANDARD,1,0,1.5,0,0,standard,2026-02-24T22:10:00.000-05:00,2026-02-24T03:48:43.507000+00:00
10086724|Julius Randle|FG3M|STANDARD|1.5|UNDER,10086724,Julius Randle,MIN,FG3M,3-PT MADE,1,1.5,UNDER,STANDARD,0,1,1.5,0,0,standard,2026-02-24T22:10:00.000-05:00,2026-02-24T03:48:43.507000+00:00
10086753|Julius Randle|REB|STANDARD|7|OVER,10086753,Julius Randle,MIN,REB,REBOUNDS,1,7.0,OVER,STANDARD,1,0,7.0,0,0,standard,2026-02-24T22:10:00.000-05:00,2026-02-24T03:47:59.101000+00:00
10086753|Julius Randle|REB|STANDARD|7|UNDER,10086753,Julius Randle,MIN,REB,REBOUNDS,1,7.0,UNDER,STANDARD,0,1,7.0,0,0,standard,2026-02-24T22:10:00.000-05:00,2026-02-24T03:47:59.101000+00:00
10086513|Donovan Clingan|BS|GOBLIN|1.5|OVER,10086513,Donovan Clingan,POR,BS,BLKS+STLS,1,1.5,OVER,GOBLIN,1,0,1.5,0,0,goblin,2026-02-24T22:10:00.000-05:00,2026-02-24T03:47:18.856000+00:00
10077424|Deandre Ayton|REB|DEMON|9.5|OVER,10077424,Deandre Ayton,LAL,REB,REBOUNDS,1,9.5,OVER,DEMON,1,0,9.5,0,0,demon,2026-02-24T22:40:00.000-05:00,2026-02-24T03:45:31.593000+00:00
10086594|Jaden McDaniels|AST|GOBLIN|2.5|OVER,10086594,Jaden McDaniels,MIN,AST,ASSISTS,1,2.5,OVER,GOBLIN,1,0,2.5,0,0,goblin,2026-02-24T22:10:00.000-05:00,2026-02-24T03:45:31.277000+00:00
10086464|Anthony Edwards|RA|DEMON|9.5|OVER,10086464,Anthony Edwards,MIN,RA,REBS+ASTS,1,9.5,OVER,DEMON,1,0,9.5,0,0,demon,2026-02-24T22:10:00.000-05:00,2026-02-24T03:42:38.974000+00:00
10087724|Austin Reaves|AST|STANDARD|4|OVER,10087724,Austin Reaves,LAL,AST,ASSISTS,1,4.0,OVER,STANDARD,1,0,4.0,0,0,standard,2026-02-24T22:40:00.000-05:00,2026-02-24T03:38:25.340000+00:00
10087724|Austin Reaves|AST|STANDARD|4|UNDER,10087724,Austin Reaves,LAL,AST,ASSISTS,1,4.0,UNDER,STANDARD,0,1,4.0,0,0,standard,2026-02-24T22:40:00.000-05:00,2026-02-24T03:38:25.340000+00:00
10086599|Jaden McDaniels|BLOCKED SHOTS|GOBLIN|0.5|OVER,10086599,Jaden McDaniels,MIN,BLOCKED SHOTS,BLOCKED SHOTS,0,0.5,OVER,GOBLIN,1,0,0.5,0,0,goblin,2026-02-24T22:10:00.000-05:00,2026-02-24T03:34:48.123000+00:00
10065729|LeBron James|PTS|GOBLIN|14.5|OVER,10065729,LeBron James,LAL,PTS,POINTS,1,14.5,OVER,GOBLIN,1,0,14.5,0,0,goblin,2026-02-24T22:40:00.000-05:00,2026-02-24T03:34:44.406000+00:00
10087728|Paolo Banchero|AST|STANDARD|5|OVER,10087728,Paolo Banchero,ORL,AST,ASSISTS,1,5.0,OVER,STANDARD,1,0,5.0,0,0,standard,2026-02-24T22:40:00.000-05:00,2026-02-24T03:32:47.547000+00:00
10087728|Paolo Banchero|AST|STANDARD|5|UNDER,10087728,Paolo Banchero,ORL,AST,ASSISTS,1,5.0,UNDER,STANDARD,0,1,5.0,0,0,standard,2026-02-24T22:40:00.000-05:00,2026-02-24T03:32:47.547000+00:00
10068021|Desmond Bane|PA|DEMON|34.5|OVER,10068021,Desmond Bane,ORL,PA,PTS+ASTS,1,34.5,OVER,DEMON,1,0,34.5,0,0,demon,2026-02-24T22:40:00.000-05:00,2026-02-24T03:32:01.430000+00:00
10084746|Anthony Black|BS|DEMON|2.5|OVER,10084746,Anthony Black,ORL,BS,BLKS+STLS,1,2.5,OVER,DEMON,1,0,2.5,0,0,demon,2026-02-24T22:40:00.000-05:00,2026-02-24T03:31:09.151000+00:00
10087513|LeBron James|DUNKS|STANDARD|1|OVER,10087513,LeBron James,LAL,DUNKS,DUNKS,0,1.0,OVER,STANDARD,1,0,1.0,0,0,standard,2026-02-24T22:40:00.000-05:00,2026-02-24T03:28:27.465000+00:00
10087513|LeBron James|DUNKS|STANDARD|1|UNDER,10087513,LeBron James,LAL,DUNKS,DUNKS,0,1.0,UNDER,STANDARD,0,1,1.0,0,0,standard,2026-02-24T22:40:00.000-05:00,2026-02-24T03:28:27.465000+00:00
10087510|Anthony Edwards|DUNKS|STANDARD|0.5|OVER,10087510,Anthony Edwards,MIN,DUNKS,DUNKS,0,0.5,OVER,STANDARD,1,0,0.5,0,0,standard,2026-02-24T22:10:00.000-05:00,2026-02-24T03:28:27.459000+00:00
10087510|Anthony Edwards|DUNKS|STANDARD|0.5|UNDER,10087510,Anthony Edwards,MIN,DUNKS,DUNKS,0,0.5,UNDER,STANDARD,0,1,0.5,0,0,standard,2026-02-24T22:10:00.000-05:00,2026-02-24T03:28:27.459000+00:00
10087725|Luka Dončić|AST|STANDARD|8|OVER,10087725,Luka Dončić,LAL,AST,ASSISTS,1,8.0,OVER,STANDARD,1,0,8.0,0,0,standard,2026-02-24T22:40:00.000-05:00,2026-02-24T03:26:59.229000+00:00
10087725|Luka Dončić|AST|STANDARD|8|UNDER,10087725,Luka Dončić,LAL,AST,ASSISTS,1,8.0,UNDER,STANDARD,0,1,8.0,0,0,standard,2026-02-24T22:40:00.000-05:00,2026-02-24T03:26:59.229000+00:00
10086722|Julius Randle|FG3M|DEMON|2.5|OVER,10086722,Julius Randle,MIN,FG3M,3-PT MADE,1,2.5,OVER,DEMON,1,0,2.5,0,0,demon,2026-02-24T22:10:00.000-05:00,2026-02-24T03:26:39.745000+00:00
10077626|Marcus Smart|REB|GOBLIN|1.5|OVER,10077626,Marcus Smart,LAL,REB,REBOUNDS,1,1.5,OVER,GOBLIN,1,0,1.5,0,0,goblin,2026-02-24T22:40:00.000-05:00,2026-02-24T03:25:34.040000+00:00
10077557|Luka Dončić|STL|GOBLIN|0.5|OVER,10077557,Luka Dončić,LAL,STL,STEALS,1,0.5,OVER,GOBLIN,1,0,0.5,0,0,goblin,2026-02-24T22:40:00.000-05:00,2026-02-24T03:22:42.025000+00:00
10086615|Jaden McDaniels|PRA|GOBLIN|19.5|OVER,10086615,Jaden McDaniels,MIN,PRA,PTS+REBS+ASTS,1,19.5,OVER,GOBLIN,1,0,19.5,0,0,goblin,2026-02-24T22:10:00.000-05:00,2026-02-24T03:21:49.004000+00:00
10086803|Naz Reid|FG3M|GOBLIN|1.5|OVER,10086803,Naz Reid,MIN,FG3M,3-PT MADE,1,1.5,OVER,GOBLIN,1,0,1.5,0,0,goblin,2026-02-24T22:10:00.000-05:00,2026-02-24T03:21:38.252000+00:00
10087026|Toumani Camara|REB|DEMON|6.5|OVER,10087026,Toumani Camara,POR,REB,REBOUNDS,1,6.5,OVER,DEMON,1,0,6.5,0,0,demon,2026-02-24T22:10:00.000-05:00,2026-02-24T03:18:07.694000+00:00
10086679|Jrue Holiday|FG3M|GOBLIN|1.5|OVER,10086679,Jrue Holiday,POR,FG3M,3-PT MADE,1,1.5,OVER,GOBLIN,1,0,1.5,0,0,goblin,2026-02-24T22:10:00.000-05:00,2026-02-24T03:18:07.684000+00:00
10086525|Donovan Clingan|PTS|DEMON|19.5|OVER,10086525,Donovan Clingan,POR,PTS,POINTS,1,19.5,OVER,DEMON,1,0,19.5,0,0,demon,2026-02-24T22:10:00.000-05:00,2026-02-24T03:16:04.806000+00:00
10086535|Donovan Clingan|REB|GOBLIN|10.5|OVER,10086535,Donovan Clingan,POR,REB,REBOUNDS,1,10.5,OVER,GOBLIN,1,0,10.5,0,0,goblin,2026-02-24T22:10:00.000-05:00,2026-02-24T03:15:37.724000+00:00
10086688|Jrue Holiday|AST|DEMON|6.5|OVER,10086688,Jrue Holiday,POR,AST,ASSISTS,1,6.5,OVER,DEMON,1,0,6.5,0,0,demon,2026-02-24T22:10:00.000-05:00,2026-02-24T03:15:19.716000+00:00
10087058|Vít Krejčí|PTS|DEMON|9.5|OVER,10087058,Vít Krejčí,POR,PTS,POINTS,1,9.5,OVER,DEMON,1,0,9.5,0,0,demon,2026-02-24T22:10:00.000-05:00,2026-02-24T03:14:37.761000+00:00
10086826|Naz Reid|PRA|DEMON|24.5|OVER,10086826,Naz Reid,MIN,PRA,PTS+REBS+ASTS,1,24.5,OVER,DEMON,1,0,24.5,0,0,demon,2026-02-24T22:10:00.000-05:00,2026-02-24T03:14:24.802000+00:00
10086558|Donte DiVincenzo|BS|GOBLIN|1.5|OVER,10086558,Donte DiVincenzo,MIN,BS,BLKS+STLS,1,1.5,OVER,GOBLIN,1,0,1.5,0,0,goblin,2026-02-24T22:10:00.000-05:00,2026-02-24T03:13:54.040000+00:00
10077425|Deandre Ayton|REB|DEMON|10.5|OVER,10077425,Deandre Ayton,LAL,REB,REBOUNDS,1,10.5,OVER,DEMON,1,0,10.5,0,0,demon,2026-02-24T22:40:00.000-05:00,2026-02-24T03:13:09.436000+00:00
10086665|Jerami Grant|REB|GOBLIN|2.5|OVER,10086665,Jerami Grant,POR,REB,REBOUNDS,1,2.5,OVER,GOBLIN,1,0,2.5,0,0,goblin,2026-02-24T22:10:00.000-05:00,2026-02-24T03:12:58.254000+00:00
10087511|Julius Randle|DUNKS|STANDARD|0.5|OVER,10087511,Julius Randle,MIN,DUNKS,DUNKS,0,0.5,OVER,STANDARD,1,0,0.5,0,0,standard,2026-02-24T22:10:00.000-05:00,2026-02-24T03:12:52.101000+00:00
10087511|Julius Randle|DUNKS|STANDARD|0.5|UNDER,10087511,Julius Randle,MIN,DUNKS,DUNKS,0,0.5,UNDER,STANDARD,0,1,0.5,0,0,standard,2026-02-24T22:10:00.000-05:00,2026-02-24T03:12:52.101000+00:00
10086639|Jerami Grant|FG3M|DEMON|4.5|OVER,10086639,Jerami Grant,POR,FG3M,3-PT MADE,1,4.5,OVER,DEMON,1,0,4.5,0,0,demon,2026-02-24T22:10:00.000-05:00,2026-02-24T03:12:47.111000+00:00
10086516|Donovan Clingan|BLOCKED SHOTS|DEMON|1.5|OVER,10086516,Donovan Clingan,POR,BLOCKED SHOTS,BLOCKED SHOTS,0,1.5,OVER,DEMON,1,0,1.5,0,0,demon,2026-02-24T22:10:00.000-05:00,2026-02-24T03:11:43.423000+00:00
10086681|Jrue Holiday|FG3M|DEMON|2.5|OVER,10086681,Jrue Holiday,POR,FG3M,3-PT MADE,1,2.5,OVER,DEMON,1,0,2.5,0,0,demon,2026-02-24T22:10:00.000-05:00,2026-02-24T03:09:57.175000+00:00
10086428|Anthony Edwards|FG3M|DEMON|4.5|OVER,10086428,Anthony Edwards,MIN,FG3M,3-PT MADE,1,4.5,OVER,DEMON,1,0,4.5,0,0,demon,2026-02-24T22:10:00.000-05:00,2026-02-24T03:07:57.746000+00:00
10086696|Jrue Holiday|PTS|GOBLIN|14.5|OVER,10086696,Jrue Holiday,POR,PTS,POINTS,1,14.5,OVER,GOBLIN,1,0,14.5,0,0,goblin,2026-02-24T22:10:00.000-05:00,2026-02-24T03:07:45.717000+00:00
10086548|Donte DiVincenzo|FG3M|GOBLIN|1.5|OVER,10086548,Donte DiVincenzo,MIN,FG3M,3-PT MADE,1,1.5,OVER,GOBLIN,1,0,1.5,0,0,goblin,2026-02-24T22:10:00.000-05:00,2026-02-24T03:07:35.777000+00:00
10086995|Toumani Camara|FG3M|GOBLIN|1.5|OVER,10086995,Toumani Camara,POR,FG3M,3-PT MADE,1,1.5,OVER,GOBLIN,1,0,1.5,0,0,goblin,2026-02-24T22:10:00.000-05:00,2026-02-24T03:07:35.768000+00:00
10086621|Jaden McDaniels|REB|GOBLIN|3.5|OVER,10086621,Jaden McDaniels,MIN,REB,REBOUNDS,1,3.5,OVER,GOBLIN,1,0,3.5,0,0,goblin,2026-02-24T22:10:00.000-05:00,2026-02-24T03:07:35.759000+00:00
10086505|Donovan Clingan|FG3M|GOBLIN|0.5|OVER,10086505,Donovan Clingan,POR,FG3M,3-PT MADE,1,0.5,OVER,GOBLIN,1,0,0.5,0,0,goblin,2026-02-24T22:10:00.000-05:00,2026-02-24T03:07:35.745000+00:00
10086909|Rudy Gobert|REB|DEMON|16.5|OVER,10086909,Rudy Gobert,MIN,REB,REBOUNDS,1,16.5,OVER,DEMON,1,0,16.5,0,0,demon,2026-02-24T22:10:00.000-05:00,2026-02-24T03:07:23.445000+00:00
10086459|Anthony Edwards|REB|DEMON|7.5|OVER,10086459,Anthony Edwards,MIN,REB,REBOUNDS,1,7.5,OVER,DEMON,1,0,7.5,0,0,demon,2026-02-24T22:10:00.000-05:00,2026-02-24T03:07:19.517000+00:00
10086625|Jaden McDaniels|REB|DEMON|6.5|OVER,10086625,Jaden McDaniels,MIN,REB,REBOUNDS,1,6.5,OVER,DEMON,1,0,6.5,0,0,demon,2026-02-24T22:10:00.000-05:00,2026-02-24T03:07:19.498000+00:00
10086463|Anthony Edwards|RA|DEMON|11.5|OVER,10086463,Anthony Edwards,MIN,RA,REBS+ASTS,1,11.5,OVER,DEMON,1,0,11.5,0,0,demon,2026-02-24T22:10:00.000-05:00,2026-02-24T03:06:29.227000+00:00
10077440|Desmond Bane|BLOCKED SHOTS|DEMON|0.5|OVER,10077440,Desmond Bane,ORL,BLOCKED SHOTS,BLOCKED SHOTS,0,0.5,OVER,DEMON,1,0,0.5,0,0,demon,2026-02-24T22:40:00.000-05:00,2026-02-24T03:06:02.946000+00:00
10073927|Anthony Black|PTS|GOBLIN|14.5|OVER,10073927,Anthony Black,ORL,PTS,POINTS,1,14.5,OVER,GOBLIN,1,0,14.5,0,0,goblin,2026-02-24T22:40:00.000-05:00,2026-02-24T03:05:06.681000+00:00
10086818|Naz Reid|PTS|DEMON|14.5|OVER,10086818,Naz Reid,MIN,PTS,POINTS,1,14.5,OVER,DEMON,1,0,14.5,0,0,demon,2026-02-24T22:10:00.000-05:00,2026-02-24T03:03:57.154000+00:00
10086484|Ayo Dosunmu|PTS|GOBLIN|9.5|OVER,10086484,Ayo Dosunmu,MIN,PTS,POINTS,1,9.5,OVER,GOBLIN,1,0,9.5,0,0,goblin,2026-02-24T22:10:00.000-05:00,2026-02-24T03:03:17.598000+00:00
10086506|Donovan Clingan|FG3M|DEMON|1.5|OVER,10086506,Donovan Clingan,POR,FG3M,3-PT MADE,1,1.5,OVER,DEMON,1,0,1.5,0,0,demon,2026-02-24T22:10:00.000-05:00,2026-02-24T03:01:50.952000+00:00
10086908|Rudy Gobert|REB|DEMON|14.5|OVER,10086908,Rudy Gobert,MIN,REB,REBOUNDS,1,14.5,OVER,DEMON,1,0,14.5,0,0,demon,2026-02-24T22:10:00.000-05:00,2026-02-24T03:01:25.472000+00:00
10087014|Toumani Camara|PTS|DEMON|14.5|OVER,10087014,Toumani Camara,POR,PTS,POINTS,1,14.5,OVER,DEMON,1,0,14.5,0,0,demon,2026-02-24T22:10:00.000-05:00,2026-02-24T02:59:51.840000+00:00
10086831|Naz Reid|REB|DEMON|7.5|OVER,10086831,Naz Reid,MIN,REB,REBOUNDS,1,7.5,OVER,DEMON,1,0,7.5,0,0,demon,2026-02-24T22:10:00.000-05:00,2026-02-24T02:59:51.831000+00:00
10087512|Paolo Banchero|DUNKS|STANDARD|0.5|OVER,10087512,Paolo Banchero,ORL,DUNKS,DUNKS,0,0.5,OVER,STANDARD,1,0,0.5,0,0,standard,2026-02-24T22:40:00.000-05:00,2026-02-24T02:59:29.487000+00:00
10087512|Paolo Banchero|DUNKS|STANDARD|0.5|UNDER,10087512,Paolo Banchero,ORL,DUNKS,DUNKS,0,0.5,UNDER,STANDARD,0,1,0.5,0,0,standard,2026-02-24T22:40:00.000-05:00,2026-02-24T02:59:29.487000+00:00
10086684|Jrue Holiday|AST|GOBLIN|4.5|OVER,10086684,Jrue Holiday,POR,AST,ASSISTS,1,4.5,OVER,GOBLIN,1,0,4.5,0,0,goblin,2026-02-24T22:10:00.000-05:00,2026-02-24T02:58:19.318000+00:00
10086894|Rudy Gobert|PTS|DEMON|14.5|OVER,10086894,Rudy Gobert,MIN,PTS,POINTS,1,14.5,OVER,DEMON,1,0,14.5,0,0,demon,2026-02-24T22:10:00.000-05:00,2026-02-24T02:57:49.662000+00:00
10087509|Jaden McDaniels|DUNKS|STANDARD|0.5|OVER,10087509,Jaden McDaniels,MIN,DUNKS,DUNKS,0,0.5,OVER,STANDARD,1,0,0.5,0,0,standard,2026-02-24T22:10:00.000-05:00,2026-02-24T02:56:49.682000+00:00
10087509|Jaden McDaniels|DUNKS|STANDARD|0.5|UNDER,10087509,Jaden McDaniels,MIN,DUNKS,DUNKS,0,0.5,UNDER,STANDARD,0,1,0.5,0,0,standard,2026-02-24T22:10:00.000-05:00,2026-02-24T02:56:49.682000+00:00
10086456|Anthony Edwards|REB|GOBLIN|4.5|OVER,10086456,Anthony Edwards,MIN,REB,REBOUNDS,1,4.5,OVER,GOBLIN,1,0,4.5,0,0,goblin,2026-02-24T22:10:00.000-05:00,2026-02-24T02:54:27.932000+00:00
10086804|Naz Reid|FG3M|DEMON|2.5|OVER,10086804,Naz Reid,MIN,FG3M,3-PT MADE,1,2.5,OVER,DEMON,1,0,2.5,0,0,demon,2026-02-24T22:10:00.000-05:00,2026-02-24T02:48:10.725000+00:00
10086446|Anthony Edwards|PTS|DEMON|34.5|OVER,10086446,Anthony Edwards,MIN,PTS,POINTS,1,34.5,OVER,DEMON,1,0,34.5,0,0,demon,2026-02-24T22:10:00.000-05:00,2026-02-24T02:45:26.829000+00:00
10086486|Ayo Dosunmu|PTS|STANDARD|12.5|OVER,10086486,Ayo Dosunmu,MIN,PTS,POINTS,1,12.5,OVER,STANDARD,1,0,12.5,0,0,standard,2026-02-24T22:10:00.000-05:00,2026-02-24T02:41:59.886000+00:00
10086486|Ayo Dosunmu|PTS|STANDARD|12.5|UNDER,10086486,Ayo Dosunmu,MIN,PTS,POINTS,1,12.5,UNDER,STANDARD,0,1,12.5,0,0,standard,2026-02-24T22:10:00.000-05:00,2026-02-24T02:41:59.886000+00:00
10086829|Naz Reid|REB|GOBLIN|5.5|OVER,10086829,Naz Reid,MIN,REB,REBOUNDS,1,5.5,OVER,GOBLIN,1,0,5.5,0,0,goblin,2026-02-24T22:10:00.000-05:00,2026-02-24T02:41:50.908000+00:00
10067100|Anthony Black|PTS|GOBLIN|11.5|OVER,10067100,Anthony Black,ORL,PTS,POINTS,1,11.5,OVER,GOBLIN,1,0,11.5,0,0,goblin,2026-02-24T22:40:00.000-05:00,2026-02-24T02:38:31.414000+00:00
10067105|Paolo Banchero|PTS|GOBLIN|17.5|OVER,10067105,Paolo Banchero,ORL,PTS,POINTS,1,17.5,OVER,GOBLIN,1,0,17.5,0,0,goblin,2026-02-24T22:40:00.000-05:00,2026-02-24T02:38:31.405000+00:00
10086892|Rudy Gobert|PTS|GOBLIN|9.5|OVER,10086892,Rudy Gobert,MIN,PTS,POINTS,1,9.5,OVER,GOBLIN,1,0,9.5,0,0,goblin,2026-02-24T22:10:00.000-05:00,2026-02-24T02:37:26.522000+00:00
10086578|Donte DiVincenzo|REB|GOBLIN|2.5|OVER,10086578,Donte DiVincenzo,MIN,REB,REBOUNDS,1,2.5,OVER,GOBLIN,1,0,2.5,0,0,goblin,2026-02-24T22:10:00.000-05:00,2026-02-24T02:37:26.507000+00:00
10086622|Jaden McDaniels|REB|GOBLIN|2.5|OVER,10086622,Jaden McDaniels,MIN,REB,REBOUNDS,1,2.5,OVER,GOBLIN,1,0,2.5,0,0,goblin,2026-02-24T22:10:00.000-05:00,2026-02-24T02:36:29.641000+00:00
10086427|Anthony Edwards|FG3M|GOBLIN|2.5|OVER,10086427,Anthony Edwards,MIN,FG3M,3-PT MADE,1,2.5,OVER,GOBLIN,1,0,2.5,0,0,goblin,2026-02-24T22:10:00.000-05:00,2026-02-24T02:33:47.766000+00:00
10086507|Donovan Clingan|FG3M|DEMON|2.5|OVER,10086507,Donovan Clingan,POR,FG3M,3-PT MADE,1,2.5,OVER,DEMON,1,0,2.5,0,0,demon,2026-02-24T22:10:00.000-05:00,2026-02-24T02:32:51.488000+00:00
10067090|Austin Reaves|PTS|GOBLIN|17.5|OVER,10067090,Austin Reaves,LAL,PTS,POINTS,1,17.5,OVER,GOBLIN,1,0,17.5,0,0,goblin,2026-02-24T22:40:00.000-05:00,2026-02-24T02:32:31.087000+00:00
10086893|Rudy Gobert|PTS|STANDARD|11.5|OVER,10086893,Rudy Gobert,MIN,PTS,POINTS,1,11.5,OVER,STANDARD,1,0,11.5,0,0,standard,2026-02-24T22:10:00.000-05:00,2026-02-24T02:29:32.370000+00:00
10086893|Rudy Gobert|PTS|STANDARD|11.5|UNDER,10086893,Rudy Gobert,MIN,PTS,POINTS,1,11.5,UNDER,STANDARD,0,1,11.5,0,0,standard,2026-02-24T22:10:00.000-05:00,2026-02-24T02:29:32.370000+00:00
10086442|Anthony Edwards|PTS|GOBLIN|24.5|OVER,10086442,Anthony Edwards,MIN,PTS,POINTS,1,24.5,OVER,GOBLIN,1,0,24.5,0,0,goblin,2026-02-24T22:10:00.000-05:00,2026-02-24T02:25:17.825000+00:00
10086739|Julius Randle|PTS|STANDARD|20.5|OVER,10086739,Julius Randle,MIN,PTS,POINTS,1,20.5,OVER,STANDARD,1,0,20.5,0,0,standard,2026-02-24T22:10:00.000-05:00,2026-02-24T02:21:56.138000+00:00
10086739|Julius Randle|PTS|STANDARD|20.5|UNDER,10086739,Julius Randle,MIN,PTS,POINTS,1,20.5,UNDER,STANDARD,0,1,20.5,0,0,standard,2026-02-24T22:10:00.000-05:00,2026-02-24T02:21:56.138000+00:00
10087004|Toumani Camara|BS|DEMON|1.5|OVER,10087004,Toumani Camara,POR,BS,BLKS+STLS,1,1.5,OVER,DEMON,1,0,1.5,0,0,demon,2026-02-24T22:10:00.000-05:00,2026-02-24T02:20:52.914000+00:00
10086731|Julius Randle|BLOCKED SHOTS|DEMON|0.5|OVER,10086731,Julius Randle,MIN,BLOCKED SHOTS,BLOCKED SHOTS,0,0.5,OVER,DEMON,1,0,0.5,0,0,demon,2026-02-24T22:10:00.000-05:00,2026-02-24T02:19:12.954000+00:00
10086550|Donte DiVincenzo|FG3M|DEMON|3.5|OVER,10086550,Donte DiVincenzo,MIN,FG3M,3-PT MADE,1,3.5,OVER,DEMON,1,0,3.5,0,0,demon,2026-02-24T22:10:00.000-05:00,2026-02-24T02:19:12.946000+00:00
10077520|Jalen Suggs|STL|DEMON|2.5|OVER,10077520,Jalen Suggs,ORL,STL,STEALS,1,2.5,OVER,DEMON,1,0,2.5,0,0,demon,2026-02-24T22:40:00.000-05:00,2026-02-24T02:17:38.150000+00:00
10077470|Jake LaRavia|REB|DEMON|3.5|OVER,10077470,Jake LaRavia,LAL,REB,REBOUNDS,1,3.5,OVER,DEMON,1,0,3.5,0,0,demon,2026-02-24T22:40:00.000-05:00,2026-02-24T02:17:38.135000+00:00
10087034|Toumani Camara|STL|DEMON|1.5|OVER,10087034,Toumani Camara,POR,STL,STEALS,1,1.5,OVER,DEMON,1,0,1.5,0,0,demon,2026-02-24T22:10:00.000-05:00,2026-02-24T02:12:11.060000+00:00
10087012|Toumani Camara|PTS|DEMON|17.5|OVER,10087012,Toumani Camara,POR,PTS,POINTS,1,17.5,OVER,DEMON,1,0,17.5,0,0,demon,2026-02-24T22:10:00.000-05:00,2026-02-24T02:12:07.854000+00:00
10087003|Toumani Camara|AST|DEMON|4.5|OVER,10087003,Toumani Camara,POR,AST,ASSISTS,1,4.5,OVER,DEMON,1,0,4.5,0,0,demon,2026-02-24T22:10:00.000-05:00,2026-02-24T02:12:06.030000+00:00
10087001|Toumani Camara|AST|DEMON|3.5|OVER,10087001,Toumani Camara,POR,AST,ASSISTS,1,3.5,OVER,DEMON,1,0,3.5,0,0,demon,2026-02-24T22:10:00.000-05:00,2026-02-24T02:12:05.814000+00:00
10086916|Rudy Gobert|STL|DEMON|2.5|OVER,10086916,Rudy Gobert,MIN,STL,STEALS,1,2.5,OVER,DEMON,1,0,2.5,0,0,demon,2026-02-24T22:10:00.000-05:00,2026-02-24T02:11:50.772000+00:00
10086830|Naz Reid|REB|DEMON|8.5|OVER,10086830,Naz Reid,MIN,REB,REBOUNDS,1,8.5,OVER,DEMON,1,0,8.5,0,0,demon,2026-02-24T22:10:00.000-05:00,2026-02-24T02:11:36.996000+00:00
10086808|Naz Reid|AST|DEMON|4.5|OVER,10086808,Naz Reid,MIN,AST,ASSISTS,1,4.5,OVER,DEMON,1,0,4.5,0,0,demon,2026-02-24T22:10:00.000-05:00,2026-02-24T02:11:33.228000+00:00
10086687|Jrue Holiday|AST|DEMON|8.5|OVER,10086687,Jrue Holiday,POR,AST,ASSISTS,1,8.5,OVER,DEMON,1,0,8.5,0,0,demon,2026-02-24T22:10:00.000-05:00,2026-02-24T02:11:13.108000+00:00
10086669|Jerami Grant|REB|DEMON|6.5|OVER,10086669,Jerami Grant,POR,REB,REBOUNDS,1,6.5,OVER,DEMON,1,0,6.5,0,0,demon,2026-02-24T22:10:00.000-05:00,2026-02-24T02:11:10.155000+00:00
10086588|Donte DiVincenzo|STL|DEMON|3.5|OVER,10086588,Donte DiVincenzo,MIN,STL,STEALS,1,3.5,OVER,DEMON,1,0,3.5,0,0,demon,2026-02-24T22:10:00.000-05:00,2026-02-24T02:10:55.927000+00:00
10086557|Donte DiVincenzo|AST|DEMON|7.5|OVER,10086557,Donte DiVincenzo,MIN,AST,ASSISTS,1,7.5,OVER,DEMON,1,0,7.5,0,0,demon,2026-02-24T22:10:00.000-05:00,2026-02-24T02:10:50.810000+00:00
10086495|Ayo Dosunmu|REB|DEMON|4.5|OVER,10086495,Ayo Dosunmu,MIN,REB,REBOUNDS,1,4.5,OVER,DEMON,1,0,4.5,0,0,demon,2026-02-24T22:10:00.000-05:00,2026-02-24T02:10:40.861000+00:00
10086476|Ayo Dosunmu|AST|DEMON|5.5|OVER,10086476,Ayo Dosunmu,MIN,AST,ASSISTS,1,5.5,OVER,DEMON,1,0,5.5,0,0,demon,2026-02-24T22:10:00.000-05:00,2026-02-24T02:10:37.440000+00:00
10086470|Ayo Dosunmu|FG3M|DEMON|3.5|OVER,10086470,Ayo Dosunmu,MIN,FG3M,3-PT MADE,1,3.5,OVER,DEMON,1,0,3.5,0,0,demon,2026-02-24T22:10:00.000-05:00,2026-02-24T02:10:36.589000+00:00
10077620|Marcus Smart|PRA|STANDARD|11.5|OVER,10077620,Marcus Smart,LAL,PRA,PTS+REBS+ASTS,1,11.5,OVER,STANDARD,1,0,11.5,0,0,standard,2026-02-24T22:40:00.000-05:00,2026-02-24T02:08:41.743000+00:00
10077620|Marcus Smart|PRA|STANDARD|11.5|UNDER,10077620,Marcus Smart,LAL,PRA,PTS+REBS+ASTS,1,11.5,UNDER,STANDARD,0,1,11.5,0,0,standard,2026-02-24T22:40:00.000-05:00,2026-02-24T02:08:41.743000+00:00
10077718|Wendell Carter|REB|DEMON|9.5|OVER,10077718,Wendell Carter,ORL,REB,REBOUNDS,1,9.5,OVER,DEMON,1,0,9.5,0,0,demon,2026-02-24T22:40:00.000-05:00,2026-02-24T01:46:26.768000+00:00
10083716|Jake LaRavia|FG3M|DEMON|1.5|OVER,10083716,Jake LaRavia,LAL,FG3M,3-PT MADE,1,1.5,OVER,DEMON,1,0,1.5,0,0,demon,2026-02-24T22:40:00.000-05:00,2026-02-24T01:44:19.640000+00:00
10085624|Austin Reaves|STL|DEMON|2.5|OVER,10085624,Austin Reaves,LAL,STL,STEALS,1,2.5,OVER,DEMON,1,0,2.5,0,0,demon,2026-02-24T22:40:00.000-05:00,2026-02-24T01:38:07.476000+00:00
10083718|Jake LaRavia|BS|DEMON|1.5|OVER,10083718,Jake LaRavia,LAL,BS,BLKS+STLS,1,1.5,OVER,DEMON,1,0,1.5,0,0,demon,2026-02-24T22:40:00.000-05:00,2026-02-24T01:37:08.473000+00:00
10077439|Desmond Bane|BS|GOBLIN|1.5|OVER,10077439,Desmond Bane,ORL,BS,BLKS+STLS,1,1.5,OVER,GOBLIN,1,0,1.5,0,0,goblin,2026-02-24T22:40:00.000-05:00,2026-02-24T01:23:06.669000+00:00
10068016|Austin Reaves|PR|GOBLIN|24.5|OVER,10068016,Austin Reaves,LAL,PR,PTS+REBS,1,24.5,OVER,GOBLIN,1,0,24.5,0,0,goblin,2026-02-24T22:40:00.000-05:00,2026-02-24T01:01:29.523000+00:00
10077596|Luke Kennard|STL|DEMON|0.5|OVER,10077596,Luke Kennard,LAL,STL,STEALS,1,0.5,OVER,DEMON,1,0,0.5,0,0,demon,2026-02-24T22:40:00.000-05:00,2026-02-24T01:00:02.444000+00:00
10077633|Marcus Smart|STL|GOBLIN|0.5|OVER,10077633,Marcus Smart,LAL,STL,STEALS,1,0.5,OVER,GOBLIN,1,0,0.5,0,0,goblin,2026-02-24T22:40:00.000-05:00,2026-02-24T00:52:00.037000+00:00
10083702|Oso Ighodaro|PTS|DEMON|9.5|OVER,10083702,Oso Ighodaro,PHX,PTS,POINTS,1,9.5,OVER,DEMON,1,0,9.5,0,0,demon,2026-02-24T21:10:00.000-05:00,2026-02-24T00:49:55.808000+00:00
10083719|Jake LaRavia|PTS|DEMON|9.5|OVER,10083719,Jake LaRavia,LAL,PTS,POINTS,1,9.5,OVER,DEMON,1,0,9.5,0,0,demon,2026-02-24T22:40:00.000-05:00,2026-02-24T00:49:39.759000+00:00
10065766|Paolo Banchero|PR|STANDARD|29.5|OVER,10065766,Paolo Banchero,ORL,PR,PTS+REBS,1,29.5,OVER,STANDARD,1,0,29.5,0,0,standard,2026-02-24T22:40:00.000-05:00,2026-02-24T00:46:47.754000+00:00
10065766|Paolo Banchero|PR|STANDARD|29.5|UNDER,10065766,Paolo Banchero,ORL,PR,PTS+REBS,1,29.5,UNDER,STANDARD,0,1,29.5,0,0,standard,2026-02-24T22:40:00.000-05:00,2026-02-24T00:46:47.754000+00:00
10065877|Mark Williams|PTS|STANDARD|10.5|OVER,10065877,Mark Williams,PHX,PTS,POINTS,1,10.5,OVER,STANDARD,1,0,10.5,0,0,standard,2026-02-24T21:10:00.000-05:00,2026-02-24T00:42:54.682000+00:00
10065877|Mark Williams|PTS|STANDARD|10.5|UNDER,10065877,Mark Williams,PHX,PTS,POINTS,1,10.5,UNDER,STANDARD,0,1,10.5,0,0,standard,2026-02-24T21:10:00.000-05:00,2026-02-24T00:42:54.682000+00:00
10083729|Wendell Carter|REB|GOBLIN|5.5|OVER,10083729,Wendell Carter,ORL,REB,REBOUNDS,1,5.5,OVER,GOBLIN,1,0,5.5,0,0,goblin,2026-02-24T22:40:00.000-05:00,2026-02-24T00:42:51.302000+00:00
10077453|Desmond Bane|STL|DEMON|2.5|OVER,10077453,Desmond Bane,ORL,STL,STEALS,1,2.5,OVER,DEMON,1,0,2.5,0,0,demon,2026-02-24T22:40:00.000-05:00,2026-02-24T00:38:30.371000+00:00
10071872|Mark Williams|AST|DEMON|2.5|OVER,10071872,Mark Williams,PHX,AST,ASSISTS,1,2.5,OVER,DEMON,1,0,2.5,0,0,demon,2026-02-24T21:10:00.000-05:00,2026-02-24T00:35:23.213000+00:00
10071946|Royce O'Neale|AST|DEMON|4.5|OVER,10071946,Royce O'Neale,PHX,AST,ASSISTS,1,4.5,OVER,DEMON,1,0,4.5,0,0,demon,2026-02-24T21:10:00.000-05:00,2026-02-24T00:35:23.196000+00:00
10071947|Royce O'Neale|AST|GOBLIN|2.5|OVER,10071947,Royce O'Neale,PHX,AST,ASSISTS,1,2.5,OVER,GOBLIN,1,0,2.5,0,0,goblin,2026-02-24T21:10:00.000-05:00,2026-02-24T00:35:23.174000+00:00
10071952|Royce O'Neale|REB|DEMON|7.5|OVER,10071952,Royce O'Neale,PHX,REB,REBOUNDS,1,7.5,OVER,DEMON,1,0,7.5,0,0,demon,2026-02-24T21:10:00.000-05:00,2026-02-24T00:35:22.806000+00:00
10071951|Royce O'Neale|REB|DEMON|6.5|OVER,10071951,Royce O'Neale,PHX,REB,REBOUNDS,1,6.5,OVER,DEMON,1,0,6.5,0,0,demon,2026-02-24T21:10:00.000-05:00,2026-02-24T00:35:22.694000+00:00
10071953|Royce O'Neale|REB|GOBLIN|3.5|OVER,10071953,Royce O'Neale,PHX,REB,REBOUNDS,1,3.5,OVER,GOBLIN,1,0,3.5,0,0,goblin,2026-02-24T21:10:00.000-05:00,2026-02-24T00:35:22.674000+00:00
10071932|Oso Ighodaro|REB|DEMON|7.5|OVER,10071932,Oso Ighodaro,PHX,REB,REBOUNDS,1,7.5,OVER,DEMON,1,0,7.5,0,0,demon,2026-02-24T21:10:00.000-05:00,2026-02-24T00:35:22.670000+00:00
10071727|Royce O'Neale|BLOCKED SHOTS|DEMON|0.5|OVER,10071727,Royce O'Neale,PHX,BLOCKED SHOTS,BLOCKED SHOTS,0,0.5,OVER,DEMON,1,0,0.5,0,0,demon,2026-02-24T21:10:00.000-05:00,2026-02-24T00:35:07.908000+00:00
10071706|Oso Ighodaro|BLOCKED SHOTS|DEMON|0.5|OVER,10071706,Oso Ighodaro,PHX,BLOCKED SHOTS,BLOCKED SHOTS,0,0.5,OVER,DEMON,1,0,0.5,0,0,demon,2026-02-24T21:10:00.000-05:00,2026-02-24T00:35:07.872000+00:00
10071641|Jalen Green|STL|GOBLIN|0.5|OVER,10071641,Jalen Green,PHX,STL,STEALS,1,0.5,OVER,GOBLIN,1,0,0.5,0,0,goblin,2026-02-24T21:10:00.000-05:00,2026-02-24T00:35:07.855000+00:00
10071659|Mark Williams|BS|DEMON|1.5|OVER,10071659,Mark Williams,PHX,BS,BLKS+STLS,1,1.5,OVER,DEMON,1,0,1.5,0,0,demon,2026-02-24T21:10:00.000-05:00,2026-02-24T00:35:07.833000+00:00
10071726|Royce O'Neale|BS|DEMON|1.5|OVER,10071726,Royce O'Neale,PHX,BS,BLKS+STLS,1,1.5,OVER,DEMON,1,0,1.5,0,0,demon,2026-02-24T21:10:00.000-05:00,2026-02-24T00:35:07.770000+00:00
10071725|Royce O'Neale|AST|DEMON|3.5|OVER,10071725,Royce O'Neale,PHX,AST,ASSISTS,1,3.5,OVER,DEMON,1,0,3.5,0,0,demon,2026-02-24T21:10:00.000-05:00,2026-02-24T00:35:07.709000+00:00
10071705|Oso Ighodaro|BS|DEMON|1.5|OVER,10071705,Oso Ighodaro,PHX,BS,BLKS+STLS,1,1.5,OVER,DEMON,1,0,1.5,0,0,demon,2026-02-24T21:10:00.000-05:00,2026-02-24T00:35:07.511000+00:00
10069256|Collin Gillespie|AST|DEMON|6.5|OVER,10069256,Collin Gillespie,PHX,AST,ASSISTS,1,6.5,OVER,DEMON,1,0,6.5,0,0,demon,2026-02-24T21:10:00.000-05:00,2026-02-24T00:34:23.948000+00:00
10069269|Jalen Green|AST|DEMON|4.5|OVER,10069269,Jalen Green,PHX,AST,ASSISTS,1,4.5,OVER,DEMON,1,0,4.5,0,0,demon,2026-02-24T21:10:00.000-05:00,2026-02-24T00:34:23.933000+00:00
10069270|Jalen Green|AST|GOBLIN|2.5|OVER,10069270,Jalen Green,PHX,AST,ASSISTS,1,2.5,OVER,GOBLIN,1,0,2.5,0,0,goblin,2026-02-24T21:10:00.000-05:00,2026-02-24T00:34:23.913000+00:00
10069203|Jalen Green|REB|DEMON|4.5|OVER,10069203,Jalen Green,PHX,REB,REBOUNDS,1,4.5,OVER,DEMON,1,0,4.5,0,0,demon,2026-02-24T21:10:00.000-05:00,2026-02-24T00:34:21.457000+00:00
10069202|Jalen Green|REB|GOBLIN|2.5|OVER,10069202,Jalen Green,PHX,REB,REBOUNDS,1,2.5,OVER,GOBLIN,1,0,2.5,0,0,goblin,2026-02-24T21:10:00.000-05:00,2026-02-24T00:34:21.360000+00:00
10069207|Mark Williams|REB|GOBLIN|6.5|OVER,10069207,Mark Williams,PHX,REB,REBOUNDS,1,6.5,OVER,GOBLIN,1,0,6.5,0,0,goblin,2026-02-24T21:10:00.000-05:00,2026-02-24T00:34:21.356000+00:00
10069208|Mark Williams|REB|DEMON|8.5|OVER,10069208,Mark Williams,PHX,REB,REBOUNDS,1,8.5,OVER,DEMON,1,0,8.5,0,0,demon,2026-02-24T21:10:00.000-05:00,2026-02-24T00:34:21.317000+00:00
10069200|Collin Gillespie|REB|DEMON|6.5|OVER,10069200,Collin Gillespie,PHX,REB,REBOUNDS,1,6.5,OVER,DEMON,1,0,6.5,0,0,demon,2026-02-24T21:10:00.000-05:00,2026-02-24T00:34:21.293000+00:00
10071597|Collin Gillespie|PTS|DEMON|17.5|OVER,10071597,Collin Gillespie,PHX,PTS,POINTS,1,17.5,OVER,DEMON,1,0,17.5,0,0,demon,2026-02-24T21:10:00.000-05:00,2026-02-24T00:34:21.208000+00:00
10069201|Jalen Green|PTS|GOBLIN|17.5|OVER,10069201,Jalen Green,PHX,PTS,POINTS,1,17.5,OVER,GOBLIN,1,0,17.5,0,0,goblin,2026-02-24T21:10:00.000-05:00,2026-02-24T00:34:21.206000+00:00
10077671|Rui Hachimura|PTS|GOBLIN|7.5|OVER,10077671,Rui Hachimura,LAL,PTS,POINTS,1,7.5,OVER,GOBLIN,1,0,7.5,0,0,goblin,2026-02-24T22:40:00.000-05:00,2026-02-24T00:32:14.401000+00:00
10065697|Austin Reaves|PA|STANDARD|26|OVER,10065697,Austin Reaves,LAL,PA,PTS+ASTS,1,26.0,OVER,STANDARD,1,0,26.0,0,0,standard,2026-02-24T22:40:00.000-05:00,2026-02-24T00:30:42.370000+00:00
10065697|Austin Reaves|PA|STANDARD|26|UNDER,10065697,Austin Reaves,LAL,PA,PTS+ASTS,1,26.0,UNDER,STANDARD,0,1,26.0,0,0,standard,2026-02-24T22:40:00.000-05:00,2026-02-24T00:30:42.370000+00:00
10077702|Wendell Carter|BLOCKED SHOTS|DEMON|0.5|OVER,10077702,Wendell Carter,ORL,BLOCKED SHOTS,BLOCKED SHOTS,0,0.5,OVER,DEMON,1,0,0.5,0,0,demon,2026-02-24T22:40:00.000-05:00,2026-02-24T00:21:35.571000+00:00
10077511|Jalen Suggs|REB|GOBLIN|2.5|OVER,10077511,Jalen Suggs,ORL,REB,REBOUNDS,1,2.5,OVER,GOBLIN,1,0,2.5,0,0,goblin,2026-02-24T22:40:00.000-05:00,2026-02-24T00:20:21.476000+00:00
10065929|Jalen Green|FG3M|DEMON|5.5|OVER,10065929,Jalen Green,PHX,FG3M,3-PT MADE,1,5.5,OVER,DEMON,1,0,5.5,0,0,demon,2026-02-24T21:10:00.000-05:00,2026-02-24T00:17:51.860000+00:00
10065814|Collin Gillespie|PTS|DEMON|24.5|OVER,10065814,Collin Gillespie,PHX,PTS,POINTS,1,24.5,OVER,DEMON,1,0,24.5,0,0,demon,2026-02-24T21:10:00.000-05:00,2026-02-24T00:17:51.820000+00:00
10065883|Mark Williams|REB|GOBLIN|5.5|OVER,10065883,Mark Williams,PHX,REB,REBOUNDS,1,5.5,OVER,GOBLIN,1,0,5.5,0,0,goblin,2026-02-24T21:10:00.000-05:00,2026-02-24T00:17:51.819000+00:00
10065878|Mark Williams|PTS|GOBLIN|9.5|OVER,10065878,Mark Williams,PHX,PTS,POINTS,1,9.5,OVER,GOBLIN,1,0,9.5,0,0,goblin,2026-02-24T21:10:00.000-05:00,2026-02-24T00:17:51.761000+00:00
10065847|Jalen Green|PTS|DEMON|29.5|OVER,10065847,Jalen Green,PHX,PTS,POINTS,1,29.5,OVER,DEMON,1,0,29.5,0,0,demon,2026-02-24T21:10:00.000-05:00,2026-02-24T00:17:51.749000+00:00
10065849|Jalen Green|PTS|GOBLIN|14.5|OVER,10065849,Jalen Green,PHX,PTS,POINTS,1,14.5,OVER,GOBLIN,1,0,14.5,0,0,goblin,2026-02-24T21:10:00.000-05:00,2026-02-24T00:17:51.704000+00:00
10083727|Marcus Smart|PTS|GOBLIN|4.5|OVER,10083727,Marcus Smart,LAL,PTS,POINTS,1,4.5,OVER,GOBLIN,1,0,4.5,0,0,goblin,2026-02-24T22:40:00.000-05:00,2026-02-24T00:15:23.117000+00:00
10083715|Deandre Ayton|REB|GOBLIN|5.5|OVER,10083715,Deandre Ayton,LAL,REB,REBOUNDS,1,5.5,OVER,GOBLIN,1,0,5.5,0,0,goblin,2026-02-24T22:40:00.000-05:00,2026-02-24T00:11:51.075000+00:00
10077403|Deandre Ayton|BLOCKED SHOTS|DEMON|1.5|OVER,10077403,Deandre Ayton,LAL,BLOCKED SHOTS,BLOCKED SHOTS,0,1.5,OVER,DEMON,1,0,1.5,0,0,demon,2026-02-24T22:40:00.000-05:00,2026-02-24T00:08:29.796000+00:00
10083724|Jake LaRavia|REB|DEMON|5.5|OVER,10083724,Jake LaRavia,LAL,REB,REBOUNDS,1,5.5,OVER,DEMON,1,0,5.5,0,0,demon,2026-02-24T22:40:00.000-05:00,2026-02-24T00:02:55.156000+00:00
10083373|Jalen Suggs|FG3M|DEMON|2.5|OVER,10083373,Jalen Suggs,ORL,FG3M,3-PT MADE,1,2.5,OVER,DEMON,1,0,2.5,0,0,demon,2026-02-24T22:40:00.000-05:00,2026-02-24T00:01:06.556000+00:00
10083372|Deandre Ayton|BLOCKED SHOTS|DEMON|2.5|OVER,10083372,Deandre Ayton,LAL,BLOCKED SHOTS,BLOCKED SHOTS,0,2.5,OVER,DEMON,1,0,2.5,0,0,demon,2026-02-24T22:40:00.000-05:00,2026-02-23T23:54:37.019000+00:00
10079610|Jalen Suggs|BS|DEMON|2.5|OVER,10079610,Jalen Suggs,ORL,BS,BLKS+STLS,1,2.5,OVER,DEMON,1,0,2.5,0,0,demon,2026-02-24T22:40:00.000-05:00,2026-02-23T23:37:52.329000+00:00
10065812|Collin Gillespie|AST|GOBLIN|3.5|OVER,10065812,Collin Gillespie,PHX,AST,ASSISTS,1,3.5,OVER,GOBLIN,1,0,3.5,0,0,goblin,2026-02-24T21:10:00.000-05:00,2026-02-23T23:34:32.668000+00:00
10065846|Jalen Green|PTS|DEMON|24.5|OVER,10065846,Jalen Green,PHX,PTS,POINTS,1,24.5,OVER,DEMON,1,0,24.5,0,0,demon,2026-02-24T21:10:00.000-05:00,2026-02-23T23:33:43.609000+00:00
10065850|Jalen Green|PA|STANDARD|24|OVER,10065850,Jalen Green,PHX,PA,PTS+ASTS,1,24.0,OVER,STANDARD,1,0,24.0,0,0,standard,2026-02-24T21:10:00.000-05:00,2026-02-23T23:33:21.304000+00:00
10065850|Jalen Green|PA|STANDARD|24|UNDER,10065850,Jalen Green,PHX,PA,PTS+ASTS,1,24.0,UNDER,STANDARD,0,1,24.0,0,0,standard,2026-02-24T21:10:00.000-05:00,2026-02-23T23:33:21.304000+00:00
10077602|Marcus Smart|FG3M|DEMON|1.5|OVER,10077602,Marcus Smart,LAL,FG3M,3-PT MADE,1,1.5,OVER,DEMON,1,0,1.5,0,0,demon,2026-02-24T22:40:00.000-05:00,2026-02-23T23:29:46.417000+00:00
10077659|Rui Hachimura|FG3M|DEMON|2.5|OVER,10077659,Rui Hachimura,LAL,FG3M,3-PT MADE,1,2.5,OVER,DEMON,1,0,2.5,0,0,demon,2026-02-24T22:40:00.000-05:00,2026-02-23T23:21:50.477000+00:00
10077606|Marcus Smart|AST|DEMON|2.5|OVER,10077606,Marcus Smart,LAL,AST,ASSISTS,1,2.5,OVER,DEMON,1,0,2.5,0,0,demon,2026-02-24T22:40:00.000-05:00,2026-02-23T23:19:23.242000+00:00
10077426|Deandre Ayton|REB|DEMON|8.5|OVER,10077426,Deandre Ayton,LAL,REB,REBOUNDS,1,8.5,OVER,DEMON,1,0,8.5,0,0,demon,2026-02-24T22:40:00.000-05:00,2026-02-23T23:05:52.611000+00:00
10077380|Anthony Black|STL|GOBLIN|0.5|OVER,10077380,Anthony Black,ORL,STL,STEALS,1,0.5,OVER,GOBLIN,1,0,0.5,0,0,goblin,2026-02-24T22:40:00.000-05:00,2026-02-23T23:05:35.301000+00:00
10079608|Anthony Black|FG3M|GOBLIN|1.5|OVER,10079608,Anthony Black,ORL,FG3M,3-PT MADE,1,1.5,OVER,GOBLIN,1,0,1.5,0,0,goblin,2026-02-24T22:40:00.000-05:00,2026-02-23T22:39:03.293000+00:00
10077411|Deandre Ayton|PTS|DEMON|11.5|OVER,10077411,Deandre Ayton,LAL,PTS,POINTS,1,11.5,OVER,DEMON,1,0,11.5,0,0,demon,2026-02-24T22:40:00.000-05:00,2026-02-23T22:37:30.507000+00:00
10077672|Rui Hachimura|PTS|DEMON|11.5|OVER,10077672,Rui Hachimura,LAL,PTS,POINTS,1,11.5,OVER,DEMON,1,0,11.5,0,0,demon,2026-02-24T22:40:00.000-05:00,2026-02-23T22:37:30.497000+00:00
10077410|Deandre Ayton|PTS|GOBLIN|7.5|OVER,10077410,Deandre Ayton,LAL,PTS,POINTS,1,7.5,OVER,GOBLIN,1,0,7.5,0,0,goblin,2026-02-24T22:40:00.000-05:00,2026-02-23T22:36:02.723000+00:00
10077608|Marcus Smart|BS|DEMON|1.5|OVER,10077608,Marcus Smart,LAL,BS,BLKS+STLS,1,1.5,OVER,DEMON,1,0,1.5,0,0,demon,2026-02-24T22:40:00.000-05:00,2026-02-23T22:34:28.763000+00:00
10077685|Rui Hachimura|REB|DEMON|4.5|OVER,10077685,Rui Hachimura,LAL,REB,REBOUNDS,1,4.5,OVER,DEMON,1,0,4.5,0,0,demon,2026-02-24T22:40:00.000-05:00,2026-02-23T22:33:49.710000+00:00
10077657|Rui Hachimura|FG3M|GOBLIN|0.5|OVER,10077657,Rui Hachimura,LAL,FG3M,3-PT MADE,1,0.5,OVER,GOBLIN,1,0,0.5,0,0,goblin,2026-02-24T22:40:00.000-05:00,2026-02-23T22:33:44.848000+00:00
10077512|Jalen Suggs|REB|DEMON|4.5|OVER,10077512,Jalen Suggs,ORL,REB,REBOUNDS,1,4.5,OVER,DEMON,1,0,4.5,0,0,demon,2026-02-24T22:40:00.000-05:00,2026-02-23T22:24:04.345000+00:00
10077638|Paolo Banchero|BLOCKED SHOTS|DEMON|0.5|OVER,10077638,Paolo Banchero,ORL,BLOCKED SHOTS,BLOCKED SHOTS,0,0.5,OVER,DEMON,1,0,0.5,0,0,demon,2026-02-24T22:40:00.000-05:00,2026-02-23T22:21:07.884000+00:00
10077708|Wendell Carter|PTS|DEMON|11.5|OVER,10077708,Wendell Carter,ORL,PTS,POINTS,1,11.5,OVER,DEMON,1,0,11.5,0,0,demon,2026-02-24T22:40:00.000-05:00,2026-02-23T22:20:31.487000+00:00
10077696|Wendell Carter|FG3M|DEMON|1.5|OVER,10077696,Wendell Carter,ORL,FG3M,3-PT MADE,1,1.5,OVER,DEMON,1,0,1.5,0,0,demon,2026-02-24T22:40:00.000-05:00,2026-02-23T22:19:21.736000+00:00
10077381|Anthony Black|STL|DEMON|2.5|OVER,10077381,Anthony Black,ORL,STL,STEALS,1,2.5,OVER,DEMON,1,0,2.5,0,0,demon,2026-02-24T22:40:00.000-05:00,2026-02-23T22:14:42.425000+00:00
10077397|Austin Reaves|STL|GOBLIN|0.5|OVER,10077397,Austin Reaves,LAL,STL,STEALS,1,0.5,OVER,GOBLIN,1,0,0.5,0,0,goblin,2026-02-24T22:40:00.000-05:00,2026-02-23T22:13:06.676000+00:00
10077658|Rui Hachimura|FG3M|DEMON|1.5|OVER,10077658,Rui Hachimura,LAL,FG3M,3-PT MADE,1,1.5,OVER,DEMON,1,0,1.5,0,0,demon,2026-02-24T22:40:00.000-05:00,2026-02-23T22:12:21.924000+00:00
10077589|Luke Kennard|REB|DEMON|2.5|OVER,10077589,Luke Kennard,LAL,REB,REBOUNDS,1,2.5,OVER,DEMON,1,0,2.5,0,0,demon,2026-02-24T22:40:00.000-05:00,2026-02-23T22:12:13.312000+00:00
10077630|Marcus Smart|RA|DEMON|4.5|OVER,10077630,Marcus Smart,LAL,RA,REBS+ASTS,1,4.5,OVER,DEMON,1,0,4.5,0,0,demon,2026-02-24T22:40:00.000-05:00,2026-02-23T22:11:44.893000+00:00
10077487|Jalen Suggs|AST|DEMON|7.5|OVER,10077487,Jalen Suggs,ORL,AST,ASSISTS,1,7.5,OVER,DEMON,1,0,7.5,0,0,demon,2026-02-24T22:40:00.000-05:00,2026-02-23T22:11:16.488000+00:00
10077607|Marcus Smart|AST|DEMON|3.5|OVER,10077607,Marcus Smart,LAL,AST,ASSISTS,1,3.5,OVER,DEMON,1,0,3.5,0,0,demon,2026-02-24T22:40:00.000-05:00,2026-02-23T22:11:16.475000+00:00
10077699|Wendell Carter|AST|DEMON|2.5|OVER,10077699,Wendell Carter,ORL,AST,ASSISTS,1,2.5,OVER,DEMON,1,0,2.5,0,0,demon,2026-02-24T22:40:00.000-05:00,2026-02-23T22:07:08.241000+00:00
10077454|Desmond Bane|STL|DEMON|1.5|OVER,10077454,Desmond Bane,ORL,STL,STEALS,1,1.5,OVER,DEMON,1,0,1.5,0,0,demon,2026-02-24T22:40:00.000-05:00,2026-02-23T22:00:01.677000+00:00
10077720|Wendell Carter|REB|DEMON|10.5|OVER,10077720,Wendell Carter,ORL,REB,REBOUNDS,1,10.5,OVER,DEMON,1,0,10.5,0,0,demon,2026-02-24T22:40:00.000-05:00,2026-02-23T21:59:47.533000+00:00
10077482|Jalen Suggs|FG3M|GOBLIN|1.5|OVER,10077482,Jalen Suggs,ORL,FG3M,3-PT MADE,1,1.5,OVER,GOBLIN,1,0,1.5,0,0,goblin,2026-02-24T22:40:00.000-05:00,2026-02-23T21:55:37.978000+00:00
10077536|LeBron James|STL|GOBLIN|0.5|OVER,10077536,LeBron James,LAL,STL,STEALS,1,0.5,OVER,GOBLIN,1,0,0.5,0,0,goblin,2026-02-24T22:40:00.000-05:00,2026-02-23T21:50:10.463000+00:00
10077615|Marcus Smart|PTS|GOBLIN|5.5|OVER,10077615,Marcus Smart,LAL,PTS,POINTS,1,5.5,OVER,GOBLIN,1,0,5.5,0,0,goblin,2026-02-24T22:40:00.000-05:00,2026-02-23T21:43:45.459000+00:00
10077486|Jalen Suggs|AST|GOBLIN|4.5|OVER,10077486,Jalen Suggs,ORL,AST,ASSISTS,1,4.5,OVER,GOBLIN,1,0,4.5,0,0,goblin,2026-02-24T22:40:00.000-05:00,2026-02-23T21:42:55.133000+00:00
10073729|Austin Reaves|RA|GOBLIN|7.5|OVER,10073729,Austin Reaves,LAL,RA,REBS+ASTS,1,7.5,OVER,GOBLIN,1,0,7.5,0,0,goblin,2026-02-24T22:40:00.000-05:00,2026-02-23T21:42:32.145000+00:00
10077576|Luke Kennard|PTS|GOBLIN|4.5|OVER,10077576,Luke Kennard,LAL,PTS,POINTS,1,4.5,OVER,GOBLIN,1,0,4.5,0,0,goblin,2026-02-24T22:40:00.000-05:00,2026-02-23T21:40:50.255000+00:00
10077717|Wendell Carter|REB|GOBLIN|6.5|OVER,10077717,Wendell Carter,ORL,REB,REBOUNDS,1,6.5,OVER,GOBLIN,1,0,6.5,0,0,goblin,2026-02-24T22:40:00.000-05:00,2026-02-23T21:38:45.247000+00:00
10077488|Jalen Suggs|AST|DEMON|6.5|OVER,10077488,Jalen Suggs,ORL,AST,ASSISTS,1,6.5,OVER,DEMON,1,0,6.5,0,0,demon,2026-02-24T22:40:00.000-05:00,2026-02-23T21:37:52.017000+00:00
10077422|Deandre Ayton|REB|GOBLIN|6.5|OVER,10077422,Deandre Ayton,LAL,REB,REBOUNDS,1,6.5,OVER,GOBLIN,1,0,6.5,0,0,goblin,2026-02-24T22:40:00.000-05:00,2026-02-23T21:37:40.251000+00:00
10077719|Wendell Carter|REB|DEMON|8.5|OVER,10077719,Wendell Carter,ORL,REB,REBOUNDS,1,8.5,OVER,DEMON,1,0,8.5,0,0,demon,2026-02-24T22:40:00.000-05:00,2026-02-23T21:37:39.553000+00:00
10077562|Luke Kennard|FG3M|GOBLIN|0.5|OVER,10077562,Luke Kennard,LAL,FG3M,3-PT MADE,1,0.5,OVER,GOBLIN,1,0,0.5,0,0,goblin,2026-02-24T22:40:00.000-05:00,2026-02-23T21:36:07.288000+00:00
10077627|Marcus Smart|REB|DEMON|2.5|OVER,10077627,Marcus Smart,LAL,REB,REBOUNDS,1,2.5,OVER,DEMON,1,0,2.5,0,0,demon,2026-02-24T22:40:00.000-05:00,2026-02-23T21:36:07.281000+00:00
10067853|Luka Dončić|REB|DEMON|8.5|OVER,10067853,Luka Dončić,LAL,REB,REBOUNDS,1,8.5,OVER,DEMON,1,0,8.5,0,0,demon,2026-02-24T22:40:00.000-05:00,2026-02-23T21:34:23.820000+00:00
10077601|Marcus Smart|FG3M|GOBLIN|0.5|OVER,10077601,Marcus Smart,LAL,FG3M,3-PT MADE,1,0.5,OVER,GOBLIN,1,0,0.5,0,0,goblin,2026-02-24T22:40:00.000-05:00,2026-02-23T21:33:41.718000+00:00
10077563|Luke Kennard|FG3M|DEMON|1.5|OVER,10077563,Luke Kennard,LAL,FG3M,3-PT MADE,1,1.5,OVER,DEMON,1,0,1.5,0,0,demon,2026-02-24T22:40:00.000-05:00,2026-02-23T21:29:34.547000+00:00
10077398|Austin Reaves|STL|DEMON|1.5|OVER,10077398,Austin Reaves,LAL,STL,STEALS,1,1.5,OVER,DEMON,1,0,1.5,0,0,demon,2026-02-24T22:40:00.000-05:00,2026-02-23T21:29:31.427000+00:00
10077510|Jalen Suggs|REB|STANDARD|3.5|OVER,10077510,Jalen Suggs,ORL,REB,REBOUNDS,1,3.5,OVER,STANDARD,1,0,3.5,0,0,standard,2026-02-24T22:40:00.000-05:00,2026-02-23T21:28:43.921000+00:00
10077510|Jalen Suggs|REB|STANDARD|3.5|UNDER,10077510,Jalen Suggs,ORL,REB,REBOUNDS,1,3.5,UNDER,STANDARD,0,1,3.5,0,0,standard,2026-02-24T22:40:00.000-05:00,2026-02-23T21:28:43.921000+00:00
10077386|Austin Reaves|AST|GOBLIN|2.5|OVER,10077386,Austin Reaves,LAL,AST,ASSISTS,1,2.5,OVER,GOBLIN,1,0,2.5,0,0,goblin,2026-02-24T22:40:00.000-05:00,2026-02-23T21:28:43.577000+00:00
10068000|Anthony Black|PA|DEMON|24.5|OVER,10068000,Anthony Black,ORL,PA,PTS+ASTS,1,24.5,OVER,DEMON,1,0,24.5,0,0,demon,2026-02-24T22:40:00.000-05:00,2026-02-23T21:21:20.159000+00:00
10077728|Wendell Carter|STL|DEMON|2.5|OVER,10077728,Wendell Carter,ORL,STL,STEALS,1,2.5,OVER,DEMON,1,0,2.5,0,0,demon,2026-02-24T22:40:00.000-05:00,2026-02-23T21:21:10.439000+00:00
10077727|Wendell Carter|STL|DEMON|1.5|OVER,10077727,Wendell Carter,ORL,STL,STEALS,1,1.5,OVER,DEMON,1,0,1.5,0,0,demon,2026-02-24T22:40:00.000-05:00,2026-02-23T21:21:10.364000+00:00
10077663|Rui Hachimura|BLOCKED SHOTS|DEMON|0.5|OVER,10077663,Rui Hachimura,LAL,BLOCKED SHOTS,BLOCKED SHOTS,0,0.5,OVER,DEMON,1,0,0.5,0,0,demon,2026-02-24T22:40:00.000-05:00,2026-02-23T21:21:01.529000+00:00
10077652|Paolo Banchero|STL|DEMON|1.5|OVER,10077652,Paolo Banchero,ORL,STL,STEALS,1,1.5,OVER,DEMON,1,0,1.5,0,0,demon,2026-02-24T22:40:00.000-05:00,2026-02-23T21:20:59.797000+00:00
10077538|LeBron James|STL|DEMON|2.5|OVER,10077538,LeBron James,LAL,STL,STEALS,1,2.5,OVER,DEMON,1,0,2.5,0,0,demon,2026-02-24T22:40:00.000-05:00,2026-02-23T21:20:44.454000+00:00
10073727|Austin Reaves|RA|DEMON|11.5|OVER,10073727,Austin Reaves,LAL,RA,REBS+ASTS,1,11.5,OVER,DEMON,1,0,11.5,0,0,demon,2026-02-24T22:40:00.000-05:00,2026-02-23T21:19:04.845000+00:00
10065730|LeBron James|PA|STANDARD|25.5|OVER,10065730,LeBron James,LAL,PA,PTS+ASTS,1,25.5,OVER,STANDARD,1,0,25.5,0,0,standard,2026-02-24T22:40:00.000-05:00,2026-02-23T21:17:13.981000+00:00
10065730|LeBron James|PA|STANDARD|25.5|UNDER,10065730,LeBron James,LAL,PA,PTS+ASTS,1,25.5,UNDER,STANDARD,0,1,25.5,0,0,standard,2026-02-24T22:40:00.000-05:00,2026-02-23T21:17:13.981000+00:00
10069594|Anthony Black|RA|DEMON|11.5|OVER,10069594,Anthony Black,ORL,RA,REBS+ASTS,1,11.5,OVER,DEMON,1,0,11.5,0,0,demon,2026-02-24T22:40:00.000-05:00,2026-02-23T21:14:47.279000+00:00
10073738|Paolo Banchero|RA|GOBLIN|11.5|OVER,10073738,Paolo Banchero,ORL,RA,REBS+ASTS,1,11.5,OVER,GOBLIN,1,0,11.5,0,0,goblin,2026-02-24T22:40:00.000-05:00,2026-02-23T21:13:13.686000+00:00
10069595|Desmond Bane|RA|DEMON|9.5|OVER,10069595,Desmond Bane,ORL,RA,REBS+ASTS,1,9.5,OVER,DEMON,1,0,9.5,0,0,demon,2026-02-24T22:40:00.000-05:00,2026-02-23T21:13:13.685000+00:00
10069593|Anthony Black|RA|DEMON|9.5|OVER,10069593,Anthony Black,ORL,RA,REBS+ASTS,1,9.5,OVER,DEMON,1,0,9.5,0,0,demon,2026-02-24T22:40:00.000-05:00,2026-02-23T21:13:13.672000+00:00
10069601|Wendell Carter|PTS|DEMON|14.5|OVER,10069601,Wendell Carter,ORL,PTS,POINTS,1,14.5,OVER,DEMON,1,0,14.5,0,0,demon,2026-02-24T22:40:00.000-05:00,2026-02-23T21:13:11.676000+00:00
10065675|Anthony Black|FG3M|DEMON|3.5|OVER,10065675,Anthony Black,ORL,FG3M,3-PT MADE,1,3.5,OVER,DEMON,1,0,3.5,0,0,demon,2026-02-24T22:40:00.000-05:00,2026-02-23T21:12:24.423000+00:00
10067986|Austin Reaves|AST|DEMON|6.5|OVER,10067986,Austin Reaves,LAL,AST,ASSISTS,1,6.5,OVER,DEMON,1,0,6.5,0,0,demon,2026-02-24T22:40:00.000-05:00,2026-02-23T20:37:52.619000+00:00
10068033|LeBron James|PA|DEMON|34.5|OVER,10068033,LeBron James,LAL,PA,PTS+ASTS,1,34.5,OVER,DEMON,1,0,34.5,0,0,demon,2026-02-24T22:40:00.000-05:00,2026-02-23T19:57:19.267000+00:00
10065714|Desmond Bane|PR|STANDARD|24.5|OVER,10065714,Desmond Bane,ORL,PR,PTS+REBS,1,24.5,OVER,STANDARD,1,0,24.5,0,0,standard,2026-02-24T22:40:00.000-05:00,2026-02-23T19:52:07.522000+00:00
10065714|Desmond Bane|PR|STANDARD|24.5|UNDER,10065714,Desmond Bane,ORL,PR,PTS+REBS,1,24.5,UNDER,STANDARD,0,1,24.5,0,0,standard,2026-02-24T22:40:00.000-05:00,2026-02-23T19:52:07.522000+00:00
10068035|LeBron James|PR|DEMON|29.5|OVER,10068035,LeBron James,LAL,PR,PTS+REBS,1,29.5,OVER,DEMON,1,0,29.5,0,0,demon,2026-02-24T22:40:00.000-05:00,2026-02-23T19:40:22.013000+00:00
10065717|Desmond Bane|REB|DEMON|4.5|OVER,10065717,Desmond Bane,ORL,REB,REBOUNDS,1,4.5,OVER,DEMON,1,0,4.5,0,0,demon,2026-02-24T22:40:00.000-05:00,2026-02-23T19:23:12.965000+00:00
10073737|Paolo Banchero|REB|GOBLIN|5.5|OVER,10073737,Paolo Banchero,ORL,REB,REBOUNDS,1,5.5,OVER,GOBLIN,1,0,5.5,0,0,goblin,2026-02-24T22:40:00.000-05:00,2026-02-23T18:59:04.725000+00:00
10067987|Desmond Bane|AST|DEMON|4.5|OVER,10067987,Desmond Bane,ORL,AST,ASSISTS,1,4.5,OVER,DEMON,1,0,4.5,0,0,demon,2026-02-24T22:40:00.000-05:00,2026-02-23T18:55:40.227000+00:00
10068060|Paolo Banchero|PR|GOBLIN|24.5|OVER,10068060,Paolo Banchero,ORL,PR,PTS+REBS,1,24.5,OVER,GOBLIN,1,0,24.5,0,0,goblin,2026-02-24T22:40:00.000-05:00,2026-02-23T18:52:04.556000+00:00
10068006|Anthony Black|PRA|DEMON|29.5|OVER,10068006,Anthony Black,ORL,PRA,PTS+REBS+ASTS,1,29.5,OVER,DEMON,1,0,29.5,0,0,demon,2026-02-24T22:40:00.000-05:00,2026-02-23T18:31:38.899000+00:00
10065742|Luka Dončić|AST|DEMON|11.5|OVER,10065742,Luka Dončić,LAL,AST,ASSISTS,1,11.5,OVER,DEMON,1,0,11.5,0,0,demon,2026-02-24T22:40:00.000-05:00,2026-02-23T18:26:56.075000+00:00
10067851|LeBron James|REB|GOBLIN|4.5|OVER,10067851,LeBron James,LAL,REB,REBOUNDS,1,4.5,OVER,GOBLIN,1,0,4.5,0,0,goblin,2026-02-24T22:40:00.000-05:00,2026-02-23T18:25:11.156000+00:00
10065848|Jalen Green|PTS|STANDARD|20.5|OVER,10065848,Jalen Green,PHX,PTS,POINTS,1,20.5,OVER,STANDARD,1,0,20.5,0,0,standard,2026-02-24T21:10:00.000-05:00,2026-02-23T18:13:54.431000+00:00
10065848|Jalen Green|PTS|STANDARD|20.5|UNDER,10065848,Jalen Green,PHX,PTS,POINTS,1,20.5,UNDER,STANDARD,0,1,20.5,0,0,standard,2026-02-24T21:10:00.000-05:00,2026-02-23T18:13:54.431000+00:00
10067852|LeBron James|REB|DEMON|6.5|OVER,10067852,LeBron James,LAL,REB,REBOUNDS,1,6.5,OVER,DEMON,1,0,6.5,0,0,demon,2026-02-24T22:40:00.000-05:00,2026-02-23T18:10:20.217000+00:00
10067855|Paolo Banchero|REB|DEMON|10.5|OVER,10067855,Paolo Banchero,ORL,REB,REBOUNDS,1,10.5,OVER,DEMON,1,0,10.5,0,0,demon,2026-02-24T22:40:00.000-05:00,2026-02-23T18:07:27.639000+00:00
10067985|Anthony Black|AST|GOBLIN|2.5|OVER,10067985,Anthony Black,ORL,AST,ASSISTS,1,2.5,OVER,GOBLIN,1,0,2.5,0,0,goblin,2026-02-24T22:40:00.000-05:00,2026-02-23T17:46:45.775000+00:00
10067988|Desmond Bane|AST|GOBLIN|2.5|OVER,10067988,Desmond Bane,ORL,AST,ASSISTS,1,2.5,OVER,GOBLIN,1,0,2.5,0,0,goblin,2026-02-24T22:40:00.000-05:00,2026-02-23T17:46:45.710000+00:00
10067989|Paolo Banchero|AST|DEMON|6.5|OVER,10067989,Paolo Banchero,ORL,AST,ASSISTS,1,6.5,OVER,DEMON,1,0,6.5,0,0,demon,2026-02-24T22:40:00.000-05:00,2026-02-23T17:46:45.685000+00:00
10067990|Paolo Banchero|AST|GOBLIN|4.5|OVER,10067990,Paolo Banchero,ORL,AST,ASSISTS,1,4.5,OVER,GOBLIN,1,0,4.5,0,0,goblin,2026-02-24T22:40:00.000-05:00,2026-02-23T17:46:45.672000+00:00
10067854|Paolo Banchero|REB|GOBLIN|6.5|OVER,10067854,Paolo Banchero,ORL,REB,REBOUNDS,1,6.5,OVER,GOBLIN,1,0,6.5,0,0,goblin,2026-02-24T22:40:00.000-05:00,2026-02-23T17:46:45.312000+00:00
10067103|Anthony Black|REB|GOBLIN|2.5|OVER,10067103,Anthony Black,ORL,REB,REBOUNDS,1,2.5,OVER,GOBLIN,1,0,2.5,0,0,goblin,2026-02-24T22:40:00.000-05:00,2026-02-23T17:46:45.311000+00:00
10067849|Desmond Bane|REB|GOBLIN|2.5|OVER,10067849,Desmond Bane,ORL,REB,REBOUNDS,1,2.5,OVER,GOBLIN,1,0,2.5,0,0,goblin,2026-02-24T22:40:00.000-05:00,2026-02-23T17:46:45.265000+00:00
10067850|Desmond Bane|REB|DEMON|6.5|OVER,10067850,Desmond Bane,ORL,REB,REBOUNDS,1,6.5,OVER,DEMON,1,0,6.5,0,0,demon,2026-02-24T22:40:00.000-05:00,2026-02-23T17:46:45.239000+00:00
10068030|LeBron James|AST|DEMON|8.5|OVER,10068030,LeBron James,LAL,AST,ASSISTS,1,8.5,OVER,DEMON,1,0,8.5,0,0,demon,2026-02-24T22:40:00.000-05:00,2026-02-23T17:43:05.558000+00:00
10068042|Luka Dončić|AST|GOBLIN|6.5|OVER,10068042,Luka Dončić,LAL,AST,ASSISTS,1,6.5,OVER,GOBLIN,1,0,6.5,0,0,goblin,2026-02-24T22:40:00.000-05:00,2026-02-23T17:43:05.557000+00:00
10067848|Austin Reaves|REB|DEMON|6.5|OVER,10067848,Austin Reaves,LAL,REB,REBOUNDS,1,6.5,OVER,DEMON,1,0,6.5,0,0,demon,2026-02-24T22:40:00.000-05:00,2026-02-23T17:43:05.543000+00:00
10067099|Anthony Black|PTS|DEMON|17.5|OVER,10067099,Anthony Black,ORL,PTS,POINTS,1,17.5,OVER,DEMON,1,0,17.5,0,0,demon,2026-02-24T22:40:00.000-05:00,2026-02-23T17:39:35.380000+00:00
10067104|Desmond Bane|PTS|GOBLIN|17.5|OVER,10067104,Desmond Bane,ORL,PTS,POINTS,1,17.5,OVER,GOBLIN,1,0,17.5,0,0,goblin,2026-02-24T22:40:00.000-05:00,2026-02-23T17:39:35.378000+00:00
10068018|Austin Reaves|PRA|DEMON|39.5|OVER,10068018,Austin Reaves,LAL,PRA,PTS+REBS+ASTS,1,39.5,OVER,DEMON,1,0,39.5,0,0,demon,2026-02-24T22:40:00.000-05:00,2026-02-23T17:35:03.595000+00:00
10068012|Austin Reaves|PA|GOBLIN|24.5|OVER,10068012,Austin Reaves,LAL,PA,PTS+ASTS,1,24.5,OVER,GOBLIN,1,0,24.5,0,0,goblin,2026-02-24T22:40:00.000-05:00,2026-02-23T17:14:13.370000+00:00
10065759|Paolo Banchero|AST|DEMON|7.5|OVER,10065759,Paolo Banchero,ORL,AST,ASSISTS,1,7.5,OVER,DEMON,1,0,7.5,0,0,demon,2026-02-24T22:40:00.000-05:00,2026-02-23T16:43:12.683000+00:00
10068059|Paolo Banchero|PR|DEMON|39.5|OVER,10068059,Paolo Banchero,ORL,PR,PTS+REBS,1,39.5,OVER,DEMON,1,0,39.5,0,0,demon,2026-02-24T22:40:00.000-05:00,2026-02-23T16:35:07.511000+00:00
10068008|Anthony Black|PRA|DEMON|34.5|OVER,10068008,Anthony Black,ORL,PRA,PTS+REBS+ASTS,1,34.5,OVER,DEMON,1,0,34.5,0,0,demon,2026-02-24T22:40:00.000-05:00,2026-02-23T16:26:46.397000+00:00
10068010|Austin Reaves|PA|DEMON|29.5|OVER,10068010,Austin Reaves,LAL,PA,PTS+ASTS,1,29.5,OVER,DEMON,1,0,29.5,0,0,demon,2026-02-24T22:40:00.000-05:00,2026-02-23T16:02:11.975000+00:00
10068058|Paolo Banchero|PR|DEMON|34.5|OVER,10068058,Paolo Banchero,ORL,PR,PTS+REBS,1,34.5,OVER,DEMON,1,0,34.5,0,0,demon,2026-02-24T22:40:00.000-05:00,2026-02-23T15:57:21.338000+00:00
10068032|LeBron James|PA|DEMON|29.5|OVER,10068032,LeBron James,LAL,PA,PTS+ASTS,1,29.5,OVER,DEMON,1,0,29.5,0,0,demon,2026-02-24T22:40:00.000-05:00,2026-02-23T15:33:32.204000+00:00
10068024|Desmond Bane|PR|DEMON|34.5|OVER,10068024,Desmond Bane,ORL,PR,PTS+REBS,1,34.5,OVER,DEMON,1,0,34.5,0,0,demon,2026-02-24T22:40:00.000-05:00,2026-02-23T15:05:34.662000+00:00
10065686|Austin Reaves|FG3M|DEMON|3.5|OVER,10065686,Austin Reaves,LAL,FG3M,3-PT MADE,1,3.5,OVER,DEMON,1,0,3.5,0,0,demon,2026-02-24T22:40:00.000-05:00,2026-02-23T14:52:30.892000+00:00
10068009|Anthony Black|PRA|GOBLIN|19.5|OVER,10068009,Anthony Black,ORL,PRA,PTS+REBS+ASTS,1,19.5,OVER,GOBLIN,1,0,19.5,0,0,goblin,2026-02-24T22:40:00.000-05:00,2026-02-23T14:31:52.923000+00:00
10065708|Desmond Bane|AST|DEMON|5.5|OVER,10065708,Desmond Bane,ORL,AST,ASSISTS,1,5.5,OVER,DEMON,1,0,5.5,0,0,demon,2026-02-24T22:40:00.000-05:00,2026-02-23T14:29:35.783000+00:00
10065762|Paolo Banchero|PTS|DEMON|29.5|OVER,10065762,Paolo Banchero,ORL,PTS,POINTS,1,29.5,OVER,DEMON,1,0,29.5,0,0,demon,2026-02-24T22:40:00.000-05:00,2026-02-23T14:28:32.876000+00:00
10068055|Paolo Banchero|PA|DEMON|29.5|OVER,10068055,Paolo Banchero,ORL,PA,PTS+ASTS,1,29.5,OVER,DEMON,1,0,29.5,0,0,demon,2026-02-24T22:40:00.000-05:00,2026-02-23T14:21:50.591000+00:00
10068061|Paolo Banchero|PRA|DEMON|39.5|OVER,10068061,Paolo Banchero,ORL,PRA,PTS+REBS+ASTS,1,39.5,OVER,DEMON,1,0,39.5,0,0,demon,2026-02-24T22:40:00.000-05:00,2026-02-23T14:01:06.396000+00:00
10067089|Anthony Black|PTS|DEMON|24.5|OVER,10067089,Anthony Black,ORL,PTS,POINTS,1,24.5,OVER,DEMON,1,0,24.5,0,0,demon,2026-02-24T22:40:00.000-05:00,2026-02-23T13:57:12.907000+00:00
10065756|Paolo Banchero|FG3M|DEMON|2.5|OVER,10065756,Paolo Banchero,ORL,FG3M,3-PT MADE,1,2.5,OVER,DEMON,1,0,2.5,0,0,demon,2026-02-24T22:40:00.000-05:00,2026-02-23T13:57:12.888000+00:00
10068017|Austin Reaves|PRA|DEMON|34.5|OVER,10068017,Austin Reaves,LAL,PRA,PTS+REBS+ASTS,1,34.5,OVER,DEMON,1,0,34.5,0,0,demon,2026-02-24T22:40:00.000-05:00,2026-02-23T13:44:02.662000+00:00
10068039|LeBron James|PRA|DEMON|39.5|OVER,10068039,LeBron James,LAL,PRA,PTS+REBS+ASTS,1,39.5,OVER,DEMON,1,0,39.5,0,0,demon,2026-02-24T22:40:00.000-05:00,2026-02-23T13:38:59.958000+00:00
10068045|Luka Dončić|PA|GOBLIN|34.5|OVER,10068045,Luka Dončić,LAL,PA,PTS+ASTS,1,34.5,OVER,GOBLIN,1,0,34.5,0,0,goblin,2026-02-24T22:40:00.000-05:00,2026-02-23T13:18:39.070000+00:00
10068028|Desmond Bane|PRA|DEMON|39.5|OVER,10068028,Desmond Bane,ORL,PRA,PTS+REBS+ASTS,1,39.5,OVER,DEMON,1,0,39.5,0,0,demon,2026-02-24T22:40:00.000-05:00,2026-02-23T13:03:33.065000+00:00
10068041|LeBron James|PRA|GOBLIN|29.5|OVER,10068041,LeBron James,LAL,PRA,PTS+REBS+ASTS,1,29.5,OVER,GOBLIN,1,0,29.5,0,0,goblin,2026-02-24T22:40:00.000-05:00,2026-02-23T13:01:28.818000+00:00
10068053|Luka Dončić|PRA|DEMON|59.5|OVER,10068053,Luka Dončić,LAL,PRA,PTS+REBS+ASTS,1,59.5,OVER,DEMON,1,0,59.5,0,0,demon,2026-02-24T22:40:00.000-05:00,2026-02-23T12:40:17.629000+00:00
10068026|Desmond Bane|PRA|DEMON|34.5|OVER,10068026,Desmond Bane,ORL,PRA,PTS+REBS+ASTS,1,34.5,OVER,DEMON,1,0,34.5,0,0,demon,2026-02-24T22:40:00.000-05:00,2026-02-23T12:35:36.840000+00:00
10068044|Luka Dončić|PA|DEMON|49.5|OVER,10068044,Luka Dončić,LAL,PA,PTS+ASTS,1,49.5,OVER,DEMON,1,0,49.5,0,0,demon,2026-02-24T22:40:00.000-05:00,2026-02-23T12:33:00.232000+00:00
10068023|Desmond Bane|PR|DEMON|29.5|OVER,10068023,Desmond Bane,ORL,PR,PTS+REBS,1,29.5,OVER,DEMON,1,0,29.5,0,0,demon,2026-02-24T22:40:00.000-05:00,2026-02-23T12:28:19.717000+00:00
10068063|Paolo Banchero|PRA|GOBLIN|29.5|OVER,10068063,Paolo Banchero,ORL,PRA,PTS+REBS+ASTS,1,29.5,OVER,GOBLIN,1,0,29.5,0,0,goblin,2026-02-24T22:40:00.000-05:00,2026-02-23T12:22:03.812000+00:00
10068019|Austin Reaves|PRA|GOBLIN|24.5|OVER,10068019,Austin Reaves,LAL,PRA,PTS+REBS+ASTS,1,24.5,OVER,GOBLIN,1,0,24.5,0,0,goblin,2026-02-24T22:40:00.000-05:00,2026-02-23T12:13:02.927000+00:00
10068052|Luka Dončić|PRA|DEMON|54.5|OVER,10068052,Luka Dončić,LAL,PRA,PTS+REBS+ASTS,1,54.5,OVER,DEMON,1,0,54.5,0,0,demon,2026-02-24T22:40:00.000-05:00,2026-02-23T12:01:38.981000+00:00
10068050|Luka Dončić|PR|GOBLIN|34.5|OVER,10068050,Luka Dončić,LAL,PR,PTS+REBS,1,34.5,OVER,GOBLIN,1,0,34.5,0,0,goblin,2026-02-24T22:40:00.000-05:00,2026-02-23T11:57:06.342000+00:00
10068062|Paolo Banchero|PRA|DEMON|44.5|OVER,10068062,Paolo Banchero,ORL,PRA,PTS+REBS+ASTS,1,44.5,OVER,DEMON,1,0,44.5,0,0,demon,2026-02-24T22:40:00.000-05:00,2026-02-23T11:52:37.941000+00:00
10068037|LeBron James|PR|GOBLIN|19.5|OVER,10068037,LeBron James,LAL,PR,PTS+REBS,1,19.5,OVER,GOBLIN,1,0,19.5,0,0,goblin,2026-02-24T22:40:00.000-05:00,2026-02-23T11:48:15.520000+00:00
10068022|Desmond Bane|PA|GOBLIN|19.5|OVER,10068022,Desmond Bane,ORL,PA,PTS+ASTS,1,19.5,OVER,GOBLIN,1,0,19.5,0,0,goblin,2026-02-24T22:40:00.000-05:00,2026-02-23T11:29:58.656000+00:00
10068054|Luka Dončić|PRA|GOBLIN|39.5|OVER,10068054,Luka Dončić,LAL,PRA,PTS+REBS+ASTS,1,39.5,OVER,GOBLIN,1,0,39.5,0,0,goblin,2026-02-24T22:40:00.000-05:00,2026-02-23T11:22:35.093000+00:00
10068025|Desmond Bane|PR|GOBLIN|19.5|OVER,10068025,Desmond Bane,ORL,PR,PTS+REBS,1,19.5,OVER,GOBLIN,1,0,19.5,0,0,goblin,2026-02-24T22:40:00.000-05:00,2026-02-23T11:10:23.105000+00:00
10065822|Collin Gillespie|REB|GOBLIN|3.5|OVER,10065822,Collin Gillespie,PHX,REB,REBOUNDS,1,3.5,OVER,GOBLIN,1,0,3.5,0,0,goblin,2026-02-24T21:10:00.000-05:00,2026-02-23T11:08:27.320000+00:00
10068029|Desmond Bane|PRA|GOBLIN|24.5|OVER,10068029,Desmond Bane,ORL,PRA,PTS+REBS+ASTS,1,24.5,OVER,GOBLIN,1,0,24.5,0,0,goblin,2026-02-24T22:40:00.000-05:00,2026-02-23T11:07:31.089000+00:00
10068020|Desmond Bane|PA|DEMON|29.5|OVER,10068020,Desmond Bane,ORL,PA,PTS+ASTS,1,29.5,OVER,DEMON,1,0,29.5,0,0,demon,2026-02-24T22:40:00.000-05:00,2026-02-23T11:06:51.341000+00:00
10068040|LeBron James|PRA|GOBLIN|24.5|OVER,10068040,LeBron James,LAL,PRA,PTS+REBS+ASTS,1,24.5,OVER,GOBLIN,1,0,24.5,0,0,goblin,2026-02-24T22:40:00.000-05:00,2026-02-23T11:02:34.173000+00:00
10065674|Anthony Black|FG3M|DEMON|2.5|OVER,10065674,Anthony Black,ORL,FG3M,3-PT MADE,1,2.5,OVER,DEMON,1,0,2.5,0,0,demon,2026-02-24T22:40:00.000-05:00,2026-02-23T10:59:54.571000+00:00
10068043|Luka Dončić|PA|DEMON|44.5|OVER,10068043,Luka Dončić,LAL,PA,PTS+ASTS,1,44.5,OVER,DEMON,1,0,44.5,0,0,demon,2026-02-24T22:40:00.000-05:00,2026-02-23T10:59:26.971000+00:00
10068038|LeBron James|PRA|DEMON|34.5|OVER,10068038,LeBron James,LAL,PRA,PTS+REBS+ASTS,1,34.5,OVER,DEMON,1,0,34.5,0,0,demon,2026-02-24T22:40:00.000-05:00,2026-02-23T10:54:06.455000+00:00
10068048|Luka Dončić|PR|DEMON|49.5|OVER,10068048,Luka Dončić,LAL,PR,PTS+REBS,1,49.5,OVER,DEMON,1,0,49.5,0,0,demon,2026-02-24T22:40:00.000-05:00,2026-02-23T10:38:26.128000+00:00
10068036|LeBron James|PR|DEMON|34.5|OVER,10068036,LeBron James,LAL,PR,PTS+REBS,1,34.5,OVER,DEMON,1,0,34.5,0,0,demon,2026-02-24T22:40:00.000-05:00,2026-02-23T10:38:24.762000+00:00
10068004|Anthony Black|PR|DEMON|29.5|OVER,10068004,Anthony Black,ORL,PR,PTS+REBS,1,29.5,OVER,DEMON,1,0,29.5,0,0,demon,2026-02-24T22:40:00.000-05:00,2026-02-23T10:38:21.028000+00:00
10065741|Luka Dončić|AST|DEMON|8.5|OVER,10065741,Luka Dončić,LAL,AST,ASSISTS,1,8.5,OVER,DEMON,1,0,8.5,0,0,demon,2026-02-24T22:40:00.000-05:00,2026-02-23T10:14:10.993000+00:00
10065754|Luka Dončić|REB|GOBLIN|6.5|OVER,10065754,Luka Dončić,LAL,REB,REBOUNDS,1,6.5,OVER,GOBLIN,1,0,6.5,0,0,goblin,2026-02-24T22:40:00.000-05:00,2026-02-23T10:00:07.697000+00:00
10065740|Luka Dončić|AST|DEMON|9.5|OVER,10065740,Luka Dončić,LAL,AST,ASSISTS,1,9.5,OVER,DEMON,1,0,9.5,0,0,demon,2026-02-24T22:40:00.000-05:00,2026-02-23T09:51:26.549000+00:00
10065853|Jalen Green|REB|DEMON|5.5|OVER,10065853,Jalen Green,PHX,REB,REBOUNDS,1,5.5,OVER,DEMON,1,0,5.5,0,0,demon,2026-02-24T21:10:00.000-05:00,2026-02-23T09:37:31.825000+00:00
10065677|Anthony Black|AST|GOBLIN|3.5|OVER,10065677,Anthony Black,ORL,AST,ASSISTS,1,3.5,OVER,GOBLIN,1,0,3.5,0,0,goblin,2026-02-24T22:40:00.000-05:00,2026-02-23T09:21:57.480000+00:00
10065716|Desmond Bane|REB|DEMON|5.5|OVER,10065716,Desmond Bane,ORL,REB,REBOUNDS,1,5.5,OVER,DEMON,1,0,5.5,0,0,demon,2026-02-24T22:40:00.000-05:00,2026-02-23T09:19:02.641000+00:00
10065696|Austin Reaves|PTS|GOBLIN|19.5|OVER,10065696,Austin Reaves,LAL,PTS,POINTS,1,19.5,OVER,GOBLIN,1,0,19.5,0,0,goblin,2026-02-24T22:40:00.000-05:00,2026-02-23T09:14:58.858000+00:00
10065676|Anthony Black|AST|DEMON|5.5|OVER,10065676,Anthony Black,ORL,AST,ASSISTS,1,5.5,OVER,DEMON,1,0,5.5,0,0,demon,2026-02-24T22:40:00.000-05:00,2026-02-23T08:50:26.979000+00:00
10065841|Jalen Green|FG3M|DEMON|3.5|OVER,10065841,Jalen Green,PHX,FG3M,3-PT MADE,1,3.5,OVER,DEMON,1,0,3.5,0,0,demon,2026-02-24T21:10:00.000-05:00,2026-02-23T08:39:40.637000+00:00
10065768|Paolo Banchero|REB|DEMON|9.5|OVER,10065768,Paolo Banchero,ORL,REB,REBOUNDS,1,9.5,OVER,DEMON,1,0,9.5,0,0,demon,2026-02-24T22:40:00.000-05:00,2026-02-23T08:37:19.953000+00:00
10065810|Collin Gillespie|FG3M|GOBLIN|2.5|OVER,10065810,Collin Gillespie,PHX,FG3M,3-PT MADE,1,2.5,OVER,GOBLIN,1,0,2.5,0,0,goblin,2026-02-24T21:10:00.000-05:00,2026-02-23T08:13:11.291000+00:00
10065880|Mark Williams|REB|DEMON|9.5|OVER,10065880,Mark Williams,PHX,REB,REBOUNDS,1,9.5,OVER,DEMON,1,0,9.5,0,0,demon,2026-02-24T21:10:00.000-05:00,2026-02-23T08:10:50.709000+00:00
10065760|Paolo Banchero|AST|GOBLIN|3.5|OVER,10065760,Paolo Banchero,ORL,AST,ASSISTS,1,3.5,OVER,GOBLIN,1,0,3.5,0,0,goblin,2026-02-24T22:40:00.000-05:00,2026-02-23T08:04:38.900000+00:00
10065843|Jalen Green|FG3M|GOBLIN|1.5|OVER,10065843,Jalen Green,PHX,FG3M,3-PT MADE,1,1.5,OVER,GOBLIN,1,0,1.5,0,0,goblin,2026-02-24T21:10:00.000-05:00,2026-02-23T07:56:45.212000+00:00
10065745|Luka Dončić|PTS|DEMON|39.5|OVER,10065745,Luka Dončić,LAL,PTS,POINTS,1,39.5,OVER,DEMON,1,0,39.5,0,0,demon,2026-02-24T22:40:00.000-05:00,2026-02-23T07:54:58.824000+00:00
10065738|Luka Dončić|FG3M|DEMON|5.5|OVER,10065738,Luka Dončić,LAL,FG3M,3-PT MADE,1,5.5,OVER,DEMON,1,0,5.5,0,0,demon,2026-02-24T22:40:00.000-05:00,2026-02-23T07:54:47.222000+00:00
10065701|Austin Reaves|REB|DEMON|7.5|OVER,10065701,Austin Reaves,LAL,REB,REBOUNDS,1,7.5,OVER,DEMON,1,0,7.5,0,0,demon,2026-02-24T22:40:00.000-05:00,2026-02-23T07:54:47.209000+00:00
10065718|Desmond Bane|REB|GOBLIN|3.5|OVER,10065718,Desmond Bane,ORL,REB,REBOUNDS,1,3.5,OVER,GOBLIN,1,0,3.5,0,0,goblin,2026-02-24T22:40:00.000-05:00,2026-02-23T07:54:43.292000+00:00
10065690|Austin Reaves|AST|DEMON|5.5|OVER,10065690,Austin Reaves,LAL,AST,ASSISTS,1,5.5,OVER,DEMON,1,0,5.5,0,0,demon,2026-02-24T22:40:00.000-05:00,2026-02-23T07:53:59.267000+00:00
10065702|Austin Reaves|REB|GOBLIN|3.5|OVER,10065702,Austin Reaves,LAL,REB,REBOUNDS,1,3.5,OVER,GOBLIN,1,0,3.5,0,0,goblin,2026-02-24T22:40:00.000-05:00,2026-02-23T07:53:41.609000+00:00
10065875|Mark Williams|PTS|DEMON|14.5|OVER,10065875,Mark Williams,PHX,PTS,POINTS,1,14.5,OVER,DEMON,1,0,14.5,0,0,demon,2026-02-24T21:10:00.000-05:00,2026-02-23T07:51:25.786000+00:00
10065733|LeBron James|REB|DEMON|7.5|OVER,10065733,LeBron James,LAL,REB,REBOUNDS,1,7.5,OVER,DEMON,1,0,7.5,0,0,demon,2026-02-24T22:40:00.000-05:00,2026-02-23T07:50:59.046000+00:00
10065753|Luka Dončić|REB|GOBLIN|5.5|OVER,10065753,Luka Dončić,LAL,REB,REBOUNDS,1,5.5,OVER,GOBLIN,1,0,5.5,0,0,goblin,2026-02-24T22:40:00.000-05:00,2026-02-23T07:36:31.660000+00:00
10065881|Mark Williams|REB|DEMON|11.5|OVER,10065881,Mark Williams,PHX,REB,REBOUNDS,1,11.5,OVER,DEMON,1,0,11.5,0,0,demon,2026-02-24T21:10:00.000-05:00,2026-02-23T07:36:17.866000+00:00
10065751|Luka Dončić|REB|DEMON|9.5|OVER,10065751,Luka Dončić,LAL,REB,REBOUNDS,1,9.5,OVER,DEMON,1,0,9.5,0,0,demon,2026-02-24T22:40:00.000-05:00,2026-02-23T07:36:17.850000+00:00
10065687|Austin Reaves|FG3M|DEMON|2.5|OVER,10065687,Austin Reaves,LAL,FG3M,3-PT MADE,1,2.5,OVER,DEMON,1,0,2.5,0,0,demon,2026-02-24T22:40:00.000-05:00,2026-02-23T07:32:50.278000+00:00
10065723|LeBron James|AST|DEMON|9.5|OVER,10065723,LeBron James,LAL,AST,ASSISTS,1,9.5,OVER,DEMON,1,0,9.5,0,0,demon,2026-02-24T22:40:00.000-05:00,2026-02-23T07:32:48.510000+00:00
10065678|Anthony Black|PTS|DEMON|19.5|OVER,10065678,Anthony Black,ORL,PTS,POINTS,1,19.5,OVER,DEMON,1,0,19.5,0,0,demon,2026-02-24T22:40:00.000-05:00,2026-02-23T07:32:20.032000+00:00
10065845|Jalen Green|AST|DEMON|5.5|OVER,10065845,Jalen Green,PHX,AST,ASSISTS,1,5.5,OVER,DEMON,1,0,5.5,0,0,demon,2026-02-24T21:10:00.000-05:00,2026-02-23T07:30:00.267000+00:00
10065769|Paolo Banchero|REB|DEMON|11.5|OVER,10065769,Paolo Banchero,ORL,REB,REBOUNDS,1,11.5,OVER,DEMON,1,0,11.5,0,0,demon,2026-02-24T22:40:00.000-05:00,2026-02-23T07:27:15.738000+00:00
10065710|Desmond Bane|PTS|DEMON|29.5|OVER,10065710,Desmond Bane,ORL,PTS,POINTS,1,29.5,OVER,DEMON,1,0,29.5,0,0,demon,2026-02-24T22:40:00.000-05:00,2026-02-23T07:25:58.506000+00:00
10065764|Paolo Banchero|PTS|GOBLIN|19.5|OVER,10065764,Paolo Banchero,ORL,PTS,POINTS,1,19.5,OVER,GOBLIN,1,0,19.5,0,0,goblin,2026-02-24T22:40:00.000-05:00,2026-02-23T07:25:43.564000+00:00
10065844|Jalen Green|FG3M|GOBLIN|2.5|OVER,10065844,Jalen Green,PHX,FG3M,3-PT MADE,1,2.5,OVER,GOBLIN,1,0,2.5,0,0,goblin,2026-02-24T21:10:00.000-05:00,2026-02-23T07:24:08.049000+00:00
10065721|LeBron James|FG3M|DEMON|2.5|OVER,10065721,LeBron James,LAL,FG3M,3-PT MADE,1,2.5,OVER,DEMON,1,0,2.5,0,0,demon,2026-02-24T22:40:00.000-05:00,2026-02-23T07:23:01.442000+00:00
10065735|LeBron James|REB|GOBLIN|3.5|OVER,10065735,LeBron James,LAL,REB,REBOUNDS,1,3.5,OVER,GOBLIN,1,0,3.5,0,0,goblin,2026-02-24T22:40:00.000-05:00,2026-02-23T07:22:52.434000+00:00
10065807|Collin Gillespie|FG3M|DEMON|4.5|OVER,10065807,Collin Gillespie,PHX,FG3M,3-PT MADE,1,4.5,OVER,DEMON,1,0,4.5,0,0,demon,2026-02-24T21:10:00.000-05:00,2026-02-23T07:22:12.148000+00:00
10065705|Desmond Bane|FG3M|DEMON|4.5|OVER,10065705,Desmond Bane,ORL,FG3M,3-PT MADE,1,4.5,OVER,DEMON,1,0,4.5,0,0,demon,2026-02-24T22:40:00.000-05:00,2026-02-23T07:22:12.137000+00:00
10065692|Austin Reaves|AST|GOBLIN|3.5|OVER,10065692,Austin Reaves,LAL,AST,ASSISTS,1,3.5,OVER,GOBLIN,1,0,3.5,0,0,goblin,2026-02-24T22:40:00.000-05:00,2026-02-23T07:22:03.149000+00:00
10065747|Luka Dončić|PTS|GOBLIN|24.5|OVER,10065747,Luka Dončić,LAL,PTS,POINTS,1,24.5,OVER,GOBLIN,1,0,24.5,0,0,goblin,2026-02-24T22:40:00.000-05:00,2026-02-23T07:18:31.855000+00:00
10065689|Austin Reaves|FG3M|GOBLIN|1.5|OVER,10065689,Austin Reaves,LAL,FG3M,3-PT MADE,1,1.5,OVER,GOBLIN,1,0,1.5,0,0,goblin,2026-02-24T22:40:00.000-05:00,2026-02-23T07:18:28.414000+00:00
10065727|LeBron James|PTS|DEMON|24.5|OVER,10065727,LeBron James,LAL,PTS,POINTS,1,24.5,OVER,DEMON,1,0,24.5,0,0,demon,2026-02-24T22:40:00.000-05:00,2026-02-23T07:16:56.316000+00:00
10065743|Luka Dončić|AST|GOBLIN|7.5|OVER,10065743,Luka Dončić,LAL,AST,ASSISTS,1,7.5,OVER,GOBLIN,1,0,7.5,0,0,goblin,2026-02-24T22:40:00.000-05:00,2026-02-23T07:16:47.527000+00:00
10065706|Desmond Bane|FG3M|GOBLIN|1.5|OVER,10065706,Desmond Bane,ORL,FG3M,3-PT MADE,1,1.5,OVER,GOBLIN,1,0,1.5,0,0,goblin,2026-02-24T22:40:00.000-05:00,2026-02-23T07:16:16.821000+00:00
10065720|LeBron James|FG3M|DEMON|1.5|OVER,10065720,LeBron James,LAL,FG3M,3-PT MADE,1,1.5,OVER,DEMON,1,0,1.5,0,0,demon,2026-02-24T22:40:00.000-05:00,2026-02-23T07:15:23.459000+00:00
10065744|Luka Dončić|PTS|DEMON|34.5|OVER,10065744,Luka Dončić,LAL,PTS,POINTS,1,34.5,OVER,DEMON,1,0,34.5,0,0,demon,2026-02-24T22:40:00.000-05:00,2026-02-23T07:15:09.924000+00:00
10065700|Austin Reaves|REB|DEMON|5.5|OVER,10065700,Austin Reaves,LAL,REB,REBOUNDS,1,5.5,OVER,DEMON,1,0,5.5,0,0,demon,2026-02-24T22:40:00.000-05:00,2026-02-23T07:14:57.374000+00:00
10065755|Paolo Banchero|FG3M|DEMON|1.5|OVER,10065755,Paolo Banchero,ORL,FG3M,3-PT MADE,1,1.5,OVER,DEMON,1,0,1.5,0,0,demon,2026-02-24T22:40:00.000-05:00,2026-02-23T07:13:22.167000+00:00
10065704|Desmond Bane|FG3M|DEMON|3.5|OVER,10065704,Desmond Bane,ORL,FG3M,3-PT MADE,1,3.5,OVER,DEMON,1,0,3.5,0,0,demon,2026-02-24T22:40:00.000-05:00,2026-02-23T07:12:58.402000+00:00
10065813|Collin Gillespie|PTS|DEMON|19.5|OVER,10065813,Collin Gillespie,PHX,PTS,POINTS,1,19.5,OVER,DEMON,1,0,19.5,0,0,demon,2026-02-24T21:10:00.000-05:00,2026-02-23T07:12:57.945000+00:00
10065724|LeBron James|AST|DEMON|7.5|OVER,10065724,LeBron James,LAL,AST,ASSISTS,1,7.5,OVER,DEMON,1,0,7.5,0,0,demon,2026-02-24T22:40:00.000-05:00,2026-02-23T07:12:56.544000+00:00
10065722|LeBron James|FG3M|GOBLIN|0.5|OVER,10065722,LeBron James,LAL,FG3M,3-PT MADE,1,0.5,OVER,GOBLIN,1,0,0.5,0,0,goblin,2026-02-24T22:40:00.000-05:00,2026-02-23T07:12:35.180000+00:00
10065712|Desmond Bane|PTS|GOBLIN|14.5|OVER,10065712,Desmond Bane,ORL,PTS,POINTS,1,14.5,OVER,GOBLIN,1,0,14.5,0,0,goblin,2026-02-24T22:40:00.000-05:00,2026-02-23T07:05:30.891000+00:00
10065758|Paolo Banchero|AST|DEMON|5.5|OVER,10065758,Paolo Banchero,ORL,AST,ASSISTS,1,5.5,OVER,DEMON,1,0,5.5,0,0,demon,2026-02-24T22:40:00.000-05:00,2026-02-23T07:05:23.289000+00:00
10065737|Luka Dončić|FG3M|DEMON|4.5|OVER,10065737,Luka Dončić,LAL,FG3M,3-PT MADE,1,4.5,OVER,DEMON,1,0,4.5,0,0,demon,2026-02-24T22:40:00.000-05:00,2026-02-23T07:04:44.229000+00:00
10065821|Collin Gillespie|REB|DEMON|7.5|OVER,10065821,Collin Gillespie,PHX,REB,REBOUNDS,1,7.5,OVER,DEMON,1,0,7.5,0,0,demon,2026-02-24T21:10:00.000-05:00,2026-02-23T07:04:36.201000+00:00
10065709|Desmond Bane|PTS|DEMON|24.5|OVER,10065709,Desmond Bane,ORL,PTS,POINTS,1,24.5,OVER,DEMON,1,0,24.5,0,0,demon,2026-02-24T22:40:00.000-05:00,2026-02-23T07:03:02.224000+00:00
10065761|Paolo Banchero|PTS|DEMON|24.5|OVER,10065761,Paolo Banchero,ORL,PTS,POINTS,1,24.5,OVER,DEMON,1,0,24.5,0,0,demon,2026-02-24T22:40:00.000-05:00,2026-02-23T07:02:56.792000+00:00
10065693|Austin Reaves|PTS|DEMON|24.5|OVER,10065693,Austin Reaves,LAL,PTS,POINTS,1,24.5,OVER,DEMON,1,0,24.5,0,0,demon,2026-02-24T22:40:00.000-05:00,2026-02-23T07:02:56.782000+00:00
10065725|LeBron James|AST|GOBLIN|5.5|OVER,10065725,LeBron James,LAL,AST,ASSISTS,1,5.5,OVER,GOBLIN,1,0,5.5,0,0,goblin,2026-02-24T22:40:00.000-05:00,2026-02-23T07:02:34.122000+00:00
10065757|Paolo Banchero|FG3M|GOBLIN|0.5|OVER,10065757,Paolo Banchero,ORL,FG3M,3-PT MADE,1,0.5,OVER,GOBLIN,1,0,0.5,0,0,goblin,2026-02-24T22:40:00.000-05:00,2026-02-23T06:59:46.791000+00:00
10065739|Luka Dončić|FG3M|GOBLIN|2.5|OVER,10065739,Luka Dončić,LAL,FG3M,3-PT MADE,1,2.5,OVER,GOBLIN,1,0,2.5,0,0,goblin,2026-02-24T22:40:00.000-05:00,2026-02-23T06:59:46.784000+00:00
